2022/07/06,0931,10.37,10.39,10.00,10.03,415600,4265060.00
2022/07/06,0932,10.03,10.19,10.00,10.19,92100,931487.56
2022/07/06,0933,10.20,10.20,10.02,10.06,31500,318025.97
2022/07/06,0934,10.10,10.30,10.02,10.05,157800,1603021.75
2022/07/06,0935,10.05,10.17,10.05,10.10,41800,421511.06
2022/07/06,0936,10.10,10.12,10.07,10.08,36500,367932.16
2022/07/06,0937,10.10,10.11,10.09,10.10,18900,190829.50
2022/07/06,0938,10.10,10.14,10.10,10.13,20900,211431.09
2022/07/06,0939,10.11,10.13,10.10,10.10,32800,331504.59
2022/07/06,0940,10.10,10.12,10.10,10.11,26900,272268.81
2022/07/06,0941,10.10,10.12,10.10,10.12,37400,377500.69
2022/07/06,0942,10.11,10.12,10.10,10.11,25100,254520.63
2022/07/06,0943,10.10,10.11,10.10,10.11,29600,298777.00
2022/07/06,0944,10.11,10.11,10.10,10.10,28600,289585.16
2022/07/06,0945,10.10,10.11,10.10,10.10,36700,370266.13
2022/07/06,0946,10.10,10.11,10.08,10.08,21500,217340.41
2022/07/06,0947,10.08,10.09,10.08,10.08,28200,284004.75
2022/07/06,0948,10.08,10.08,10.06,10.08,20500,207215.91
2022/07/06,0949,10.07,10.08,10.05,10.05,39200,394119.16
2022/07/06,0950,10.06,10.06,10.01,10.01,62600,627580.69
2022/07/06,0951,10.03,10.03,10.00,10.00,62400,624512.94
2022/07/06,0952,10.00,10.01,10.00,10.00,59500,595454.38
2022/07/06,0953,10.01,10.01,9.99,10.00,56800,567841.75
2022/07/06,0954,9.99,10.01,9.99,10.01,44600,445254.88
2022/07/06,0955,10.01,10.01,9.98,9.99,60000,599599.50
2022/07/06,0956,9.99,10.00,9.99,9.99,46500,464760.00
2022/07/06,0957,9.99,10.00,9.99,9.99,13300,133370.50
2022/07/06,0958,9.99,10.00,9.99,9.99,35700,356288.88
2022/07/06,0959,9.98,9.99,9.98,9.98,20800,207856.50
2022/07/06,1000,9.98,9.99,9.97,9.97,28000,280139.94
2022/07/06,1001,9.97,9.97,9.90,9.92,39400,391181.94
2022/07/06,1002,9.91,9.91,9.90,9.90,34500,342309.38
2022/07/06,1003,9.90,9.92,9.90,9.91,40200,397652.63
2022/07/06,1004,9.91,9.92,9.91,9.92,29100,288971.16
2022/07/06,1005,9.92,9.93,9.91,9.91,10000,98851.36
2022/07/06,1006,9.92,9.92,9.90,9.90,44200,438301.28
2022/07/06,1007,9.90,9.92,9.90,9.90,26100,258571.06
2022/07/06,1008,9.90,9.90,9.87,9.87,62900,621214.50
2022/07/06,1009,9.86,9.86,9.85,9.85,25200,248886.50
2022/07/06,1010,9.85,9.85,9.83,9.84,32900,323326.13
2022/07/06,1011,9.84,9.85,9.83,9.83,38900,383198.91
2022/07/06,1012,9.83,9.85,9.83,9.84,42200,414574.50
2022/07/06,1013,9.85,9.86,9.84,9.86,32000,315624.44
2022/07/06,1014,9.85,9.86,9.85,9.86,15200,149751.00
2022/07/06,1015,9.85,9.87,9.85,9.87,5700,56205.68
2022/07/06,1016,9.87,9.88,9.86,9.87,11200,110023.48
2022/07/06,1017,9.86,9.88,9.86,9.87,6800,67133.00
2022/07/06,1018,9.87,9.87,9.86,9.86,8100,80408.06
2022/07/06,1019,9.86,9.87,9.86,9.86,4200,41435.00
2022/07/06,1020,9.87,9.88,9.86,9.88,9000,89126.64
2022/07/06,1021,9.86,9.88,9.86,9.88,2800,26915.38
2022/07/06,1022,9.89,9.89,9.87,9.89,6400,63220.00
2022/07/06,1023,9.89,9.90,9.89,9.90,5400,53438.00
2022/07/06,1024,9.90,9.93,9.90,9.92,5900,58760.04
2022/07/06,1025,9.94,10.00,9.94,10.00,21200,211972.00
2022/07/06,1026,10.00,10.04,10.00,10.04,10000,100120.83
2022/07/06,1027,10.05,10.09,10.05,10.09,17500,175922.64
2022/07/06,1028,10.09,10.15,10.09,10.13,18100,183028.09
2022/07/06,1029,10.15,10.17,10.14,10.17,17500,178099.95
2022/07/06,1030,10.17,10.19,10.17,10.19,11300,114789.77
2022/07/06,1031,10.19,10.20,10.19,10.20,20800,211928.19
2022/07/06,1032,10.20,10.20,10.17,10.17,16200,164763.59
2022/07/06,1033,10.17,10.17,10.14,10.14,17800,180605.36
2022/07/06,1034,10.14,10.14,10.13,10.13,11500,117097.72
2022/07/06,1035,10.12,10.12,10.07,10.07,3700,36962.55
2022/07/06,1036,10.04,10.09,10.03,10.03,12000,120796.21
2022/07/06,1037,10.03,10.03,10.02,10.03,4400,44107.00
2022/07/06,1038,10.03,10.04,10.03,10.03,13300,134109.98
2022/07/06,1039,10.03,10.03,10.00,10.00,18900,188379.95
2022/07/06,1040,10.00,10.00,10.00,10.00,5300,53009.68
2022/07/06,1041,10.00,10.00,9.99,9.99,1700,17384.00
2022/07/06,1042,9.99,10.00,9.99,9.99,6900,68575.39
2022/07/06,1043,10.00,10.00,9.97,9.97,3900,39331.61
2022/07/06,1044,9.97,9.97,9.93,9.95,4900,48759.00
2022/07/06,1045,9.95,9.97,9.94,9.97,8000,79323.78
2022/07/06,1046,9.93,9.93,9.92,9.92,3400,33756.00
2022/07/06,1047,9.93,9.93,9.92,9.92,1800,17863.00
2022/07/06,1048,9.93,9.94,9.93,9.94,1900,19089.68
2022/07/06,1049,9.94,9.98,9.94,9.98,7300,72352.44
2022/07/06,1050,9.98,9.99,9.98,9.99,2300,22970.00
2022/07/06,1051,10.00,10.00,9.99,10.00,1800,17998.00
2022/07/06,1052,10.00,10.04,10.00,10.02,6500,65101.12
2022/07/06,1053,10.01,10.01,9.99,9.99,7000,70587.30
2022/07/06,1054,9.99,10.00,9.99,10.00,5400,54293.12
2022/07/06,1055,10.00,10.00,9.99,10.00,6900,68572.00
2022/07/06,1056,9.99,10.00,9.98,9.98,3400,33463.97
2022/07/06,1057,9.98,9.98,9.95,9.95,2100,21677.74
2022/07/06,1058,9.95,9.97,9.95,9.97,5900,58440.77
2022/07/06,1059,9.97,9.98,9.97,9.98,1200,11965.00
2022/07/06,1100,9.97,9.98,9.97,9.98,1100,10971.00
2022/07/06,1101,9.97,9.99,9.96,9.96,4500,44397.63
2022/07/06,1102,9.96,9.97,9.96,9.97,800,7972.00
2022/07/06,1103,9.98,9.99,9.98,9.99,3200,31963.00
2022/07/06,1104,9.99,10.00,9.99,10.00,6500,65368.58
2022/07/06,1105,9.99,10.00,9.99,9.99,1000,10491.00
2022/07/06,1106,9.99,9.99,9.99,9.99,3000,29550.42
2022/07/06,1107,9.98,9.99,9.97,9.98,3200,31956.00
2022/07/06,1108,9.98,9.98,9.97,9.97,9300,92780.00
2022/07/06,1109,9.98,9.98,9.97,9.97,2000,19741.60
2022/07/06,1110,9.97,9.97,9.96,9.96,1700,16940.00
2022/07/06,1111,9.97,9.97,9.97,9.97,200,2193.40
2022/07/06,1112,9.98,9.98,9.97,9.97,1700,16959.00
2022/07/06,1113,9.96,9.96,9.95,9.96,4700,46806.82
2022/07/06,1114,9.95,9.96,9.95,9.96,4400,43797.00
2022/07/06,1115,9.97,9.97,9.96,9.96,1300,12594.08
2022/07/06,1116,9.95,9.95,9.95,9.95,2000,19905.00
2022/07/06,1117,9.97,9.97,9.96,9.96,1000,10325.56
2022/07/06,1118,9.98,9.99,9.98,9.99,1600,15970.00
2022/07/06,1119,9.98,9.98,9.98,9.98,500,4990.00
2022/07/06,1120,9.98,9.98,9.98,9.98,0,0.00
2022/07/06,1121,9.99,9.99,9.98,9.98,1600,15970.00
2022/07/06,1122,9.98,9.98,9.98,9.98,1100,10978.00
2022/07/06,1123,9.98,9.98,9.98,9.98,1000,9980.00
2022/07/06,1124,9.99,9.99,9.98,9.98,2300,22974.00
2022/07/06,1125,9.99,9.99,9.99,9.99,700,7412.58
2022/07/06,1126,9.99,10.00,9.99,10.00,2600,25512.00
2022/07/06,1127,9.99,10.00,9.99,10.00,3500,35085.00
2022/07/06,1128,9.98,9.98,9.98,9.98,9600,95870.58
2022/07/06,1129,9.99,9.99,9.96,9.96,3700,37122.60
2022/07/06,1130,9.98,9.98,9.98,9.98,5200,51696.40
2022/07/06,1301,9.99,10.00,9.98,9.98,22900,228697.00
2022/07/06,1302,9.98,9.99,9.98,9.99,500,4992.00
2022/07/06,1303,10.00,10.00,10.00,10.00,1500,14900.00
2022/07/06,1304,10.00,10.00,9.99,9.99,10900,108893.00
2022/07/06,1305,9.98,9.98,9.98,9.98,10200,101766.05
2022/07/06,1306,9.98,9.98,9.97,9.98,1000,10267.42
2022/07/06,1307,9.98,9.98,9.97,9.97,4000,39481.82
2022/07/06,1308,9.97,9.98,9.97,9.97,7800,78358.26
2022/07/06,1309,9.96,9.96,9.95,9.95,16100,160236.66
2022/07/06,1310,9.96,9.96,9.94,9.94,12000,119424.85
2022/07/06,1311,9.94,9.95,9.94,9.95,6200,61642.00
2022/07/06,1312,9.94,9.95,9.94,9.94,6100,60653.00
2022/07/06,1313,9.94,9.95,9.94,9.95,1400,13924.00
2022/07/06,1314,9.95,9.96,9.95,9.95,1200,11942.00
2022/07/06,1315,9.96,9.96,9.95,9.95,2600,25872.00
2022/07/06,1316,9.95,9.96,9.95,9.96,6200,61450.20
2022/07/06,1317,9.96,9.97,9.96,9.96,2400,23914.00
2022/07/06,1318,9.96,9.97,9.96,9.97,3600,36259.86
2022/07/06,1319,9.97,9.97,9.97,9.97,0,0.00
2022/07/06,1320,9.96,9.96,9.96,9.96,400,3984.00
2022/07/06,1321,9.97,9.97,9.96,9.97,3900,38395.44
2022/07/06,1322,9.97,9.97,9.97,9.97,1800,17946.00
2022/07/06,1323,9.97,9.97,9.97,9.97,5600,55832.00
2022/07/06,1324,9.98,9.98,9.97,9.97,4700,47022.72
2022/07/06,1325,9.97,9.98,9.97,9.97,4700,46891.00
2022/07/06,1326,9.97,9.97,9.97,9.97,2200,21934.00
2022/07/06,1327,9.97,9.97,9.97,9.97,600,5982.00
2022/07/06,1328,9.97,9.99,9.97,9.99,6900,68868.72
2022/07/06,1329,9.97,9.99,9.97,9.99,13400,133832.00
2022/07/06,1330,9.98,9.98,9.98,9.98,2400,23952.00
2022/07/06,1331,9.98,9.99,9.97,9.99,5100,50908.02
2022/07/06,1332,9.98,9.98,9.98,9.98,1300,12544.86
2022/07/06,1333,9.98,9.98,9.98,9.98,1600,16395.14
2022/07/06,1334,9.98,9.99,9.97,9.99,5000,49901.57
2022/07/06,1335,9.99,9.99,9.97,9.98,2900,29465.94
2022/07/06,1336,9.97,9.97,9.97,9.97,1300,12961.00
2022/07/06,1337,9.97,9.97,9.97,9.97,3100,30907.00
2022/07/06,1338,9.97,9.97,9.97,9.97,1500,14955.00
2022/07/06,1339,9.97,9.98,9.97,9.97,1400,13962.00
2022/07/06,1340,9.97,9.97,9.97,9.97,1300,12961.00
2022/07/06,1341,9.97,9.98,9.97,9.97,7200,71575.92
2022/07/06,1342,9.97,9.98,9.97,9.97,7900,78877.67
2022/07/06,1343,9.96,9.97,9.96,9.96,3100,30840.16
2022/07/06,1344,9.95,9.95,9.95,9.95,1200,11940.00
2022/07/06,1345,9.95,9.96,9.94,9.94,22100,219305.36
2022/07/06,1346,9.94,9.94,9.93,9.93,26100,259262.58
2022/07/06,1347,9.93,9.93,9.92,9.92,10600,105730.57
2022/07/06,1348,9.92,9.93,9.92,9.92,11100,110030.80
2022/07/06,1349,9.92,9.92,9.92,9.92,10200,101187.00
2022/07/06,1350,9.92,9.92,9.92,9.92,4300,42661.00
2022/07/06,1351,9.93,9.93,9.92,9.93,5100,50241.73
2022/07/06,1352,9.93,9.93,9.93,9.93,2800,28191.27
2022/07/06,1353,9.92,9.92,9.92,9.92,5300,52576.00
2022/07/06,1354,9.92,9.92,9.91,9.92,6700,66453.50
2022/07/06,1355,9.92,9.92,9.91,9.91,5300,52565.00
2022/07/06,1356,9.93,9.93,9.91,9.91,17400,172133.78
2022/07/06,1357,9.92,9.92,9.91,9.91,9800,97124.00
2022/07/06,1358,9.91,9.91,9.90,9.90,13900,138143.06
2022/07/06,1359,9.90,9.92,9.90,9.90,8300,82192.00
2022/07/06,1400,9.90,9.91,9.90,9.91,5900,58034.00
2022/07/06,1401,9.91,9.92,9.90,9.90,6100,60961.81
2022/07/06,1402,9.91,9.91,9.90,9.91,9600,95107.00
2022/07/06,1403,9.91,9.91,9.90,9.90,6700,66317.20
2022/07/06,1404,9.90,9.90,9.89,9.89,6500,64568.80
2022/07/06,1405,9.89,9.90,9.89,9.90,3700,36394.20
2022/07/06,1406,9.90,9.91,9.90,9.91,1400,13861.00
2022/07/06,1407,9.90,9.91,9.89,9.89,6000,59126.30
2022/07/06,1408,9.89,9.92,9.89,9.92,12500,124253.80
2022/07/06,1409,9.92,9.93,9.91,9.91,8300,81592.92
2022/07/06,1410,9.91,9.92,9.91,9.91,7400,73344.00
2022/07/06,1411,9.91,9.91,9.91,9.91,1500,14865.00
2022/07/06,1412,9.92,9.92,9.91,9.91,5700,56493.00
2022/07/06,1413,9.91,9.92,9.90,9.90,7900,78285.14
2022/07/06,1414,9.89,9.90,9.86,9.86,48900,483082.09
2022/07/06,1415,9.86,9.88,9.85,9.85,21300,210382.52
2022/07/06,1416,9.85,9.86,9.84,9.84,30600,301548.84
2022/07/06,1417,9.86,9.86,9.84,9.84,18600,183207.09
2022/07/06,1418,9.85,9.85,9.84,9.85,24000,236198.00
2022/07/06,1419,9.84,9.85,9.83,9.85,22600,221894.31
2022/07/06,1420,9.85,9.85,9.84,9.84,12800,125950.35
2022/07/06,1421,9.84,9.88,9.84,9.86,18500,182392.00
2022/07/06,1422,9.86,9.88,9.86,9.87,10700,105969.50
2022/07/06,1423,9.87,9.89,9.87,9.89,4600,44968.50
2022/07/06,1424,9.89,9.93,9.87,9.93,18000,178426.44
2022/07/06,1425,9.93,9.94,9.87,9.87,3500,34681.30
2022/07/06,1426,9.87,9.88,9.87,9.88,800,7907.00
2022/07/06,1427,9.88,9.90,9.88,9.88,2700,26700.00
2022/07/06,1428,9.88,9.90,9.88,9.88,4000,39522.00
2022/07/06,1429,9.88,9.88,9.88,9.88,1300,12844.00
2022/07/06,1430,9.90,9.90,9.88,9.89,9100,89943.00
2022/07/06,1431,9.87,9.87,9.86,9.86,17800,175690.09
2022/07/06,1432,9.86,9.88,9.86,9.87,8000,78936.14
2022/07/06,1433,9.86,9.88,9.86,9.88,31000,305978.44
2022/07/06,1434,9.88,9.89,9.88,9.88,10600,104758.00
2022/07/06,1435,9.88,9.95,9.88,9.95,21800,215932.00
2022/07/06,1436,9.95,9.96,9.95,9.95,4900,48760.00
2022/07/06,1437,9.96,9.96,9.90,9.90,11400,113543.79
2022/07/06,1438,9.90,9.90,9.89,9.90,14600,144230.30
2022/07/06,1439,9.89,9.94,9.89,9.90,16800,166773.86
2022/07/06,1440,9.90,9.90,9.90,9.90,13900,137751.91
2022/07/06,1441,9.90,9.92,9.90,9.92,5400,53514.67
2022/07/06,1442,9.91,9.95,9.91,9.95,13500,134078.00
2022/07/06,1443,9.96,9.99,9.96,9.99,115900,1156992.75
2022/07/06,1444,9.99,10.01,9.99,10.00,12900,128789.67
2022/07/06,1445,10.00,10.01,10.00,10.00,8800,88449.39
2022/07/06,1446,10.00,10.01,10.00,10.01,7200,71825.79
2022/07/06,1447,10.01,10.02,10.01,10.02,8800,88880.75
2022/07/06,1448,10.02,10.03,10.02,10.03,14500,144543.52
2022/07/06,1449,10.02,10.03,10.00,10.00,30500,306192.97
2022/07/06,1450,10.00,10.00,9.96,9.96,67100,668777.75
2022/07/06,1451,9.96,9.96,9.94,9.96,27000,269536.69
2022/07/06,1452,9.94,9.98,9.94,9.98,28900,287065.81
2022/07/06,1453,9.97,10.03,9.97,10.03,57000,570844.50
2022/07/06,1454,10.03,10.07,10.03,10.07,21400,215181.00
2022/07/06,1455,10.07,10.14,10.07,10.09,28300,285942.31
2022/07/06,1456,10.09,10.12,10.09,10.12,28000,282955.81
2022/07/06,1457,10.12,10.12,10.09,10.09,57200,577589.00
2022/07/06,1458,10.09,10.09,10.09,10.09,200,2018.00
2022/07/06,1459,10.09,10.09,10.09,10.09,0,0.00
2022/07/06,1500,10.03,10.03,10.03,10.03,133600,1339677.00
2022/07/07,0931,9.90,9.95,9.88,9.88,79700,789789.06
2022/07/07,0932,9.88,9.88,9.82,9.83,42700,419717.44
2022/07/07,0933,9.81,9.81,9.78,9.80,64900,636417.81
2022/07/07,0934,9.80,9.83,9.77,9.78,27500,269381.06
2022/07/07,0935,9.78,9.82,9.78,9.82,18300,178769.06
2022/07/07,0936,9.80,9.86,9.80,9.84,8300,81598.00
2022/07/07,0937,9.84,9.85,9.83,9.85,13100,128998.20
2022/07/07,0938,9.84,9.85,9.84,9.85,21400,211012.95
2022/07/07,0939,9.84,9.84,9.81,9.84,17700,173352.45
2022/07/07,0940,9.81,9.81,9.80,9.81,18100,178115.98
2022/07/07,0941,9.81,9.82,9.81,9.81,4100,40231.00
2022/07/07,0942,9.82,9.84,9.82,9.84,24800,243481.16
2022/07/07,0943,9.84,9.84,9.82,9.83,2400,22911.20
2022/07/07,0944,9.82,9.84,9.82,9.83,4300,42460.77
2022/07/07,0945,9.83,9.83,9.83,9.83,3000,29490.00
2022/07/07,0946,9.85,9.85,9.83,9.84,3500,35131.80
2022/07/07,0947,9.85,9.85,9.84,9.84,5400,52936.30
2022/07/07,0948,9.84,9.85,9.80,9.80,38800,380353.97
2022/07/07,0949,9.80,9.80,9.79,9.80,10600,103492.20
2022/07/07,0950,9.80,9.84,9.80,9.84,4000,39418.40
2022/07/07,0951,9.82,9.83,9.82,9.82,2900,28486.00
2022/07/07,0952,9.82,9.83,9.82,9.83,5300,52064.00
2022/07/07,0953,9.83,9.83,9.81,9.82,3200,31395.00
2022/07/07,0954,9.82,9.82,9.82,9.82,4500,44190.00
2022/07/07,0955,9.82,9.82,9.81,9.82,2600,25523.00
2022/07/07,0956,9.81,9.82,9.81,9.81,3700,36312.00
2022/07/07,0957,9.81,9.82,9.81,9.81,1500,14717.00
2022/07/07,0958,9.81,9.82,9.81,9.82,11100,108896.00
2022/07/07,0959,9.81,9.81,9.80,9.80,7600,74519.00
2022/07/07,1000,9.80,9.81,9.80,9.81,3300,32342.00
2022/07/07,1001,9.82,9.82,9.81,9.81,1900,18655.00
2022/07/07,1002,9.81,9.82,9.81,9.81,2800,27498.18
2022/07/07,1003,9.81,9.82,9.81,9.82,1300,13286.93
2022/07/07,1004,9.84,9.84,9.83,9.84,1400,13675.70
2022/07/07,1005,9.84,9.85,9.84,9.85,1800,17723.00
2022/07/07,1006,9.85,9.85,9.84,9.84,1200,11811.00
2022/07/07,1007,9.83,9.83,9.83,9.83,4300,42367.30
2022/07/07,1008,9.82,9.83,9.82,9.83,3500,34418.28
2022/07/07,1009,9.83,9.83,9.83,9.83,100,983.00
2022/07/07,1010,9.82,9.82,9.82,9.82,2200,21602.00
2022/07/07,1011,9.83,9.83,9.82,9.82,3300,31990.48
2022/07/07,1012,9.82,9.85,9.82,9.85,4700,46780.48
2022/07/07,1013,9.85,9.85,9.82,9.82,7200,70362.40
2022/07/07,1014,9.82,9.85,9.82,9.85,700,6882.00
2022/07/07,1015,9.83,9.83,9.83,9.83,6200,60946.00
2022/07/07,1016,9.83,9.83,9.82,9.82,3000,29482.00
2022/07/07,1017,9.83,9.83,9.82,9.82,1500,14544.40
2022/07/07,1018,9.82,9.83,9.82,9.83,4900,48681.92
2022/07/07,1019,9.82,9.83,9.82,9.83,1200,11794.00
2022/07/07,1020,9.83,9.84,9.82,9.84,1500,14946.60
2022/07/07,1021,9.84,9.84,9.83,9.84,2100,20456.20
2022/07/07,1022,9.83,9.85,9.83,9.84,600,6099.80
2022/07/07,1023,9.84,9.84,9.84,9.84,300,2952.00
2022/07/07,1024,9.85,9.85,9.85,9.85,2100,20685.00
2022/07/07,1025,9.85,9.86,9.85,9.85,1500,14781.00
2022/07/07,1026,9.85,9.85,9.85,9.85,200,1970.00
2022/07/07,1027,9.86,9.86,9.86,9.86,7700,75922.00
2022/07/07,1028,9.86,9.87,9.86,9.87,1400,13808.00
2022/07/07,1029,9.86,9.87,9.86,9.87,800,7893.00
2022/07/07,1030,9.87,9.87,9.87,9.87,300,2961.00
2022/07/07,1031,9.86,9.86,9.86,9.86,600,5916.00
2022/07/07,1032,9.86,9.87,9.86,9.86,3200,31576.00
2022/07/07,1033,9.86,9.86,9.86,9.86,1700,15874.60
2022/07/07,1034,9.85,9.86,9.85,9.86,7600,74920.00
2022/07/07,1035,9.85,9.86,9.85,9.85,1000,9855.00
2022/07/07,1036,9.85,9.85,9.85,9.85,500,4925.00
2022/07/07,1037,9.85,9.85,9.85,9.85,1600,15760.00
2022/07/07,1038,9.86,9.86,9.86,9.86,400,3944.00
2022/07/07,1039,9.86,9.86,9.85,9.85,2100,20697.00
2022/07/07,1040,9.86,9.86,9.86,9.86,1500,14790.00
2022/07/07,1041,9.87,9.87,9.87,9.87,4800,47962.20
2022/07/07,1042,9.88,9.88,9.87,9.87,2300,22711.00
2022/07/07,1043,9.87,9.87,9.85,9.85,10500,103503.94
2022/07/07,1044,9.85,9.85,9.85,9.85,7800,76426.90
2022/07/07,1045,9.85,9.85,9.85,9.85,2000,19700.00
2022/07/07,1046,9.85,9.85,9.85,9.85,0,0.00
2022/07/07,1047,9.84,9.84,9.84,9.84,9900,97898.16
2022/07/07,1048,9.83,9.84,9.83,9.84,2300,22098.18
2022/07/07,1049,9.83,9.84,9.83,9.83,6600,65424.16
2022/07/07,1050,9.83,9.83,9.82,9.82,1500,14741.00
2022/07/07,1051,9.83,9.83,9.81,9.81,18700,182946.75
2022/07/07,1052,9.82,9.82,9.82,9.82,400,3928.00
2022/07/07,1053,9.82,9.82,9.82,9.82,400,3928.00
2022/07/07,1054,9.82,9.83,9.82,9.82,1000,9822.00
2022/07/07,1055,9.81,9.83,9.81,9.81,9800,96192.00
2022/07/07,1056,9.83,9.83,9.80,9.80,35900,353152.78
2022/07/07,1057,9.81,9.82,9.81,9.82,900,8832.00
2022/07/07,1058,9.82,9.82,9.82,9.82,400,3928.00
2022/07/07,1059,9.82,9.82,9.82,9.82,0,0.00
2022/07/07,1100,9.82,9.83,9.82,9.83,4300,41873.80
2022/07/07,1101,9.83,9.83,9.83,9.83,500,4915.00
2022/07/07,1102,9.84,9.84,9.83,9.84,1800,17509.20
2022/07/07,1103,9.84,9.84,9.84,9.84,4200,41652.72
2022/07/07,1104,9.84,9.85,9.83,9.83,2100,20337.95
2022/07/07,1105,9.83,9.83,9.83,9.83,3200,31456.00
2022/07/07,1106,9.83,9.83,9.83,9.83,0,0.00
2022/07/07,1107,9.83,9.83,9.83,9.83,200,1966.00
2022/07/07,1108,9.83,9.83,9.83,9.83,200,1966.00
2022/07/07,1109,9.83,9.83,9.83,9.83,400,3932.00
2022/07/07,1110,9.83,9.84,9.83,9.83,1400,13764.00
2022/07/07,1111,9.83,9.83,9.83,9.83,1500,14745.00
2022/07/07,1112,9.83,9.83,9.82,9.83,8700,85472.90
2022/07/07,1113,9.83,9.83,9.82,9.82,2800,27486.36
2022/07/07,1114,9.82,9.82,9.82,9.82,1100,10821.64
2022/07/07,1115,9.83,9.83,9.83,9.83,400,3932.00
2022/07/07,1116,9.82,9.83,9.82,9.83,1900,18667.00
2022/07/07,1117,9.83,9.84,9.83,9.84,2800,27534.00
2022/07/07,1118,9.83,9.84,9.83,9.84,1200,12037.16
2022/07/07,1119,9.84,9.84,9.83,9.83,1000,9838.00
2022/07/07,1120,9.82,9.83,9.82,9.82,1200,11786.00
2022/07/07,1121,9.82,9.82,9.82,9.82,0,0.00
2022/07/07,1122,9.83,9.83,9.83,9.83,500,4915.00
2022/07/07,1123,9.83,9.83,9.83,9.83,0,0.00
2022/07/07,1124,9.82,9.83,9.82,9.82,3400,33412.00
2022/07/07,1125,9.83,9.83,9.83,9.83,300,2949.00
2022/07/07,1126,9.83,9.83,9.83,9.83,500,4915.00
2022/07/07,1127,9.84,9.84,9.84,9.84,500,4920.00
2022/07/07,1128,9.83,9.84,9.83,9.83,1500,14755.00
2022/07/07,1129,9.83,9.84,9.83,9.84,2300,22393.84
2022/07/07,1130,9.84,9.85,9.84,9.84,2400,23619.00
2022/07/07,1301,9.85,9.87,9.85,9.87,11200,110604.05
2022/07/07,1302,9.87,9.87,9.87,9.87,1700,16779.00
2022/07/07,1303,9.87,9.87,9.87,9.87,0,0.00
2022/07/07,1304,9.88,9.88,9.88,9.88,1400,13278.72
2022/07/07,1305,9.87,9.87,9.87,9.87,1700,16789.00
2022/07/07,1306,9.88,9.88,9.88,9.88,1800,18455.84
2022/07/07,1307,9.88,9.88,9.88,9.88,2500,24028.16
2022/07/07,1308,9.88,9.89,9.88,9.89,1300,13525.84
2022/07/07,1309,9.89,9.89,9.88,9.88,900,8897.00
2022/07/07,1310,9.88,9.88,9.88,9.88,200,1976.00
2022/07/07,1311,9.89,9.89,9.89,9.89,3400,33626.00
2022/07/07,1312,9.89,9.90,9.89,9.90,3600,35634.00
2022/07/07,1313,9.89,9.89,9.89,9.89,7300,72197.00
2022/07/07,1314,9.89,9.89,9.88,9.88,700,6921.00
2022/07/07,1315,9.88,9.88,9.88,9.88,7100,70148.00
2022/07/07,1316,9.88,9.88,9.88,9.88,3000,29640.00
2022/07/07,1317,9.88,9.88,9.88,9.88,3100,30628.00
2022/07/07,1318,9.88,9.88,9.88,9.88,1600,15808.00
2022/07/07,1319,9.88,9.88,9.84,9.84,11900,116500.16
2022/07/07,1320,9.83,9.88,9.83,9.88,5000,49699.44
2022/07/07,1321,9.88,9.88,9.88,9.88,0,0.00
2022/07/07,1322,9.86,9.86,9.86,9.86,1600,15776.00
2022/07/07,1323,9.86,9.86,9.86,9.86,600,5916.00
2022/07/07,1324,9.87,9.87,9.86,9.87,1800,17308.30
2022/07/07,1325,9.88,9.88,9.86,9.86,5700,56279.00
2022/07/07,1326,9.84,9.87,9.84,9.87,14700,145729.66
2022/07/07,1327,9.87,9.87,9.87,9.87,900,8883.00
2022/07/07,1328,9.87,9.87,9.87,9.87,0,0.00
2022/07/07,1329,9.87,9.87,9.86,9.86,900,8880.00
2022/07/07,1330,9.85,9.85,9.85,9.85,2000,19700.00
2022/07/07,1331,9.84,9.85,9.84,9.85,5700,56138.00
2022/07/07,1332,9.85,9.86,9.85,9.86,1300,12183.45
2022/07/07,1333,9.86,9.86,9.86,9.86,300,2958.00
2022/07/07,1334,9.86,9.86,9.85,9.85,1900,19056.74
2022/07/07,1335,9.85,9.86,9.85,9.86,200,2127.76
2022/07/07,1336,9.86,9.86,9.86,9.86,100,828.24
2022/07/07,1337,9.86,9.87,9.85,9.85,5600,55278.58
2022/07/07,1338,9.85,9.85,9.85,9.85,200,1970.00
2022/07/07,1339,9.87,9.88,9.87,9.87,2600,25294.56
2022/07/07,1340,9.87,9.87,9.87,9.87,2900,28632.87
2022/07/07,1341,9.87,9.88,9.87,9.88,1800,17480.85
2022/07/07,1342,9.87,9.87,9.87,9.87,200,1974.00
2022/07/07,1343,9.87,9.87,9.86,9.87,7200,71062.00
2022/07/07,1344,9.87,9.88,9.87,9.88,1400,13823.00
2022/07/07,1345,9.88,9.88,9.88,9.88,2700,26932.88
2022/07/07,1346,9.88,9.88,9.88,9.88,17000,167960.00
2022/07/07,1347,9.88,9.88,9.88,9.88,100,1323.92
2022/07/07,1348,9.88,9.88,9.88,9.88,300,2964.00
2022/07/07,1349,9.88,9.88,9.88,9.88,0,0.00
2022/07/07,1350,9.88,9.88,9.87,9.87,4800,47085.08
2022/07/07,1351,9.87,9.87,9.87,9.87,0,0.00
2022/07/07,1352,9.87,9.88,9.87,9.88,5700,56532.35
2022/07/07,1353,9.89,9.89,9.89,9.89,2500,24230.50
2022/07/07,1354,9.89,9.89,9.89,9.89,300,2967.00
2022/07/07,1355,9.89,9.90,9.89,9.90,2900,28706.00
2022/07/07,1356,9.90,9.90,9.90,9.90,1200,11880.00
2022/07/07,1357,9.91,9.91,9.91,9.91,300,2973.00
2022/07/07,1358,9.91,9.91,9.91,9.91,700,6937.00
2022/07/07,1359,9.91,9.91,9.91,9.91,200,1982.00
2022/07/07,1400,9.92,9.93,9.92,9.93,700,6955.93
2022/07/07,1401,9.92,9.94,9.92,9.94,2400,23993.05
2022/07/07,1402,9.94,9.94,9.93,9.94,2200,21864.00
2022/07/07,1403,9.93,9.93,9.93,9.93,200,1986.00
2022/07/07,1404,9.93,9.95,9.93,9.95,2800,27776.36
2022/07/07,1405,9.95,9.95,9.95,9.95,2500,24875.00
2022/07/07,1406,9.95,9.95,9.94,9.94,4000,39792.00
2022/07/07,1407,9.95,9.95,9.94,9.94,700,6963.00
2022/07/07,1408,9.94,9.94,9.94,9.94,1600,15904.00
2022/07/07,1409,9.95,9.95,9.95,9.95,300,2985.00
2022/07/07,1410,9.95,9.95,9.95,9.95,2300,23521.80
2022/07/07,1411,9.95,9.95,9.95,9.95,200,1353.20
2022/07/07,1412,9.94,9.94,9.94,9.94,1800,17892.00
2022/07/07,1413,9.95,9.98,9.94,9.98,11600,115576.08
2022/07/07,1414,9.94,9.94,9.94,9.94,700,6958.00
2022/07/07,1415,9.98,9.98,9.98,9.98,2500,25746.28
2022/07/07,1416,9.98,9.98,9.98,9.98,0,0.00
2022/07/07,1417,9.95,9.96,9.95,9.96,1400,13940.00
2022/07/07,1418,9.96,9.96,9.96,9.96,2500,24900.00
2022/07/07,1419,9.95,9.95,9.95,9.95,1100,10945.00
2022/07/07,1420,9.95,9.96,9.95,9.95,1700,16925.00
2022/07/07,1421,9.96,9.98,9.96,9.98,4100,40514.70
2022/07/07,1422,9.97,9.97,9.97,9.97,200,1994.00
2022/07/07,1423,9.96,9.96,9.96,9.96,900,8964.00
2022/07/07,1424,9.97,9.97,9.96,9.96,1000,9961.00
2022/07/07,1425,9.96,9.97,9.96,9.96,2100,20926.00
2022/07/07,1426,9.96,9.96,9.96,9.96,0,0.00
2022/07/07,1427,9.96,9.97,9.96,9.97,2100,20917.00
2022/07/07,1428,9.96,9.98,9.96,9.98,28500,284322.88
2022/07/07,1429,9.97,9.97,9.97,9.97,2200,21934.00
2022/07/07,1430,9.97,9.97,9.97,9.97,600,5982.00
2022/07/07,1431,9.97,9.98,9.97,9.98,5900,58873.00
2022/07/07,1432,9.99,9.99,9.98,9.98,6900,69159.63
2022/07/07,1433,9.98,9.99,9.98,9.99,1200,11978.00
2022/07/07,1434,9.98,9.98,9.96,9.98,1300,12528.88
2022/07/07,1435,9.99,9.99,9.99,9.99,2100,20769.21
2022/07/07,1436,9.98,9.98,9.98,9.98,1200,11976.00
2022/07/07,1437,9.98,9.98,9.98,9.98,800,8423.12
2022/07/07,1438,9.98,9.98,9.98,9.98,0,0.00
2022/07/07,1439,9.97,9.97,9.97,9.97,2700,26485.32
2022/07/07,1440,9.97,9.98,9.97,9.98,7900,78785.00
2022/07/07,1441,9.98,9.98,9.98,9.98,8800,87824.00
2022/07/07,1442,9.97,9.97,9.97,9.97,900,8973.00
2022/07/07,1443,9.97,9.97,9.97,9.97,1200,11964.00
2022/07/07,1444,9.97,9.97,9.97,9.97,600,5982.00
2022/07/07,1445,9.97,9.97,9.97,9.97,14700,146581.00
2022/07/07,1446,9.97,9.98,9.97,9.97,6200,61841.00
2022/07/07,1447,9.98,10.00,9.97,10.00,18000,180284.56
2022/07/07,1448,10.00,10.00,10.00,10.00,2100,20990.00
2022/07/07,1449,9.99,10.00,9.98,10.00,4000,39978.00
2022/07/07,1450,9.99,10.00,9.99,9.99,4100,40966.00
2022/07/07,1451,9.98,9.98,9.97,9.98,3800,37907.00
2022/07/07,1452,9.98,9.98,9.97,9.98,10200,101786.00
2022/07/07,1453,9.98,10.00,9.98,10.00,10300,103123.00
2022/07/07,1454,9.98,10.00,9.98,9.98,10900,108149.67
2022/07/07,1455,9.98,9.99,9.98,9.98,1100,10981.00
2022/07/07,1456,9.99,10.00,9.98,9.99,21000,209771.91
2022/07/07,1457,9.99,9.99,9.98,9.99,4500,44953.00
2022/07/07,1458,9.99,9.99,9.99,9.99,0,0.00
2022/07/07,1459,9.99,9.99,9.99,9.99,0,0.00
2022/07/07,1500,9.98,9.98,9.98,9.98,35300,352753.09
2022/07/08,0931,9.98,9.98,9.97,9.97,8000,80071.52
2022/07/08,0932,9.97,9.97,9.97,9.97,500,4985.00
2022/07/08,0933,9.96,9.97,9.96,9.97,500,4982.00
2022/07/08,0934,9.96,9.96,9.96,9.96,500,4980.00
2022/07/08,0935,9.93,9.93,9.92,9.92,2600,25984.56
2022/07/08,0936,9.91,9.92,9.88,9.88,12200,120611.68
2022/07/08,0937,9.90,9.90,9.89,9.89,7100,70442.58
2022/07/08,0938,9.89,9.92,9.89,9.92,8600,84887.64
2022/07/08,0939,9.92,9.92,9.89,9.89,2200,21784.00
2022/07/08,0940,9.88,9.88,9.88,9.88,25500,251335.94
2022/07/08,0941,9.89,9.89,9.89,9.89,1400,13846.00
2022/07/08,0942,9.89,9.90,9.88,9.90,1900,18790.60
2022/07/08,0943,9.89,9.91,9.89,9.91,1100,10887.00
2022/07/08,0944,9.91,9.91,9.90,9.91,1400,13871.00
2022/07/08,0945,9.92,9.94,9.92,9.94,1400,14243.20
2022/07/08,0946,9.94,9.94,9.92,9.92,5100,50576.16
2022/07/08,0947,9.91,9.92,9.91,9.92,500,5344.88
2022/07/08,0948,9.92,9.92,9.92,9.92,300,2976.00
2022/07/08,0949,9.92,9.92,9.92,9.92,1300,12836.48
2022/07/08,0950,9.92,9.93,9.92,9.92,1300,12960.52
2022/07/08,0951,9.92,9.96,9.92,9.96,4900,48634.84
2022/07/08,0952,9.96,9.97,9.96,9.97,1900,18928.00
2022/07/08,0953,9.97,9.97,9.96,9.97,1500,14951.00
2022/07/08,0954,9.96,9.96,9.96,9.96,1100,10956.00
2022/07/08,0955,9.96,9.96,9.96,9.96,0,0.00
2022/07/08,0956,9.97,9.97,9.97,9.97,500,4823.48
2022/07/08,0957,9.97,9.97,9.97,9.97,7500,74934.52
2022/07/08,0958,9.96,9.97,9.96,9.97,8400,83229.50
2022/07/08,0959,9.96,9.96,9.96,9.96,1200,11959.35
2022/07/08,1000,9.96,9.96,9.96,9.96,300,2988.00
2022/07/08,1001,9.96,9.96,9.96,9.96,1200,11952.00
2022/07/08,1002,9.97,9.97,9.97,9.97,600,5982.00
2022/07/08,1003,9.96,9.96,9.96,9.96,2600,25910.00
2022/07/08,1004,9.96,9.96,9.96,9.96,0,0.00
2022/07/08,1005,9.96,9.97,9.96,9.97,900,9762.60
2022/07/08,1006,9.97,9.97,9.97,9.97,0,0.00
2022/07/08,1007,9.96,9.96,9.96,9.96,5300,52140.60
2022/07/08,1008,9.95,9.96,9.95,9.96,3900,39477.40
2022/07/08,1009,9.96,9.97,9.96,9.96,4600,45726.44
2022/07/08,1010,9.95,9.96,9.95,9.96,700,6970.00
2022/07/08,1011,9.95,9.95,9.95,9.95,1000,9950.00
2022/07/08,1012,9.95,9.96,9.95,9.96,500,4978.00
2022/07/08,1013,9.95,9.97,9.95,9.97,600,5977.02
2022/07/08,1014,9.97,9.97,9.97,9.97,500,4985.00
2022/07/08,1015,9.96,9.97,9.96,9.97,900,8971.00
2022/07/08,1016,9.96,9.96,9.95,9.96,500,4978.00
2022/07/08,1017,9.98,9.98,9.96,9.96,6200,61434.54
2022/07/08,1018,9.96,9.96,9.96,9.96,500,4978.00
2022/07/08,1019,9.96,9.96,9.96,9.96,0,0.00
2022/07/08,1020,9.96,9.96,9.96,9.96,0,0.00
2022/07/08,1021,9.95,9.95,9.95,9.95,600,5970.00
2022/07/08,1022,9.95,9.96,9.95,9.96,4600,45773.00
2022/07/08,1023,9.96,9.96,9.95,9.95,1700,16872.20
2022/07/08,1024,9.95,9.95,9.95,9.95,300,2985.00
2022/07/08,1025,9.96,9.96,9.96,9.96,1000,9960.00
2022/07/08,1026,9.95,9.95,9.95,9.95,300,2985.00
2022/07/08,1027,9.95,9.95,9.94,9.94,1400,13926.00
2022/07/08,1028,9.94,9.94,9.94,9.94,600,5966.00
2022/07/08,1029,9.94,9.94,9.94,9.94,1400,13916.00
2022/07/08,1030,9.94,9.94,9.94,9.94,0,0.00
2022/07/08,1031,9.94,9.94,9.94,9.94,0,0.00
2022/07/08,1032,9.93,9.93,9.93,9.93,2400,23832.00
2022/07/08,1033,9.93,9.93,9.93,9.93,4700,47157.57
2022/07/08,1034,9.92,9.92,9.92,9.92,1200,11904.00
2022/07/08,1035,9.92,9.92,9.92,9.92,0,0.00
2022/07/08,1036,9.93,9.93,9.93,9.93,100,993.00
2022/07/08,1037,9.92,9.92,9.92,9.92,1200,11908.00
2022/07/08,1038,9.92,9.92,9.92,9.92,0,0.00
2022/07/08,1039,9.92,9.92,9.92,9.92,10400,103108.48
2022/07/08,1040,9.92,9.92,9.92,9.92,5400,53627.52
2022/07/08,1041,9.92,9.93,9.92,9.92,4400,43651.00
2022/07/08,1042,9.92,9.92,9.92,9.92,500,4960.00
2022/07/08,1043,9.92,9.92,9.92,9.92,200,1984.00
2022/07/08,1044,9.92,9.92,9.92,9.92,3800,37696.00
2022/07/08,1045,9.92,9.92,9.91,9.91,10200,101088.94
2022/07/08,1046,9.93,9.93,9.91,9.91,800,7795.26
2022/07/08,1047,9.90,9.90,9.90,9.90,5100,50262.30
2022/07/08,1048,9.89,9.91,9.88,9.89,12600,125089.27
2022/07/08,1049,9.90,9.90,9.89,9.89,3600,35515.32
2022/07/08,1050,9.89,9.90,9.89,9.90,1600,15826.00
2022/07/08,1051,9.89,9.90,9.89,9.90,2800,27133.90
2022/07/08,1052,9.90,9.90,9.90,9.90,0,0.00
2022/07/08,1053,9.92,9.92,9.92,9.92,400,3968.00
2022/07/08,1054,9.92,9.92,9.92,9.92,500,4960.00
2022/07/08,1055,9.92,9.93,9.92,9.93,1100,10922.00
2022/07/08,1056,9.91,9.91,9.91,9.91,500,4955.00
2022/07/08,1057,9.91,9.91,9.91,9.91,0,0.00
2022/07/08,1058,9.91,9.91,9.91,9.91,0,0.00
2022/07/08,1059,9.91,9.91,9.91,9.91,400,3964.00
2022/07/08,1100,9.91,9.91,9.91,9.91,0,0.00
2022/07/08,1101,9.91,9.91,9.91,9.91,100,991.00
2022/07/08,1102,9.93,9.93,9.93,9.93,900,8867.49
2022/07/08,1103,9.92,9.92,9.91,9.91,300,2974.00
2022/07/08,1104,9.92,9.92,9.92,9.92,100,992.00
2022/07/08,1105,9.92,9.92,9.92,9.92,300,2976.00
2022/07/08,1106,9.92,9.92,9.92,9.92,400,3968.00
2022/07/08,1107,9.93,9.93,9.91,9.91,3100,30732.00
2022/07/08,1108,9.91,9.91,9.91,9.91,1000,9910.00
2022/07/08,1109,9.91,9.91,9.90,9.90,6700,66345.00
2022/07/08,1110,9.90,9.90,9.90,9.90,200,1980.00
2022/07/08,1111,9.90,9.90,9.90,9.90,600,5940.00
2022/07/08,1112,9.90,9.90,9.90,9.90,200,1980.00
2022/07/08,1113,9.90,9.90,9.90,9.90,1500,14850.00
2022/07/08,1114,9.90,9.90,9.90,9.90,200,1980.00
2022/07/08,1115,9.93,9.93,9.93,9.93,4000,39718.00
2022/07/08,1116,9.92,9.92,9.92,9.92,200,2737.92
2022/07/08,1117,9.92,9.92,9.90,9.90,5700,55678.08
2022/07/08,1118,9.92,9.92,9.92,9.92,500,5713.92
2022/07/08,1119,9.92,9.92,9.92,9.92,100,992.00
2022/07/08,1120,9.92,9.92,9.92,9.92,200,1984.00
2022/07/08,1121,9.93,9.93,9.93,9.93,200,1986.00
2022/07/08,1122,9.93,9.93,9.93,9.93,0,0.00
2022/07/08,1123,9.93,9.93,9.93,9.93,0,0.00
2022/07/08,1124,9.93,9.93,9.93,9.93,0,0.00
2022/07/08,1125,9.93,9.93,9.93,9.93,0,0.00
2022/07/08,1126,9.92,9.92,9.92,9.92,200,1984.00
2022/07/08,1127,9.92,9.94,9.92,9.94,500,4755.26
2022/07/08,1128,9.94,9.94,9.94,9.94,0,0.00
2022/07/08,1129,9.94,9.94,9.94,9.94,0,0.00
2022/07/08,1130,9.94,9.94,9.94,9.94,0,0.00
2022/07/08,1301,9.92,9.92,9.92,9.92,1400,13898.00
2022/07/08,1302,9.94,9.94,9.94,9.94,2100,21082.74
2022/07/08,1303,9.94,9.94,9.94,9.94,0,0.00
2022/07/08,1304,9.94,9.94,9.94,9.94,200,1779.26
2022/07/08,1305,9.92,9.92,9.92,9.92,2500,25038.08
2022/07/08,1306,9.91,9.91,9.90,9.90,2300,22253.30
2022/07/08,1307,9.90,9.90,9.90,9.90,0,0.00
2022/07/08,1308,9.90,9.90,9.90,9.90,400,3960.00
2022/07/08,1309,9.90,9.90,9.90,9.90,500,4950.00
2022/07/08,1310,9.90,9.90,9.90,9.90,0,0.00
2022/07/08,1311,9.90,9.90,9.90,9.90,0,0.00
2022/07/08,1312,9.90,9.90,9.90,9.90,0,0.00
2022/07/08,1313,9.90,9.90,9.90,9.90,300,2970.00
2022/07/08,1314,9.90,9.90,9.90,9.90,200,1980.00
2022/07/08,1315,9.93,9.93,9.93,9.93,900,8937.00
2022/07/08,1316,9.95,9.95,9.95,9.95,800,7960.00
2022/07/08,1317,9.93,9.93,9.93,9.93,600,5958.00
2022/07/08,1318,9.93,9.93,9.93,9.93,1400,13902.00
2022/07/08,1319,9.93,9.93,9.92,9.92,3300,32767.00
2022/07/08,1320,9.92,9.92,9.92,9.92,1000,9920.00
2022/07/08,1321,9.92,9.92,9.91,9.91,1400,13678.60
2022/07/08,1322,9.91,9.91,9.91,9.91,0,0.00
2022/07/08,1323,9.92,9.92,9.92,9.92,600,6150.40
2022/07/08,1324,9.92,9.93,9.92,9.93,2900,28788.00
2022/07/08,1325,9.92,9.92,9.92,9.92,600,5952.00
2022/07/08,1326,9.92,9.97,9.92,9.97,7100,70827.46
2022/07/08,1327,9.97,9.97,9.97,9.97,3100,30767.42
2022/07/08,1328,9.96,9.96,9.96,9.96,100,996.00
2022/07/08,1329,9.96,9.96,9.96,9.96,0,0.00
2022/07/08,1330,9.96,9.96,9.96,9.96,200,1992.00
2022/07/08,1331,9.96,9.96,9.96,9.96,0,0.00
2022/07/08,1332,9.92,9.92,9.92,9.92,1000,9920.00
2022/07/08,1333,9.92,9.92,9.92,9.92,200,1984.00
2022/07/08,1334,9.92,9.92,9.92,9.92,2700,26585.60
2022/07/08,1335,9.91,9.91,9.91,9.91,1000,9910.00
2022/07/08,1336,9.91,9.91,9.91,9.91,200,1982.00
2022/07/08,1337,9.91,9.91,9.91,9.91,3000,29928.20
2022/07/08,1338,9.91,9.91,9.91,9.91,500,4955.00
2022/07/08,1339,9.91,9.91,9.91,9.91,0,0.00
2022/07/08,1340,9.91,9.91,9.91,9.91,200,1982.00
2022/07/08,1341,9.91,9.91,9.91,9.91,0,0.00
2022/07/08,1342,9.91,9.91,9.91,9.91,0,0.00
2022/07/08,1343,9.92,9.92,9.92,9.92,300,2976.00
2022/07/08,1344,9.92,9.92,9.92,9.92,1400,13888.00
2022/07/08,1345,9.91,9.91,9.91,9.91,2600,25835.37
2022/07/08,1346,9.91,9.91,9.91,9.91,0,0.00
2022/07/08,1347,9.91,9.91,9.91,9.91,200,1982.00
2022/07/08,1348,9.92,9.92,9.91,9.92,2300,22805.00
2022/07/08,1349,9.91,9.91,9.91,9.91,1300,12883.00
2022/07/08,1350,9.91,9.91,9.91,9.91,0,0.00
2022/07/08,1351,9.91,9.92,9.91,9.92,200,1983.00
2022/07/08,1352,9.92,9.92,9.92,9.92,0,0.00
2022/07/08,1353,9.92,9.92,9.92,9.92,0,0.00
2022/07/08,1354,9.91,9.91,9.91,9.91,5700,56489.00
2022/07/08,1355,9.91,9.92,9.91,9.92,2700,26763.00
2022/07/08,1356,9.92,9.92,9.92,9.92,0,0.00
2022/07/08,1357,9.91,9.91,9.91,9.91,1800,17838.00
2022/07/08,1358,9.96,9.96,9.96,9.96,8700,86566.00
2022/07/08,1359,9.96,9.96,9.91,9.91,2400,23849.00
2022/07/08,1400,9.91,9.91,9.91,9.91,0,0.00
2022/07/08,1401,9.91,9.97,9.91,9.97,20200,201237.86
2022/07/08,1402,9.97,9.97,9.97,9.97,0,0.00
2022/07/08,1403,9.97,9.97,9.97,9.97,200,1994.00
2022/07/08,1404,9.97,9.97,9.97,9.97,0,0.00
2022/07/08,1405,9.97,9.97,9.97,9.97,0,0.00
2022/07/08,1406,9.97,9.97,9.97,9.97,0,0.00
2022/07/08,1407,9.95,9.95,9.95,9.95,200,1990.00
2022/07/08,1408,9.95,9.95,9.95,9.95,0,0.00
2022/07/08,1409,9.95,9.95,9.95,9.95,0,0.00
2022/07/08,1410,9.95,9.95,9.95,9.95,0,0.00
2022/07/08,1411,9.95,9.95,9.95,9.95,0,0.00
2022/07/08,1412,9.92,9.92,9.92,9.92,200,1984.00
2022/07/08,1413,9.92,9.92,9.92,9.92,0,0.00
2022/07/08,1414,9.93,9.93,9.92,9.92,900,8934.00
2022/07/08,1415,9.93,9.93,9.93,9.93,900,9145.53
2022/07/08,1416,9.93,9.93,9.93,9.93,0,0.00
2022/07/08,1417,9.93,9.93,9.93,9.93,400,3972.00
2022/07/08,1418,9.93,9.93,9.93,9.93,200,1986.00
2022/07/08,1419,9.93,9.93,9.93,9.93,1100,10714.47
2022/07/08,1420,9.93,9.93,9.93,9.93,1200,11916.00
2022/07/08,1421,9.93,9.93,9.93,9.93,0,0.00
2022/07/08,1422,9.92,9.92,9.92,9.92,200,1984.00
2022/07/08,1423,9.93,9.93,9.92,9.92,1400,13898.00
2022/07/08,1424,9.93,9.93,9.93,9.93,800,8152.53
2022/07/08,1425,9.93,9.93,9.93,9.93,200,1986.00
2022/07/08,1426,9.93,9.93,9.93,9.93,0,0.00
2022/07/08,1427,9.93,9.93,9.93,9.93,400,3972.00
2022/07/08,1428,9.93,9.93,9.93,9.93,0,0.00
2022/07/08,1429,9.93,9.93,9.93,9.93,200,1986.00
2022/07/08,1430,9.93,9.93,9.93,9.93,500,4965.00
2022/07/08,1431,9.93,9.93,9.93,9.93,0,0.00
2022/07/08,1432,9.93,9.93,9.92,9.92,500,4754.47
2022/07/08,1433,9.92,9.92,9.92,9.92,0,0.00
2022/07/08,1434,9.92,9.92,9.92,9.92,400,3968.00
2022/07/08,1435,9.92,9.92,9.92,9.92,0,0.00
2022/07/08,1436,9.92,9.92,9.92,9.92,0,0.00
2022/07/08,1437,9.93,9.93,9.93,9.93,900,9145.53
2022/07/08,1438,9.93,9.93,9.93,9.93,200,1986.00
2022/07/08,1439,9.93,9.93,9.93,9.93,0,0.00
2022/07/08,1440,9.93,9.93,9.93,9.93,0,0.00
2022/07/08,1441,9.93,9.93,9.93,9.93,300,2979.00
2022/07/08,1442,9.93,9.93,9.93,9.93,200,1986.00
2022/07/08,1443,9.93,9.93,9.93,9.93,700,6951.00
2022/07/08,1444,9.93,9.93,9.93,9.93,0,0.00
2022/07/08,1445,9.93,9.94,9.93,9.94,700,6955.00
2022/07/08,1446,9.94,9.94,9.94,9.94,0,0.00
2022/07/08,1447,9.95,9.95,9.95,9.95,1000,9950.00
2022/07/08,1448,9.95,9.95,9.95,9.95,100,995.00
2022/07/08,1449,9.94,9.94,9.94,9.94,600,5964.00
2022/07/08,1450,9.94,9.95,9.94,9.95,400,3977.00
2022/07/08,1451,9.94,9.94,9.93,9.93,400,3795.08
2022/07/08,1452,9.93,9.93,9.93,9.93,200,1986.00
2022/07/08,1453,9.93,9.93,9.93,9.93,900,8937.00
2022/07/08,1454,9.93,9.94,9.93,9.94,3600,35768.00
2022/07/08,1455,9.94,9.94,9.94,9.94,1600,15904.00
2022/07/08,1456,9.94,9.94,9.93,9.93,1200,11926.00
2022/07/08,1457,9.93,9.94,9.93,9.94,8800,87391.00
2022/07/08,1458,9.94,9.94,9.94,9.94,0,0.00
2022/07/08,1459,9.94,9.94,9.94,9.94,0,0.00
2022/07/08,1500,9.98,9.98,9.98,9.98,52100,519958.00
数据来源:通达信
