2022/07/05,0931,21.20,21.58,20.66,20.66,1021100,21605552.00
2022/07/05,0932,20.70,20.70,20.00,20.00,196800,3987986.50
2022/07/05,0933,20.02,20.20,19.99,20.20,208400,4178022.00
2022/07/05,0934,20.20,20.53,20.20,20.38,145100,2955947.50
2022/07/05,0935,20.38,20.38,20.20,20.20,97900,1988143.50
2022/07/05,0936,20.23,20.23,20.14,20.18,112700,2274595.00
2022/07/05,0937,20.18,20.20,20.15,20.18,97300,1963831.25
2022/07/05,0938,20.19,20.19,20.10,20.11,48700,982050.06
2022/07/05,0939,20.10,20.11,20.05,20.08,65100,1306035.63
2022/07/05,0940,20.06,20.08,20.03,20.03,59600,1195825.13
2022/07/05,0941,20.04,20.04,20.01,20.03,71800,1437877.13
2022/07/05,0942,20.03,20.03,20.02,20.02,42100,842618.31
2022/07/05,0943,20.01,20.02,20.01,20.01,58000,1161446.63
2022/07/05,0944,20.01,20.02,20.00,20.00,67000,1340398.00
2022/07/05,0945,20.00,20.00,20.00,20.00,58000,1159657.00
2022/07/05,0946,20.00,20.02,20.00,20.01,30800,616368.06
2022/07/05,0947,20.01,20.03,20.01,20.02,25700,515920.09
2022/07/05,0948,20.02,20.05,20.02,20.03,25700,514605.94
2022/07/05,0949,20.03,20.07,20.03,20.07,46400,929896.50
2022/07/05,0950,20.05,20.05,20.03,20.03,25200,504601.25
2022/07/05,0951,20.03,20.04,20.03,20.04,51400,1030377.00
2022/07/05,0952,20.03,20.04,20.00,20.00,80900,1620311.00
2022/07/05,0953,20.01,20.01,20.00,20.00,42500,848980.00
2022/07/05,0954,20.00,20.00,20.00,20.00,30000,600004.00
2022/07/05,0955,20.00,20.01,20.00,20.00,18300,367537.75
2022/07/05,0956,20.00,20.01,20.00,20.00,22700,453733.84
2022/07/05,0957,20.00,20.01,20.00,20.00,26800,535264.63
2022/07/05,0958,20.00,20.01,20.00,20.00,10700,214014.00
2022/07/05,0959,20.00,20.01,20.00,20.00,8400,168012.00
2022/07/05,1000,20.00,20.01,20.00,20.00,5900,118011.00
2022/07/05,1001,20.00,20.02,20.00,20.02,51300,1027236.38
2022/07/05,1002,20.02,20.03,20.01,20.02,5800,116119.00
2022/07/05,1003,20.01,20.02,20.01,20.02,14500,290230.00
2022/07/05,1004,20.01,20.02,20.00,20.00,29400,587001.44
2022/07/05,1005,20.00,20.01,20.00,20.00,26600,532807.38
2022/07/05,1006,20.01,20.01,20.00,20.00,10600,211211.59
2022/07/05,1007,20.01,20.01,20.00,20.00,5800,116006.00
2022/07/05,1008,20.00,20.01,20.00,20.00,12600,253346.66
2022/07/05,1009,20.00,20.00,20.00,20.00,5300,106000.00
2022/07/05,1010,20.00,20.01,19.99,19.99,17900,356912.00
2022/07/05,1011,19.99,20.00,19.99,19.99,9100,181932.00
2022/07/05,1012,20.00,20.00,19.99,19.99,11300,227207.42
2022/07/05,1013,20.00,20.00,19.99,19.99,11200,224028.00
2022/07/05,1014,20.00,20.00,19.99,19.99,11300,225911.00
2022/07/05,1015,19.99,19.99,19.99,19.99,33000,658680.50
2022/07/05,1016,19.99,20.00,19.99,19.99,57100,1141430.00
2022/07/05,1017,19.98,19.98,19.98,19.98,5300,106596.65
2022/07/05,1018,19.98,19.99,19.98,19.98,32800,655379.00
2022/07/05,1019,19.98,20.00,19.98,19.99,49900,997481.38
2022/07/05,1020,19.99,19.99,19.99,19.99,6200,123948.00
2022/07/05,1021,19.99,20.00,19.99,19.99,8500,169916.00
2022/07/05,1022,19.99,20.00,19.99,19.99,19900,396806.50
2022/07/05,1023,19.99,19.99,19.98,19.98,5600,111627.15
2022/07/05,1024,19.99,20.00,19.98,19.99,25000,500161.84
2022/07/05,1025,19.99,20.00,19.99,20.00,8500,169940.00
2022/07/05,1026,20.00,20.00,19.99,19.99,13400,268232.00
2022/07/05,1027,19.99,20.00,19.99,19.99,4400,87962.00
2022/07/05,1028,19.99,19.99,19.99,19.99,5100,101949.00
2022/07/05,1029,19.99,19.99,19.99,19.99,9600,191904.00
2022/07/05,1030,19.99,19.99,19.99,19.99,5200,103948.00
2022/07/05,1031,19.99,19.99,19.98,19.98,20200,403198.25
2022/07/05,1032,19.98,19.98,19.98,19.98,5400,107892.00
2022/07/05,1033,19.98,19.99,19.98,19.99,19700,393274.25
2022/07/05,1034,19.99,19.99,19.99,19.99,2500,49975.00
2022/07/05,1035,19.99,20.00,19.99,20.00,38200,764997.50
2022/07/05,1036,19.99,20.00,19.99,19.99,23000,459977.00
2022/07/05,1037,19.99,20.00,19.99,19.99,14900,298050.00
2022/07/05,1038,19.99,20.00,19.99,20.00,3900,77980.00
2022/07/05,1039,20.00,20.00,20.00,20.00,4800,95339.00
2022/07/05,1040,20.00,20.01,20.00,20.00,3000,60005.00
2022/07/05,1041,20.00,20.00,19.99,19.99,9400,188656.00
2022/07/05,1042,19.99,20.00,19.99,19.99,17600,351827.00
2022/07/05,1043,19.99,20.00,19.99,20.00,1400,26792.60
2022/07/05,1044,19.99,19.99,19.99,19.99,5100,101958.00
2022/07/05,1045,19.99,19.99,19.99,19.99,8800,175920.00
2022/07/05,1046,19.99,20.00,19.99,19.99,1600,31988.00
2022/07/05,1047,19.99,20.00,19.99,19.99,3600,71972.00
2022/07/05,1048,20.00,20.00,19.99,19.99,3100,62691.00
2022/07/05,1049,19.99,19.99,19.99,19.99,3300,65967.00
2022/07/05,1050,19.99,20.00,19.99,19.99,9500,190955.50
2022/07/05,1051,20.00,20.00,19.99,19.99,7600,151933.00
2022/07/05,1052,19.99,19.99,19.99,19.99,3800,75969.00
2022/07/05,1053,19.99,20.00,19.99,19.99,11200,222907.00
2022/07/05,1054,19.99,20.00,19.99,19.99,18400,367826.00
2022/07/05,1055,20.00,20.00,19.99,19.99,2300,45981.00
2022/07/05,1056,20.00,20.00,19.99,19.99,2200,43983.00
2022/07/05,1057,19.99,19.99,19.99,19.99,3500,69965.00
2022/07/05,1058,19.99,19.99,19.99,19.99,5000,99955.00
2022/07/05,1059,19.99,20.00,19.99,20.00,5900,117945.00
2022/07/05,1100,19.99,20.00,19.99,19.99,2800,56537.72
2022/07/05,1101,19.99,19.99,19.98,19.98,5500,109903.00
2022/07/05,1102,19.98,19.98,19.98,19.98,6600,131868.00
2022/07/05,1103,19.98,19.98,19.98,19.98,4500,89910.00
2022/07/05,1104,19.98,19.98,19.98,19.98,5400,107897.00
2022/07/05,1105,19.98,19.98,19.98,19.98,9900,198003.94
2022/07/05,1106,19.99,19.99,19.98,19.99,13900,277149.69
2022/07/05,1107,19.99,19.99,19.99,19.99,4700,93953.00
2022/07/05,1108,19.99,19.99,19.99,19.99,2700,53973.00
2022/07/05,1109,19.99,19.99,19.99,19.99,4200,83958.00
2022/07/05,1110,20.00,20.00,19.99,19.99,2400,47989.00
2022/07/05,1111,19.99,20.00,19.99,19.99,5300,105968.00
2022/07/05,1112,19.99,20.00,19.99,19.99,6600,131986.00
2022/07/05,1113,19.99,19.99,19.99,19.99,3200,63968.00
2022/07/05,1114,19.99,19.99,19.99,19.99,2700,53973.00
2022/07/05,1115,19.99,19.99,19.99,19.99,4900,97951.00
2022/07/05,1116,19.99,20.00,19.99,19.99,5500,109968.00
2022/07/05,1117,19.99,19.99,19.99,19.99,5000,101031.00
2022/07/05,1118,19.99,19.99,19.99,19.99,7800,155925.00
2022/07/05,1119,19.99,20.00,19.99,19.99,3400,67969.00
2022/07/05,1120,19.99,20.00,19.99,19.99,10100,201905.00
2022/07/05,1121,19.99,19.99,19.99,19.99,3600,71964.00
2022/07/05,1122,19.99,19.99,19.99,19.99,2300,45977.00
2022/07/05,1123,19.99,20.00,19.99,19.99,3200,63972.00
2022/07/05,1124,19.99,20.00,19.99,19.99,2100,41985.00
2022/07/05,1125,19.99,19.99,19.99,19.99,2400,47976.00
2022/07/05,1126,19.99,19.99,19.99,19.99,3300,65977.00
2022/07/05,1127,19.99,20.00,19.99,20.00,16300,325950.00
2022/07/05,1128,19.99,20.00,19.99,20.00,21500,429995.00
2022/07/05,1129,19.99,20.00,19.99,19.99,8600,171963.00
2022/07/05,1130,19.99,20.00,19.99,20.00,6100,121993.00
2022/07/05,1301,19.99,20.00,19.99,20.00,29900,596477.00
2022/07/05,1302,20.00,20.01,20.00,20.00,3000,60002.00
2022/07/05,1303,20.00,20.00,20.00,20.00,2400,49220.00
2022/07/05,1304,20.00,20.00,19.99,19.99,1700,33995.00
2022/07/05,1305,20.00,20.00,19.99,19.99,2900,57976.00
2022/07/05,1306,19.99,20.00,19.99,20.00,13800,275964.00
2022/07/05,1307,20.00,20.00,19.99,19.99,4200,82775.61
2022/07/05,1308,19.99,20.00,19.99,19.99,1500,29990.00
2022/07/05,1309,20.00,20.00,20.00,20.00,300,6000.00
2022/07/05,1310,19.99,19.99,19.99,19.99,800,15992.00
2022/07/05,1311,19.99,20.00,19.99,20.00,3000,59974.00
2022/07/05,1312,19.99,19.99,19.99,19.99,1200,23988.00
2022/07/05,1313,19.99,19.99,19.99,19.99,1400,27986.00
2022/07/05,1314,20.00,20.00,19.99,19.99,6600,131977.00
2022/07/05,1315,19.99,20.00,19.99,20.00,14900,297978.00
2022/07/05,1316,20.00,20.00,20.00,20.00,2600,52000.00
2022/07/05,1317,20.01,20.01,20.00,20.00,2300,46713.35
2022/07/05,1318,20.00,20.00,20.00,20.00,7600,152004.00
2022/07/05,1319,20.00,20.00,20.00,20.00,100,2260.00
2022/07/05,1320,20.00,20.00,19.99,20.00,5000,99739.00
2022/07/05,1321,20.00,20.00,19.99,20.00,1900,38418.00
2022/07/05,1322,19.99,20.00,19.99,19.99,1300,25997.00
2022/07/05,1323,20.00,20.00,19.99,19.99,1500,29996.00
2022/07/05,1324,19.99,20.00,19.99,20.00,5300,104979.50
2022/07/05,1325,19.99,19.99,19.99,19.99,5900,118940.50
2022/07/05,1326,19.99,20.00,19.99,20.00,1500,29987.00
2022/07/05,1327,19.99,19.99,19.99,19.99,2300,45977.00
2022/07/05,1328,19.99,20.00,19.99,19.99,2400,47992.00
2022/07/05,1329,19.99,20.00,19.99,19.99,3300,65977.00
2022/07/05,1330,19.99,20.00,19.99,19.99,11800,235982.00
2022/07/05,1331,19.99,19.99,19.99,19.99,3400,67966.00
2022/07/05,1332,19.99,20.00,19.99,19.99,4500,89957.00
2022/07/05,1333,19.99,19.99,19.99,19.99,2100,41979.00
2022/07/05,1334,19.99,19.99,19.99,19.99,2600,51974.00
2022/07/05,1335,19.99,19.99,19.99,19.99,3000,59970.00
2022/07/05,1336,19.99,19.99,19.99,19.99,3000,59970.00
2022/07/05,1337,19.99,20.00,19.99,19.99,2700,53977.00
2022/07/05,1338,19.99,20.00,19.99,20.00,41000,819961.00
2022/07/05,1339,19.99,20.00,19.99,20.00,6600,130669.00
2022/07/05,1340,20.00,20.00,19.99,19.99,6400,128128.00
2022/07/05,1341,20.00,20.00,19.99,20.00,2400,47989.00
2022/07/05,1342,19.99,19.99,19.99,19.99,1400,27986.00
2022/07/05,1343,19.99,20.00,19.99,19.99,8500,169846.00
2022/07/05,1344,19.99,19.99,19.99,19.99,3500,69965.00
2022/07/05,1345,19.99,19.99,19.99,19.99,6300,125937.00
2022/07/05,1346,20.00,20.00,19.99,19.99,13000,260270.00
2022/07/05,1347,19.99,20.00,19.99,19.99,21200,424793.50
2022/07/05,1348,19.99,19.99,19.99,19.99,11900,236741.56
2022/07/05,1349,19.99,19.99,19.98,19.98,5500,109447.23
2022/07/05,1350,19.98,19.99,19.98,19.99,9100,183474.20
2022/07/05,1351,19.99,19.99,19.99,19.99,21200,423788.00
2022/07/05,1352,19.99,19.99,19.99,19.99,19600,391264.25
2022/07/05,1353,19.99,19.99,19.99,19.99,6600,131934.00
2022/07/05,1354,19.99,19.99,19.98,19.98,5200,103912.51
2022/07/05,1355,19.98,19.98,19.98,19.98,8100,161841.00
2022/07/05,1356,19.98,19.98,19.98,19.98,7500,149334.27
2022/07/05,1357,19.98,19.98,19.98,19.98,17700,353646.00
2022/07/05,1358,19.98,19.99,19.98,19.98,13400,267747.00
2022/07/05,1359,19.99,19.99,19.98,19.98,9300,185822.00
2022/07/05,1400,19.98,19.99,19.98,19.98,12200,243759.00
2022/07/05,1401,19.98,19.99,19.98,19.99,21300,426307.72
2022/07/05,1402,19.99,19.99,19.99,19.99,4800,95952.00
2022/07/05,1403,19.99,19.99,19.99,19.99,2800,54972.50
2022/07/05,1404,19.99,19.99,19.99,19.99,7000,139934.00
2022/07/05,1405,19.99,20.00,19.99,19.99,22300,446826.50
2022/07/05,1406,19.99,19.99,19.99,19.99,4600,91414.27
2022/07/05,1407,19.98,19.98,19.98,19.98,3600,71908.02
2022/07/05,1408,19.98,19.99,19.98,19.98,6100,121896.00
2022/07/05,1409,19.98,19.98,19.98,19.98,7700,153849.00
2022/07/05,1410,19.98,19.98,19.98,19.98,5200,103897.00
2022/07/05,1411,19.98,19.99,19.98,19.99,16000,320396.72
2022/07/05,1412,19.99,20.00,19.99,19.99,3800,75963.00
2022/07/05,1413,19.99,19.99,19.99,19.99,19500,389805.00
2022/07/05,1414,19.99,19.99,19.98,19.98,12200,243316.28
2022/07/05,1415,19.98,19.98,19.98,19.98,20400,407592.00
2022/07/05,1416,19.98,19.99,19.98,19.99,6700,134072.91
2022/07/05,1417,19.98,19.98,19.98,19.98,10100,201801.00
2022/07/05,1418,19.98,19.99,19.98,19.98,13000,260742.00
2022/07/05,1419,19.98,19.98,19.98,19.98,4600,91908.00
2022/07/05,1420,19.98,19.99,19.97,19.97,26200,523475.63
2022/07/05,1421,19.98,19.98,19.97,19.97,12200,243667.00
2022/07/05,1422,19.98,19.98,19.97,19.97,16700,333546.00
2022/07/05,1423,19.97,19.97,19.97,19.97,8800,175736.00
2022/07/05,1424,19.97,19.97,19.96,19.96,42400,845178.25
2022/07/05,1425,19.96,19.96,19.96,19.96,19400,387224.00
2022/07/05,1426,19.96,19.96,19.96,19.96,38400,766464.00
2022/07/05,1427,19.96,19.96,19.95,19.95,18500,369130.00
2022/07/05,1428,19.96,19.96,19.92,19.92,14500,289794.13
2022/07/05,1429,19.92,19.92,19.90,19.90,22700,451847.31
2022/07/05,1430,19.90,19.91,19.88,19.88,40600,808847.56
2022/07/05,1431,19.89,19.95,19.86,19.91,43400,863258.19
2022/07/05,1432,19.87,19.87,19.83,19.83,8800,174656.00
2022/07/05,1433,19.83,19.83,19.80,19.80,15300,302191.59
2022/07/05,1434,19.78,19.78,19.61,19.66,41200,811951.44
2022/07/05,1435,19.62,19.92,19.58,19.62,43400,858078.81
2022/07/05,1436,19.62,19.62,19.61,19.62,21600,427860.13
2022/07/05,1437,19.68,19.73,19.61,19.62,5400,106062.00
2022/07/05,1438,19.62,19.64,19.62,19.64,6500,126608.00
2022/07/05,1439,19.65,19.66,19.62,19.63,30600,600618.50
2022/07/05,1440,19.63,19.66,19.63,19.63,10900,213985.00
2022/07/05,1441,19.62,19.65,19.62,19.65,7100,139415.06
2022/07/05,1442,19.65,19.66,19.64,19.64,6600,129701.00
2022/07/05,1443,19.65,19.66,19.64,19.66,5600,110051.00
2022/07/05,1444,19.65,19.66,19.64,19.64,11000,215772.09
2022/07/05,1445,19.63,19.64,19.63,19.63,16000,315884.75
2022/07/05,1446,19.63,19.64,19.62,19.63,12900,251558.45
2022/07/05,1447,19.64,19.64,19.63,19.64,18200,357344.00
2022/07/05,1448,19.63,19.64,19.63,19.64,19700,387645.81
2022/07/05,1449,19.63,19.63,19.63,19.63,14600,285624.50
2022/07/05,1450,19.63,19.64,19.62,19.62,14600,288325.19
2022/07/05,1451,19.62,19.62,19.60,19.60,54400,1065882.50
2022/07/05,1452,19.60,19.60,19.56,19.56,20900,409029.03
2022/07/05,1453,19.55,19.55,19.52,19.53,24700,482775.72
2022/07/05,1454,19.52,19.53,19.51,19.51,32800,639371.75
2022/07/05,1455,19.51,19.98,19.50,19.52,105100,2079677.00
2022/07/05,1456,19.52,19.98,19.52,19.58,27600,547563.06
2022/07/05,1457,19.84,20.00,19.58,19.60,76000,1516318.63
2022/07/05,1458,20.00,20.00,20.00,20.00,30000,599403.00
2022/07/05,1459,20.00,20.00,20.00,20.00,0,0.00
2022/07/05,1500,20.00,20.00,20.00,20.00,256000,5120000.00
2022/07/06,0931,19.60,19.96,19.39,19.39,94800,1859385.50
2022/07/06,0932,19.38,19.38,19.06,19.09,48400,929557.13
2022/07/06,0933,19.09,19.09,19.05,19.06,37600,717191.06
2022/07/06,0934,19.05,19.11,19.05,19.11,14800,281099.97
2022/07/06,0935,19.11,19.32,19.11,19.21,8700,167104.16
2022/07/06,0936,19.21,19.90,19.20,19.90,66600,1312920.63
2022/07/06,0937,19.24,19.89,19.24,19.89,2900,58174.81
2022/07/06,0938,19.30,19.31,19.30,19.31,14700,283035.72
2022/07/06,0939,19.31,19.80,19.31,19.80,21900,431999.41
2022/07/06,0940,19.80,19.80,19.35,19.39,2600,50986.60
2022/07/06,0941,19.70,19.70,19.38,19.40,6000,115633.56
2022/07/06,0942,19.40,19.40,19.39,19.40,2600,50432.00
2022/07/06,0943,19.39,19.80,19.39,19.40,18000,352721.94
2022/07/06,0944,19.41,19.48,19.41,19.41,13900,270301.75
2022/07/06,0945,19.48,19.69,19.48,19.69,3000,58578.00
2022/07/06,0946,19.69,19.69,19.50,19.50,3000,58880.00
2022/07/06,0947,19.50,19.66,19.50,19.50,2900,56616.00
2022/07/06,0948,19.50,19.50,19.49,19.50,5500,107276.00
2022/07/06,0949,19.44,19.45,19.44,19.45,1800,34994.00
2022/07/06,0950,19.43,19.43,19.42,19.42,7900,153471.36
2022/07/06,0951,19.42,19.45,19.42,19.45,6600,127490.94
2022/07/06,0952,19.43,19.44,19.43,19.44,1400,27205.00
2022/07/06,0953,19.78,19.78,19.44,19.77,21200,417837.81
2022/07/06,0954,19.44,19.45,19.44,19.45,1000,19447.00
2022/07/06,0955,19.50,19.50,19.46,19.50,3100,60374.00
2022/07/06,0956,19.46,19.68,19.46,19.46,3400,66642.00
2022/07/06,0957,19.46,19.46,19.46,19.46,2400,46561.32
2022/07/06,0958,19.46,19.46,19.46,19.46,2100,40869.00
2022/07/06,0959,19.78,19.78,19.46,19.46,13700,269172.00
2022/07/06,1000,19.46,19.47,19.46,19.46,4700,91478.00
2022/07/06,1001,19.46,19.46,19.45,19.46,2600,50983.20
2022/07/06,1002,19.46,19.46,19.46,19.46,900,17514.00
2022/07/06,1003,19.46,19.47,19.46,19.47,1300,25304.00
2022/07/06,1004,19.47,19.47,19.46,19.46,1900,37794.12
2022/07/06,1005,19.46,19.46,19.45,19.46,1300,25288.00
2022/07/06,1006,19.45,19.45,19.44,19.44,10200,197086.03
2022/07/06,1007,19.44,19.45,19.43,19.45,2900,57943.00
2022/07/06,1008,19.45,19.45,19.43,19.43,2000,38976.80
2022/07/06,1009,19.43,19.43,19.42,19.42,4600,88287.35
2022/07/06,1010,19.42,19.43,19.40,19.42,8000,156095.48
2022/07/06,1011,19.41,19.41,19.40,19.40,900,17464.00
2022/07/06,1012,19.41,19.44,19.40,19.44,6300,121652.60
2022/07/06,1013,19.44,19.44,19.39,19.39,5400,105699.27
2022/07/06,1014,19.38,19.38,19.37,19.37,3500,67613.70
2022/07/06,1015,19.36,19.36,19.36,19.36,1200,23232.00
2022/07/06,1016,19.35,19.35,19.32,19.32,12100,233862.34
2022/07/06,1017,19.32,19.32,19.25,19.25,23800,456871.50
2022/07/06,1018,19.26,19.27,19.25,19.27,14700,283130.00
2022/07/06,1019,19.27,19.27,19.24,19.24,5300,103401.74
2022/07/06,1020,19.25,19.26,19.24,19.25,5500,105845.00
2022/07/06,1021,19.26,19.30,19.24,19.25,5000,96266.20
2022/07/06,1022,19.25,19.26,19.25,19.26,1000,19253.00
2022/07/06,1023,19.26,19.30,19.25,19.26,1300,25048.00
2022/07/06,1024,19.25,19.26,19.25,19.25,1800,34663.00
2022/07/06,1025,19.25,19.25,19.23,19.23,26500,509164.47
2022/07/06,1026,19.22,19.23,19.22,19.22,3700,71559.06
2022/07/06,1027,19.22,19.22,19.21,19.21,7700,147941.77
2022/07/06,1028,19.21,19.23,19.21,19.23,4200,80732.00
2022/07/06,1029,19.22,19.23,19.21,19.21,5100,98039.00
2022/07/06,1030,19.21,19.36,19.21,19.21,11000,212152.23
2022/07/06,1031,19.22,19.22,19.22,19.22,2300,44204.00
2022/07/06,1032,19.22,19.22,19.22,19.22,700,13454.00
2022/07/06,1033,19.50,19.50,19.24,19.24,10200,198154.97
2022/07/06,1034,19.24,19.27,19.24,19.27,2100,40411.00
2022/07/06,1035,19.27,19.27,19.27,19.27,1200,23124.00
2022/07/06,1036,19.27,19.28,19.27,19.28,900,17348.00
2022/07/06,1037,19.28,19.29,19.28,19.29,500,9641.00
2022/07/06,1038,19.28,19.48,19.28,19.47,1700,33067.00
2022/07/06,1039,19.47,19.47,19.47,19.47,2000,38940.00
2022/07/06,1040,19.47,19.47,19.47,19.47,0,0.00
2022/07/06,1041,19.46,19.46,19.29,19.29,1100,21389.00
2022/07/06,1042,19.30,19.30,19.30,19.30,400,7735.00
2022/07/06,1043,19.33,19.33,19.31,19.31,1100,21245.00
2022/07/06,1044,19.31,19.31,19.31,19.31,1500,28965.00
2022/07/06,1045,19.30,19.33,19.29,19.29,3600,69585.77
2022/07/06,1046,19.29,19.29,19.29,19.29,300,5787.00
2022/07/06,1047,19.29,19.29,19.28,19.29,1700,32168.04
2022/07/06,1048,19.30,19.30,19.29,19.29,1200,23158.00
2022/07/06,1049,19.30,19.31,19.30,19.31,1100,21229.00
2022/07/06,1050,19.31,19.31,19.31,19.31,800,15448.00
2022/07/06,1051,19.32,19.35,19.32,19.35,600,11604.00
2022/07/06,1052,19.56,19.56,19.35,19.56,22400,437943.31
2022/07/06,1053,19.56,19.58,19.56,19.58,900,18696.90
2022/07/06,1054,19.58,19.67,19.58,19.67,2200,42077.15
2022/07/06,1055,19.40,19.71,19.40,19.40,2400,47160.46
2022/07/06,1056,19.44,19.44,19.44,19.44,600,11664.00
2022/07/06,1057,19.41,19.72,19.41,19.59,11900,235137.11
2022/07/06,1058,19.59,19.59,19.59,19.59,500,9795.00
2022/07/06,1059,19.45,19.45,19.45,19.45,300,4590.20
2022/07/06,1100,19.45,19.45,19.42,19.45,1000,19443.00
2022/07/06,1101,19.45,19.45,19.45,19.45,0,0.00
2022/07/06,1102,19.45,19.45,19.45,19.45,600,11670.00
2022/07/06,1103,19.45,19.45,19.45,19.45,200,3890.00
2022/07/06,1104,19.45,19.45,19.44,19.44,1300,25284.64
2022/07/06,1105,19.44,19.45,19.44,19.44,1000,19133.96
2022/07/06,1106,19.41,19.41,19.38,19.38,1600,31050.00
2022/07/06,1107,19.36,19.36,19.36,19.36,700,13552.00
2022/07/06,1108,19.36,19.36,19.36,19.36,600,12796.96
2022/07/06,1109,19.36,19.36,19.35,19.35,1000,19351.00
2022/07/06,1110,19.35,19.35,19.35,19.35,2200,42570.00
2022/07/06,1111,19.33,19.72,19.31,19.31,12600,246507.14
2022/07/06,1112,19.32,19.33,19.32,19.33,200,3865.00
2022/07/06,1113,19.33,19.72,19.33,19.35,10300,202425.02
2022/07/06,1114,19.35,19.69,19.35,19.69,600,11713.00
2022/07/06,1115,19.69,19.69,19.69,19.69,0,0.00
2022/07/06,1116,19.39,19.39,19.39,19.39,100,1939.00
2022/07/06,1117,19.39,19.40,19.39,19.40,300,5818.00
2022/07/06,1118,19.40,19.41,19.40,19.41,1000,19402.00
2022/07/06,1119,19.42,19.42,19.42,19.42,200,3884.00
2022/07/06,1120,19.43,19.43,19.43,19.43,100,1943.00
2022/07/06,1121,19.43,19.43,19.43,19.43,300,5829.00
2022/07/06,1122,19.71,19.71,19.71,19.71,20000,393319.22
2022/07/06,1123,19.43,19.43,19.43,19.43,200,3886.00
2022/07/06,1124,19.43,19.43,19.43,19.43,0,0.00
2022/07/06,1125,19.44,19.45,19.44,19.45,300,5834.00
2022/07/06,1126,19.50,19.50,19.50,19.50,600,11700.00
2022/07/06,1127,19.50,19.68,19.50,19.68,1200,23544.00
2022/07/06,1128,19.50,19.50,19.50,19.50,200,3900.00
2022/07/06,1129,19.50,19.50,19.50,19.50,1300,25350.00
2022/07/06,1130,19.48,19.50,19.48,19.48,900,17546.00
2022/07/06,1301,19.51,19.51,19.51,19.51,6900,134557.00
2022/07/06,1302,19.51,19.51,19.51,19.51,100,1951.00
2022/07/06,1303,19.51,19.52,19.51,19.52,200,3903.00
2022/07/06,1304,19.52,19.52,19.52,19.52,100,1952.00
2022/07/06,1305,19.54,19.54,19.52,19.52,700,13666.00
2022/07/06,1306,19.52,19.52,19.51,19.51,1200,23414.00
2022/07/06,1307,19.51,19.51,19.48,19.48,2500,48756.00
2022/07/06,1308,19.48,19.48,19.48,19.48,5900,114932.00
2022/07/06,1309,19.45,19.45,19.45,19.45,700,13615.00
2022/07/06,1310,19.45,19.47,19.45,19.47,10100,196645.00
2022/07/06,1311,19.46,19.46,19.45,19.45,300,6264.90
2022/07/06,1312,19.45,19.45,19.45,19.45,1600,29758.50
2022/07/06,1313,19.45,19.45,19.39,19.40,9200,178589.69
2022/07/06,1314,19.40,19.40,19.40,19.40,1900,37519.60
2022/07/06,1315,19.40,19.40,19.39,19.40,3500,67216.40
2022/07/06,1316,19.40,19.48,19.39,19.39,12300,239968.28
2022/07/06,1317,19.40,19.40,19.39,19.39,1600,31029.00
2022/07/06,1318,19.37,19.39,19.37,19.39,9500,184159.80
2022/07/06,1319,19.40,19.40,19.37,19.37,2800,54252.00
2022/07/06,1320,19.37,19.40,19.37,19.37,900,17436.00
2022/07/06,1321,19.40,19.40,19.40,19.40,5000,97000.00
2022/07/06,1322,19.40,19.40,19.40,19.40,400,7760.00
2022/07/06,1323,19.39,19.39,19.39,19.39,1300,25207.00
2022/07/06,1324,19.39,19.40,19.37,19.40,5200,100753.00
2022/07/06,1325,19.37,19.38,19.36,19.37,6300,122444.36
2022/07/06,1326,19.35,19.35,19.35,19.35,6000,115579.97
2022/07/06,1327,19.35,19.35,19.35,19.35,4700,90964.36
2022/07/06,1328,19.35,19.35,19.34,19.34,600,12053.05
2022/07/06,1329,19.34,19.34,19.34,19.34,800,15472.00
2022/07/06,1330,19.32,19.32,19.32,19.32,3700,71352.76
2022/07/06,1331,19.33,19.33,19.31,19.31,8300,160135.20
2022/07/06,1332,19.33,19.33,19.31,19.31,500,9659.00
2022/07/06,1333,19.31,19.31,19.30,19.30,9400,181642.42
2022/07/06,1334,19.30,19.30,19.30,19.30,4800,92350.50
2022/07/06,1335,19.30,19.30,19.29,19.29,2300,45158.00
2022/07/06,1336,19.28,19.28,19.27,19.27,3900,73917.79
2022/07/06,1337,19.27,19.27,19.27,19.27,500,9636.00
2022/07/06,1338,19.28,19.28,19.27,19.28,900,18507.80
2022/07/06,1339,19.27,19.30,19.27,19.30,800,15419.40
2022/07/06,1340,19.27,19.27,19.27,19.27,500,9635.00
2022/07/06,1341,19.27,19.28,19.27,19.28,300,5783.00
2022/07/06,1342,19.30,19.30,19.29,19.29,300,5789.00
2022/07/06,1343,19.29,19.30,19.27,19.27,2500,48260.91
2022/07/06,1344,19.27,19.27,19.26,19.26,1700,33078.59
2022/07/06,1345,19.25,19.26,19.25,19.26,800,15403.00
2022/07/06,1346,19.26,19.27,19.26,19.27,1300,24136.78
2022/07/06,1347,19.30,19.30,19.27,19.28,4200,80953.60
2022/07/06,1348,19.46,19.46,19.30,19.30,10300,199830.67
2022/07/06,1349,19.30,19.30,19.30,19.30,7500,145174.59
2022/07/06,1350,19.30,19.30,19.28,19.28,1700,32629.32
2022/07/06,1351,19.28,19.37,19.27,19.27,14300,275976.06
2022/07/06,1352,19.27,19.27,19.27,19.27,6000,115427.30
2022/07/06,1353,19.28,19.28,19.28,19.28,400,7712.00
2022/07/06,1354,19.28,19.28,19.27,19.27,2000,38568.27
2022/07/06,1355,19.27,19.30,19.27,19.28,900,17465.62
2022/07/06,1356,19.30,19.30,19.28,19.28,1300,25088.00
2022/07/06,1357,19.28,19.28,19.28,19.28,300,5784.00
2022/07/06,1358,19.28,19.28,19.27,19.27,2400,45980.22
2022/07/06,1359,19.28,19.28,19.25,19.27,10500,201858.39
2022/07/06,1400,19.27,19.27,19.27,19.27,1400,26746.76
2022/07/06,1401,19.27,19.27,19.25,19.25,3300,64201.50
2022/07/06,1402,19.25,19.26,19.25,19.26,3600,69435.75
2022/07/06,1403,19.25,19.26,19.24,19.25,22900,440787.16
2022/07/06,1404,19.25,19.25,19.25,19.25,6100,117906.25
2022/07/06,1405,19.25,19.25,19.24,19.24,5900,113649.69
2022/07/06,1406,19.24,19.25,19.24,19.25,800,14681.12
2022/07/06,1407,19.26,19.26,19.25,19.25,600,11553.00
2022/07/06,1408,19.26,19.26,19.26,19.26,100,1926.00
2022/07/06,1409,19.26,19.26,19.26,19.26,500,9630.00
2022/07/06,1410,19.26,19.26,19.24,19.24,5300,101808.13
2022/07/06,1411,19.23,19.23,19.23,19.23,2100,40383.00
2022/07/06,1412,19.23,19.23,19.23,19.23,700,13461.00
2022/07/06,1413,19.23,19.23,19.22,19.22,8800,170220.88
2022/07/06,1414,19.21,19.21,19.21,19.21,2700,51867.00
2022/07/06,1415,19.21,19.22,19.21,19.22,2200,42273.00
2022/07/06,1416,19.21,19.22,19.21,19.21,1500,28818.00
2022/07/06,1417,19.21,19.46,19.20,19.46,31100,598595.50
2022/07/06,1418,19.68,19.68,19.68,19.68,21700,423920.03
2022/07/06,1419,19.30,19.64,19.26,19.26,800,15534.00
2022/07/06,1420,19.27,19.27,19.27,19.27,100,1927.00
2022/07/06,1421,19.27,19.60,19.27,19.60,2100,41127.00
2022/07/06,1422,19.31,19.59,19.31,19.59,700,13604.00
2022/07/06,1423,19.58,19.58,19.33,19.37,500,9702.00
2022/07/06,1424,19.37,19.37,19.37,19.37,0,0.00
2022/07/06,1425,19.37,19.37,19.33,19.33,3000,58070.00
2022/07/06,1426,19.33,19.33,19.31,19.31,200,3864.00
2022/07/06,1427,19.33,19.37,19.33,19.33,1300,24166.50
2022/07/06,1428,19.33,19.37,19.33,19.33,1500,28999.00
2022/07/06,1429,19.34,19.60,19.34,19.60,20200,394880.53
2022/07/06,1430,19.34,19.34,19.34,19.34,200,3868.00
2022/07/06,1431,19.34,19.34,19.34,19.34,0,0.00
2022/07/06,1432,19.34,19.55,19.34,19.55,2700,52574.00
2022/07/06,1433,19.55,19.55,19.34,19.34,700,13643.00
2022/07/06,1434,19.34,19.34,19.33,19.34,700,13536.00
2022/07/06,1435,19.34,19.34,19.34,19.34,300,5802.00
2022/07/06,1436,19.35,19.36,19.35,19.36,400,7741.00
2022/07/06,1437,19.36,19.37,19.36,19.36,700,13554.00
2022/07/06,1438,19.38,19.38,19.38,19.38,200,3876.00
2022/07/06,1439,19.36,19.38,19.36,19.38,1000,19364.00
2022/07/06,1440,19.37,19.38,19.36,19.36,800,15649.88
2022/07/06,1441,19.36,19.36,19.36,19.36,1100,21141.12
2022/07/06,1442,19.37,19.38,19.37,19.37,1700,32940.00
2022/07/06,1443,19.38,19.39,19.38,19.38,800,15506.00
2022/07/06,1444,19.38,19.38,19.38,19.38,300,5814.00
2022/07/06,1445,19.39,19.39,19.38,19.38,700,13567.00
2022/07/06,1446,19.39,19.40,19.39,19.40,700,13574.00
2022/07/06,1447,19.44,19.44,19.44,19.44,500,9720.00
2022/07/06,1448,19.45,19.45,19.41,19.41,1500,29012.54
2022/07/06,1449,19.41,19.41,19.41,19.41,1700,32997.00
2022/07/06,1450,19.41,19.41,19.40,19.41,2300,44633.00
2022/07/06,1451,19.42,19.60,19.42,19.60,20100,393546.00
2022/07/06,1452,19.42,19.42,19.41,19.41,3100,60316.52
2022/07/06,1453,19.40,19.41,19.40,19.41,400,7762.00
2022/07/06,1454,19.40,19.41,19.39,19.39,1000,19404.00
2022/07/06,1455,19.39,19.40,19.39,19.39,1300,25343.80
2022/07/06,1456,19.39,19.39,19.38,19.39,6000,116293.50
2022/07/06,1457,19.39,19.39,19.36,19.38,2600,49407.50
2022/07/06,1458,19.36,19.36,19.36,19.36,500,9834.88
2022/07/06,1459,19.36,19.36,19.36,19.36,0,0.00
2022/07/06,1500,19.21,19.21,19.21,19.21,53600,1030443.63
2022/07/07,0931,19.60,19.60,19.52,19.52,29000,567890.88
2022/07/07,0932,19.52,19.57,19.50,19.52,5800,113248.30
2022/07/07,0933,19.52,19.52,19.50,19.50,1500,28893.12
2022/07/07,0934,19.50,19.50,19.44,19.44,2200,44533.00
2022/07/07,0935,19.40,19.40,19.40,19.40,1000,19400.00
2022/07/07,0936,19.30,19.30,19.23,19.23,13200,253925.00
2022/07/07,0937,19.35,19.35,19.22,19.24,4600,86777.54
2022/07/07,0938,19.24,19.24,19.24,19.24,1500,28880.00
2022/07/07,0939,19.25,19.33,19.25,19.33,300,7578.69
2022/07/07,0940,19.27,19.28,19.27,19.28,300,5782.00
2022/07/07,0941,19.31,19.60,19.29,19.55,21100,410276.78
2022/07/07,0942,19.33,19.34,19.33,19.34,500,10690.49
2022/07/07,0943,19.40,19.40,19.33,19.33,7400,142070.98
2022/07/07,0944,19.35,19.40,19.35,19.40,600,11630.00
2022/07/07,0945,19.40,19.40,19.40,19.40,2500,48500.00
2022/07/07,0946,19.49,19.49,19.46,19.46,4300,83792.00
2022/07/07,0947,19.41,19.45,19.41,19.45,3800,74077.05
2022/07/07,0948,19.41,19.41,19.41,19.41,100,1766.31
2022/07/07,0949,19.42,19.42,19.42,19.42,3400,66039.00
2022/07/07,0950,19.41,19.41,19.41,19.41,3800,73932.69
2022/07/07,0951,19.40,19.41,19.40,19.41,4400,85923.20
2022/07/07,0952,19.40,19.41,19.40,19.41,1900,36698.31
2022/07/07,0953,19.40,19.58,19.40,19.58,11300,220362.09
2022/07/07,0954,19.58,19.58,19.57,19.57,1000,19579.00
2022/07/07,0955,19.56,19.58,19.56,19.56,7400,144825.89
2022/07/07,0956,19.56,19.56,19.53,19.53,1200,23466.00
2022/07/07,0957,19.53,19.53,19.50,19.50,8100,158086.00
2022/07/07,0958,19.54,19.58,19.54,19.55,7300,142400.06
2022/07/07,0959,19.55,19.55,19.54,19.54,3300,64888.00
2022/07/07,1000,19.50,19.50,19.50,19.50,7200,140745.50
2022/07/07,1001,19.53,19.54,19.53,19.54,3800,74232.00
2022/07/07,1002,19.50,19.55,19.50,19.53,3400,66459.00
2022/07/07,1003,19.53,19.55,19.53,19.55,2500,48442.40
2022/07/07,1004,19.55,19.55,19.54,19.55,3900,75024.90
2022/07/07,1005,19.56,19.58,19.56,19.58,1800,35275.10
2022/07/07,1006,19.59,19.59,19.58,19.58,600,11753.00
2022/07/07,1007,19.58,19.60,19.58,19.59,9600,188116.00
2022/07/07,1008,19.69,19.69,19.60,19.61,20700,406234.81
2022/07/07,1009,19.67,19.70,19.67,19.69,10000,197381.34
2022/07/07,1010,19.70,19.70,19.69,19.70,6500,128027.00
2022/07/07,1011,19.70,19.72,19.70,19.71,5900,116332.15
2022/07/07,1012,19.70,19.71,19.70,19.71,5700,113105.70
2022/07/07,1013,19.71,19.76,19.70,19.71,17000,335425.00
2022/07/07,1014,19.72,19.75,19.71,19.75,10800,211798.50
2022/07/07,1015,19.75,19.75,19.70,19.70,8600,171377.00
2022/07/07,1016,19.70,19.70,19.68,19.68,8500,167294.23
2022/07/07,1017,19.68,19.68,19.68,19.68,1100,20231.04
2022/07/07,1018,19.68,19.68,19.68,19.68,500,11256.96
2022/07/07,1019,19.68,19.68,19.67,19.67,200,2518.04
2022/07/07,1020,19.67,19.67,19.66,19.66,300,5900.00
2022/07/07,1021,19.66,19.66,19.60,19.60,1800,35307.00
2022/07/07,1022,19.60,19.60,19.60,19.60,2300,45080.00
2022/07/07,1023,19.60,19.60,19.60,19.60,1400,27440.00
2022/07/07,1024,19.60,19.60,19.60,19.60,100,1960.00
2022/07/07,1025,19.60,19.60,19.60,19.60,0,0.00
2022/07/07,1026,19.60,19.60,19.60,19.60,1900,37241.00
2022/07/07,1027,19.60,19.60,19.60,19.60,700,14660.80
2022/07/07,1028,19.60,19.60,19.60,19.60,0,0.00
2022/07/07,1029,19.58,19.58,19.58,19.58,500,9790.00
2022/07/07,1030,19.58,19.58,19.58,19.58,0,0.00
2022/07/07,1031,19.60,19.60,19.60,19.60,200,3919.00
2022/07/07,1032,19.60,19.60,19.58,19.60,1000,18657.20
2022/07/07,1033,19.70,19.70,19.70,19.70,9900,196293.06
2022/07/07,1034,19.70,19.79,19.70,19.78,23700,467636.06
2022/07/07,1035,19.76,19.76,19.73,19.73,600,11844.00
2022/07/07,1036,19.76,19.76,19.76,19.76,1400,27664.00
2022/07/07,1037,19.77,19.78,19.77,19.78,9800,193779.00
2022/07/07,1038,19.77,19.79,19.77,19.79,9900,196407.56
2022/07/07,1039,19.79,19.81,19.78,19.81,11300,223706.00
2022/07/07,1040,19.81,19.82,19.80,19.82,3600,71305.05
2022/07/07,1041,19.81,19.81,19.79,19.79,2900,57408.00
2022/07/07,1042,19.79,19.79,19.79,19.79,4300,85097.00
2022/07/07,1043,19.79,19.79,19.79,19.79,800,15990.32
2022/07/07,1044,19.80,19.80,19.79,19.79,5300,104915.08
2022/07/07,1045,19.79,19.80,19.79,19.80,7700,151181.42
2022/07/07,1046,19.80,19.81,19.80,19.80,6000,119833.35
2022/07/07,1047,19.78,19.78,19.72,19.72,1900,36866.52
2022/07/07,1048,19.71,19.72,19.71,19.72,600,12498.48
2022/07/07,1049,19.72,19.72,19.72,19.72,400,7888.00
2022/07/07,1050,19.72,19.72,19.72,19.72,2000,39440.00
2022/07/07,1051,19.72,19.72,19.72,19.72,0,0.00
2022/07/07,1052,19.72,19.72,19.72,19.72,300,5916.00
2022/07/07,1053,19.72,19.72,19.71,19.71,500,9185.52
2022/07/07,1054,19.72,19.72,19.72,19.72,1500,29570.00
2022/07/07,1055,19.72,19.72,19.72,19.72,100,2642.48
2022/07/07,1056,19.72,19.72,19.72,19.72,100,1972.00
2022/07/07,1057,19.72,19.72,19.72,19.72,500,9860.00
2022/07/07,1058,19.72,19.72,19.72,19.72,0,0.00
2022/07/07,1059,19.72,19.72,19.72,19.72,600,11832.00
2022/07/07,1100,19.72,19.72,19.72,19.72,0,0.00
2022/07/07,1101,19.72,19.72,19.72,19.72,1000,18773.44
2022/07/07,1102,19.72,19.72,19.72,19.72,100,1972.00
2022/07/07,1103,19.71,19.71,19.70,19.70,1600,30919.99
2022/07/07,1104,19.66,19.66,19.66,19.66,400,7962.50
2022/07/07,1105,19.66,19.66,19.66,19.66,600,11796.00
2022/07/07,1106,19.66,19.66,19.66,19.66,0,0.00
2022/07/07,1107,19.65,19.65,19.62,19.62,300,5889.00
2022/07/07,1108,19.62,19.62,19.62,19.62,700,13734.00
2022/07/07,1109,19.62,19.62,19.62,19.62,100,1962.00
2022/07/07,1110,19.62,19.62,19.62,19.62,100,1962.00
2022/07/07,1111,19.62,19.62,19.62,19.62,1000,19620.00
2022/07/07,1112,19.62,19.62,19.62,19.62,1800,35316.00
2022/07/07,1113,19.62,19.62,19.62,19.62,100,1962.00
2022/07/07,1114,19.62,19.62,19.62,19.62,2200,43164.00
2022/07/07,1115,19.61,19.61,19.61,19.61,800,15688.00
2022/07/07,1116,19.61,19.61,19.61,19.61,500,9805.00
2022/07/07,1117,19.61,19.90,19.61,19.90,39900,790855.00
2022/07/07,1118,19.96,19.96,19.90,19.90,20300,405085.31
2022/07/07,1119,19.89,19.89,19.65,19.87,500,9895.00
2022/07/07,1120,19.87,19.87,19.87,19.87,200,3974.00
2022/07/07,1121,19.87,19.87,19.87,19.87,0,0.00
2022/07/07,1122,19.87,19.87,19.87,19.87,0,0.00
2022/07/07,1123,19.85,19.85,19.85,19.85,200,3970.00
2022/07/07,1124,19.85,19.85,19.85,19.85,800,15880.00
2022/07/07,1125,19.85,19.85,19.85,19.85,0,0.00
2022/07/07,1126,19.95,19.95,19.95,19.95,10000,199121.25
2022/07/07,1127,19.75,19.92,19.75,19.92,700,13842.00
2022/07/07,1128,19.76,19.76,19.76,19.76,100,1976.00
2022/07/07,1129,19.76,19.76,19.76,19.76,400,7904.00
2022/07/07,1130,19.80,19.98,19.80,19.98,20400,407012.34
2022/07/07,1301,19.87,19.87,19.87,19.87,400,7941.00
2022/07/07,1302,19.94,19.97,19.93,19.97,8200,163639.08
2022/07/07,1303,19.93,19.97,19.93,19.97,2300,45903.00
2022/07/07,1304,19.93,19.93,19.88,19.88,6300,125309.70
2022/07/07,1305,19.88,19.88,19.88,19.88,500,9940.00
2022/07/07,1306,19.87,19.87,19.87,19.87,1900,37753.00
2022/07/07,1307,19.81,19.85,19.80,19.85,3700,73415.00
2022/07/07,1308,19.80,19.80,19.80,19.80,200,3960.00
2022/07/07,1309,19.85,19.89,19.85,19.89,3400,68411.44
2022/07/07,1310,19.86,19.93,19.86,19.93,8800,175308.88
2022/07/07,1311,19.92,19.93,19.92,19.93,8100,162221.20
2022/07/07,1312,19.93,19.93,19.86,19.86,3200,63692.00
2022/07/07,1313,19.86,19.86,19.82,19.82,1600,31724.00
2022/07/07,1314,19.82,19.82,19.80,19.82,3500,69366.00
2022/07/07,1315,19.96,19.96,19.96,19.96,10000,199374.45
2022/07/07,1316,19.81,19.88,19.81,19.88,500,9813.72
2022/07/07,1317,19.82,19.88,19.81,19.88,1800,35711.00
2022/07/07,1318,19.88,19.88,19.88,19.88,0,0.00
2022/07/07,1319,19.88,19.88,19.88,19.88,0,0.00
2022/07/07,1320,19.88,19.88,19.88,19.88,600,11311.72
2022/07/07,1321,19.88,19.88,19.88,19.88,1300,26321.12
2022/07/07,1322,19.88,19.88,19.88,19.88,1400,27832.00
2022/07/07,1323,19.92,19.92,19.92,19.92,800,15936.00
2022/07/07,1324,19.92,19.92,19.88,19.88,1500,30007.16
2022/07/07,1325,19.85,19.85,19.85,19.85,4000,79400.00
2022/07/07,1326,19.85,19.85,19.85,19.85,0,0.00
2022/07/07,1327,19.88,19.88,19.88,19.88,1400,27691.84
2022/07/07,1328,19.83,19.83,19.83,19.83,100,2122.16
2022/07/07,1329,19.88,19.88,19.88,19.88,700,13775.84
2022/07/07,1330,19.88,19.88,19.88,19.88,0,139.16
2022/07/07,1331,19.84,19.88,19.84,19.84,1400,27824.00
2022/07/07,1332,19.83,19.84,19.83,19.84,500,9919.00
2022/07/07,1333,19.84,19.84,19.84,19.84,3100,61504.00
2022/07/07,1334,19.84,19.85,19.84,19.85,1900,37708.00
2022/07/07,1335,19.84,19.88,19.84,19.88,6300,125121.00
2022/07/07,1336,19.90,19.90,19.89,19.89,3900,77581.14
2022/07/07,1337,19.89,19.92,19.89,19.91,2900,57779.89
2022/07/07,1338,19.91,19.91,19.90,19.90,5900,117427.11
2022/07/07,1339,19.84,19.89,19.84,19.87,5300,105018.60
2022/07/07,1340,19.90,19.90,19.87,19.87,9100,181071.91
2022/07/07,1341,19.91,19.95,19.91,19.95,10000,199766.55
2022/07/07,1342,19.95,19.96,19.87,19.96,13900,276853.47
2022/07/07,1343,19.96,19.97,19.90,19.97,24900,497017.44
2022/07/07,1344,19.97,19.99,19.97,19.99,33200,662461.25
2022/07/07,1345,19.99,20.03,19.99,20.03,90400,1807912.00
2022/07/07,1346,20.03,20.06,20.03,20.06,22000,441889.63
2022/07/07,1347,20.07,20.10,20.06,20.08,41300,829673.94
2022/07/07,1348,20.10,20.11,20.10,20.10,28000,562452.06
2022/07/07,1349,20.01,20.07,20.01,20.07,700,14028.00
2022/07/07,1350,20.02,20.02,20.01,20.02,600,12230.22
2022/07/07,1351,20.01,20.03,20.01,20.03,1000,19796.78
2022/07/07,1352,20.05,20.05,20.03,20.05,4600,92382.40
2022/07/07,1353,20.05,20.06,20.03,20.03,2400,48121.00
2022/07/07,1354,20.03,20.03,20.02,20.02,3200,64090.00
2022/07/07,1355,20.02,20.02,20.02,20.02,1400,28028.00
2022/07/07,1356,20.02,20.02,20.02,20.02,4000,80080.00
2022/07/07,1357,20.02,20.03,20.02,20.02,1700,34037.00
2022/07/07,1358,20.02,20.02,20.01,20.01,4400,88293.22
2022/07/07,1359,20.01,20.01,19.95,19.95,1700,33208.61
2022/07/07,1400,20.00,20.00,20.00,20.00,6000,120000.00
2022/07/07,1401,20.00,20.00,20.00,20.00,600,12000.00
2022/07/07,1402,20.00,20.00,20.00,20.00,1400,28000.00
2022/07/07,1403,20.00,20.01,20.00,20.00,900,18004.00
2022/07/07,1404,20.01,20.01,20.00,20.01,2400,48017.00
2022/07/07,1405,20.01,20.01,20.00,20.00,2800,56010.00
2022/07/07,1406,19.98,19.98,19.98,19.98,500,9990.00
2022/07/07,1407,19.97,20.02,19.97,20.00,12900,258458.11
2022/07/07,1408,20.00,20.00,20.00,20.00,700,14000.00
2022/07/07,1409,20.01,20.01,20.01,20.01,1000,20010.00
2022/07/07,1410,20.01,20.02,20.01,20.01,2200,44832.40
2022/07/07,1411,20.00,20.00,20.00,20.00,300,6000.00
2022/07/07,1412,20.00,20.00,20.00,20.00,3400,68000.00
2022/07/07,1413,20.00,20.00,20.00,20.00,1000,20000.00
2022/07/07,1414,20.01,20.01,20.00,20.00,2700,54005.00
2022/07/07,1415,20.00,20.02,20.00,20.00,5300,106064.50
2022/07/07,1416,20.00,20.01,20.00,20.01,1800,36014.81
2022/07/07,1417,20.01,20.01,20.00,20.00,200,4001.00
2022/07/07,1418,20.00,20.00,20.00,20.00,600,12000.00
2022/07/07,1419,20.00,20.00,20.00,20.00,2100,42000.00
2022/07/07,1420,20.00,20.01,20.00,20.00,4800,96025.00
2022/07/07,1421,20.00,20.00,20.00,20.00,900,18000.00
2022/07/07,1422,20.01,20.01,20.00,20.00,1200,24005.00
2022/07/07,1423,20.00,20.00,20.00,20.00,2900,58001.00
2022/07/07,1424,20.00,20.00,20.00,20.00,1300,26000.00
2022/07/07,1425,20.00,20.00,20.00,20.00,900,18000.00
2022/07/07,1426,20.00,20.00,20.00,20.00,3400,67840.00
2022/07/07,1427,20.00,20.00,20.00,20.00,4700,92320.00
2022/07/07,1428,19.99,19.99,19.99,19.99,3400,67966.00
2022/07/07,1429,19.99,20.00,19.99,20.00,4300,86086.00
2022/07/07,1430,20.00,20.01,20.00,20.01,9900,198091.00
2022/07/07,1431,20.01,20.01,20.01,20.01,2800,56928.45
2022/07/07,1432,20.01,20.01,20.00,20.00,800,16002.00
2022/07/07,1433,20.00,20.00,20.00,20.00,300,6000.00
2022/07/07,1434,20.00,20.00,20.00,20.00,900,18000.00
2022/07/07,1435,20.00,20.00,20.00,20.00,5800,116000.00
2022/07/07,1436,20.00,20.00,20.00,20.00,4400,88500.00
2022/07/07,1437,20.00,20.01,20.00,20.00,2300,46002.00
2022/07/07,1438,20.00,20.00,19.99,19.99,20600,411758.00
2022/07/07,1439,19.99,20.00,19.99,20.00,5200,102950.50
2022/07/07,1440,20.00,20.00,19.99,19.99,3100,61971.00
2022/07/07,1441,19.99,19.99,19.99,19.99,4700,94052.95
2022/07/07,1442,19.99,19.99,19.99,19.99,2900,59172.40
2022/07/07,1443,19.99,20.00,19.99,19.99,12300,246208.91
2022/07/07,1444,19.99,20.00,19.99,19.99,2300,45987.00
2022/07/07,1445,19.99,19.99,19.98,19.98,4700,92465.74
2022/07/07,1446,19.98,19.98,19.98,19.98,1800,35964.00
2022/07/07,1447,19.99,19.99,19.98,19.98,3100,63357.58
2022/07/07,1448,19.96,19.96,19.95,19.95,600,11396.45
2022/07/07,1449,19.95,19.95,19.95,19.95,500,9975.00
2022/07/07,1450,19.95,19.95,19.95,19.95,500,10553.55
2022/07/07,1451,19.99,20.00,19.99,20.00,8400,167363.41
2022/07/07,1452,19.99,19.99,19.99,19.99,1600,31984.00
2022/07/07,1453,19.99,20.00,19.99,19.99,1000,19797.00
2022/07/07,1454,19.99,20.00,19.99,19.99,4700,92955.50
2022/07/07,1455,19.99,19.99,19.99,19.99,900,17991.00
2022/07/07,1456,19.99,20.00,19.99,20.00,7300,145947.00
2022/07/07,1457,19.99,19.99,19.98,19.98,2900,59493.23
2022/07/07,1458,19.98,19.98,19.98,19.98,0,0.00
2022/07/07,1459,19.98,19.98,19.98,19.98,0,0.00
2022/07/07,1500,20.00,20.00,20.00,20.00,12000,240000.00
2022/07/08,0931,20.01,20.09,20.01,20.09,10700,213363.56
2022/07/08,0932,20.08,20.09,20.03,20.04,4200,84276.80
2022/07/08,0933,20.04,20.04,20.01,20.01,6500,130549.57
2022/07/08,0934,20.01,20.01,20.00,20.00,19500,389769.38
2022/07/08,0935,20.00,20.00,20.00,20.00,16900,337908.00
2022/07/08,0936,19.91,19.91,19.83,19.83,4400,87504.00
2022/07/08,0937,19.83,19.93,19.83,19.93,3700,73481.00
2022/07/08,0938,19.93,20.01,19.93,20.01,5400,108284.14
2022/07/08,0939,20.01,20.01,20.00,20.01,4600,91750.86
2022/07/08,0940,20.01,20.02,20.01,20.02,5200,104093.00
2022/07/08,0941,20.02,20.02,20.01,20.01,600,12010.00
2022/07/08,0942,20.01,20.02,20.01,20.02,3600,72047.99
2022/07/08,0943,20.02,20.03,20.02,20.02,2300,46056.00
2022/07/08,0944,20.03,20.03,20.02,20.02,2100,42045.00
2022/07/08,0945,20.02,20.02,20.02,20.02,1100,23223.20
2022/07/08,0946,20.00,20.00,20.00,20.00,6300,126460.00
2022/07/08,0947,19.91,19.91,19.91,19.91,15300,303858.06
2022/07/08,0948,19.99,19.99,19.91,19.99,3300,65943.00
2022/07/08,0949,19.92,19.99,19.92,19.99,600,11987.00
2022/07/08,0950,19.92,20.02,19.92,20.02,29300,585948.00
2022/07/08,0951,19.92,19.92,19.92,19.92,1000,19920.00
2022/07/08,0952,19.92,19.92,19.92,19.92,100,1992.00
2022/07/08,0953,19.92,19.99,19.92,19.93,1000,19937.00
2022/07/08,0954,19.93,19.94,19.93,19.94,400,7973.00
2022/07/08,0955,19.93,19.93,19.93,19.93,3000,60606.20
2022/07/08,0956,19.95,19.96,19.95,19.96,300,5986.00
2022/07/08,0957,19.96,19.96,19.96,19.96,600,11976.00
2022/07/08,0958,19.96,20.00,19.96,20.00,1400,27996.00
2022/07/08,0959,20.00,20.01,20.00,20.00,1400,28010.00
2022/07/08,1000,20.00,20.00,20.00,20.00,600,12000.00
2022/07/08,1001,20.01,20.01,20.01,20.01,2100,42021.00
2022/07/08,1002,20.01,20.02,20.01,20.01,5200,104082.00
2022/07/08,1003,20.00,20.00,20.00,20.00,1100,22000.00
2022/07/08,1004,20.00,20.00,20.00,20.00,1000,20000.00
2022/07/08,1005,20.00,20.00,20.00,20.00,3300,66000.00
2022/07/08,1006,20.00,20.00,20.00,20.00,1400,28000.00
2022/07/08,1007,20.00,20.00,19.99,19.99,3900,77998.00
2022/07/08,1008,19.99,19.99,19.98,19.98,21300,425779.00
2022/07/08,1009,19.98,19.98,19.98,19.98,10700,214085.70
2022/07/08,1010,19.98,19.98,19.98,19.98,4700,93906.00
2022/07/08,1011,19.98,20.00,19.98,20.00,2100,41969.77
2022/07/08,1012,19.98,19.98,19.98,19.98,4500,89910.00
2022/07/08,1013,19.98,19.98,19.98,19.98,0,0.00
2022/07/08,1014,19.98,19.98,19.98,19.98,200,3996.00
2022/07/08,1015,19.99,19.99,19.99,19.99,1700,33983.00
2022/07/08,1016,19.99,19.99,19.99,19.99,300,5997.00
2022/07/08,1017,19.99,19.99,19.99,19.99,0,0.00
2022/07/08,1018,19.98,19.98,19.96,19.96,4100,81578.30
2022/07/08,1019,19.96,19.96,19.95,19.95,9000,179781.45
2022/07/08,1020,19.95,19.95,19.95,19.95,1600,31920.00
2022/07/08,1021,19.95,19.95,19.95,19.95,200,3990.00
2022/07/08,1022,19.98,19.98,19.95,19.95,600,11762.55
2022/07/08,1023,19.93,19.95,19.93,19.95,4400,87961.50
2022/07/08,1024,19.95,19.97,19.95,19.97,1100,21925.06
2022/07/08,1025,19.96,19.96,19.95,19.95,1600,31926.00
2022/07/08,1026,19.95,19.96,19.95,19.95,1900,37610.75
2022/07/08,1027,19.93,19.95,19.93,19.95,700,13961.00
2022/07/08,1028,19.95,19.97,19.95,19.95,800,15790.45
2022/07/08,1029,19.95,19.95,19.95,19.95,0,0.00
2022/07/08,1030,19.95,19.95,19.95,19.95,1800,35910.00
2022/07/08,1031,19.95,19.95,19.95,19.95,400,7980.00
2022/07/08,1032,19.95,19.99,19.95,19.99,7400,148883.25
2022/07/08,1033,20.00,20.00,20.00,20.00,11100,220460.00
2022/07/08,1034,20.00,20.00,20.00,20.00,6200,124000.00
2022/07/08,1035,20.00,20.00,20.00,20.00,1200,24000.00
2022/07/08,1036,20.00,20.01,20.00,20.00,2900,58005.00
2022/07/08,1037,20.00,20.00,20.00,20.00,0,0.00
2022/07/08,1038,20.00,20.00,20.00,20.00,100,2000.00
2022/07/08,1039,20.00,20.00,19.99,19.99,700,15537.00
2022/07/08,1040,19.99,19.99,19.99,19.99,100,1999.00
2022/07/08,1041,19.99,19.99,19.99,19.99,1000,19990.00
2022/07/08,1042,20.00,20.00,19.99,19.99,2300,45997.00
2022/07/08,1043,19.99,19.99,19.99,19.99,400,7996.00
2022/07/08,1044,19.99,19.99,19.99,19.99,800,15992.00
2022/07/08,1045,19.99,19.99,19.99,19.99,0,0.00
2022/07/08,1046,19.99,20.00,19.99,20.00,13900,276839.00
2022/07/08,1047,20.00,20.00,20.00,20.00,1700,33600.00
2022/07/08,1048,20.00,20.00,20.00,20.00,900,18000.00
2022/07/08,1049,20.00,20.00,20.00,20.00,100,2000.00
2022/07/08,1050,20.00,20.00,20.00,20.00,1300,26000.00
2022/07/08,1051,20.00,20.00,20.00,20.00,800,16000.00
2022/07/08,1052,20.00,20.00,19.99,19.99,3400,67820.86
2022/07/08,1053,20.00,20.00,20.00,20.00,1000,20000.00
2022/07/08,1054,20.00,20.00,20.00,20.00,1400,28000.00
2022/07/08,1055,20.00,20.00,20.00,20.00,0,0.00
2022/07/08,1056,20.01,20.01,20.00,20.01,10600,212562.23
2022/07/08,1057,20.01,20.02,20.01,20.02,9900,198188.00
2022/07/08,1058,20.03,20.03,20.01,20.02,15300,306452.91
2022/07/08,1059,20.03,20.04,20.02,20.02,5200,105350.94
2022/07/08,1100,20.02,20.03,20.02,20.03,700,12416.60
2022/07/08,1101,20.03,20.03,20.00,20.03,1400,28021.00
2022/07/08,1102,20.00,20.04,20.00,20.04,15100,303127.38
2022/07/08,1103,20.03,20.04,20.02,20.02,4300,85534.95
2022/07/08,1104,20.04,20.05,20.02,20.02,10700,215945.88
2022/07/08,1105,20.02,20.02,20.02,20.02,300,6006.00
2022/07/08,1106,20.04,20.04,20.03,20.03,1000,20034.00
2022/07/08,1107,20.04,20.04,20.02,20.02,4100,82124.84
2022/07/08,1108,20.02,20.02,20.02,20.02,2100,42042.00
2022/07/08,1109,20.02,20.02,20.02,20.02,800,16016.00
2022/07/08,1110,20.02,20.02,20.01,20.01,2400,48187.14
2022/07/08,1111,20.01,20.01,20.01,20.01,500,10005.00
2022/07/08,1112,20.01,20.01,20.01,20.01,900,18009.00
2022/07/08,1113,20.01,20.01,20.01,20.01,2300,46023.00
2022/07/08,1114,20.00,20.00,20.00,20.00,100,2000.00
2022/07/08,1115,20.00,20.00,20.00,20.00,400,8000.00
2022/07/08,1116,20.00,20.00,20.00,20.00,600,12000.00
2022/07/08,1117,20.00,20.00,19.99,19.99,19300,384658.63
2022/07/08,1118,19.95,19.95,19.95,19.95,400,7980.00
2022/07/08,1119,19.95,19.99,19.95,19.99,1900,39172.39
2022/07/08,1120,20.00,20.00,20.00,20.00,400,8000.00
2022/07/08,1121,20.00,20.00,20.00,20.00,0,0.00
2022/07/08,1122,20.00,20.00,20.00,20.00,0,0.00
2022/07/08,1123,20.00,20.00,20.00,20.00,300,6000.00
2022/07/08,1124,20.00,20.00,20.00,20.00,1000,20000.00
2022/07/08,1125,19.99,19.99,19.99,19.99,32800,655195.31
2022/07/08,1126,19.99,19.99,19.99,19.99,0,0.00
2022/07/08,1127,19.99,19.99,19.99,19.99,2100,42698.64
2022/07/08,1128,20.00,20.00,20.00,20.00,1900,38000.00
2022/07/08,1129,20.00,20.00,20.00,20.00,100,2000.00
2022/07/08,1130,19.99,19.99,19.99,19.99,1500,29525.23
2022/07/08,1301,19.98,19.98,19.98,19.98,800,15791.10
2022/07/08,1302,19.98,19.98,19.98,19.98,0,0.00
2022/07/08,1303,19.98,19.98,19.98,19.98,0,0.00
2022/07/08,1304,19.98,19.98,19.98,19.98,200,3996.00
2022/07/08,1305,19.98,19.98,19.98,19.98,0,0.00
2022/07/08,1306,19.95,19.95,19.95,19.95,300,5985.00
2022/07/08,1307,19.95,19.95,19.95,19.95,0,0.00
2022/07/08,1308,20.00,20.00,20.00,20.00,7800,156154.91
2022/07/08,1309,20.00,20.00,20.00,20.00,100,2000.00
2022/07/08,1310,20.00,20.00,20.00,20.00,2100,41800.00
2022/07/08,1311,19.99,19.99,19.99,19.99,300,5997.00
2022/07/08,1312,19.99,19.99,19.99,19.99,0,0.00
2022/07/08,1313,19.99,19.99,19.99,19.99,0,0.00
2022/07/08,1314,19.99,19.99,19.99,19.99,3500,70124.92
2022/07/08,1315,19.99,19.99,19.99,19.99,300,5997.00
2022/07/08,1316,19.99,19.99,19.99,19.99,400,7996.00
2022/07/08,1317,20.00,20.00,20.00,20.00,500,10000.00
2022/07/08,1318,20.00,20.00,20.00,20.00,0,0.00
2022/07/08,1319,20.00,20.00,20.00,20.00,0,0.00
2022/07/08,1320,20.00,20.00,20.00,20.00,0,0.00
2022/07/08,1321,19.99,19.99,19.99,19.99,500,9995.00
2022/07/08,1322,19.99,20.00,19.99,20.00,10400,207996.00
2022/07/08,1323,20.00,20.00,20.00,20.00,100,2000.00
2022/07/08,1324,20.00,20.00,20.00,20.00,0,0.00
2022/07/08,1325,20.00,20.00,20.00,20.00,2400,48200.00
2022/07/08,1326,20.00,20.00,20.00,20.00,500,9200.00
2022/07/08,1327,20.00,20.00,20.00,20.00,0,0.00
2022/07/08,1328,19.99,19.99,19.99,19.99,900,17991.00
2022/07/08,1329,19.99,19.99,19.99,19.99,0,0.00
2022/07/08,1330,19.99,19.99,19.99,19.99,3600,71824.07
2022/07/08,1331,19.99,19.99,19.99,19.99,800,15992.00
2022/07/08,1332,19.99,19.99,19.99,19.99,0,0.00
2022/07/08,1333,19.99,19.99,19.99,19.99,300,5997.00
2022/07/08,1334,20.00,20.00,20.00,20.00,5300,106300.00
2022/07/08,1335,20.00,20.00,20.00,20.00,200,4000.00
2022/07/08,1336,20.00,20.00,20.00,20.00,900,18000.00
2022/07/08,1337,20.01,20.01,20.00,20.00,500,10004.00
2022/07/08,1338,20.00,20.01,20.00,20.00,800,16006.00
2022/07/08,1339,20.00,20.00,20.00,20.00,300,6000.00
2022/07/08,1340,20.00,20.00,20.00,20.00,900,18000.00
2022/07/08,1341,20.00,20.00,20.00,20.00,900,18000.00
2022/07/08,1342,20.00,20.00,20.00,20.00,800,16000.00
2022/07/08,1343,20.00,20.00,20.00,20.00,1400,28000.00
2022/07/08,1344,20.00,20.00,20.00,20.00,2200,44000.00
2022/07/08,1345,20.00,20.00,20.00,20.00,1400,28000.00
2022/07/08,1346,20.00,20.00,20.00,20.00,300,6000.00
2022/07/08,1347,20.01,20.01,20.00,20.00,400,8001.00
2022/07/08,1348,20.00,20.00,20.00,20.00,2500,50000.00
2022/07/08,1349,20.00,20.00,20.00,20.00,1900,38000.00
2022/07/08,1350,20.00,20.00,20.00,20.00,600,12000.00
2022/07/08,1351,20.00,20.00,20.00,20.00,300,5700.00
2022/07/08,1352,19.99,19.99,19.99,19.99,100,1999.00
2022/07/08,1353,19.99,19.99,19.99,19.99,500,9995.00
2022/07/08,1354,20.00,20.00,20.00,20.00,2700,53880.00
2022/07/08,1355,20.00,20.00,20.00,20.00,0,0.00
2022/07/08,1356,20.00,20.00,20.00,20.00,5000,100000.00
2022/07/08,1357,20.00,20.00,20.00,20.00,200,3780.00
2022/07/08,1358,20.00,20.00,20.00,20.00,2800,56000.00
2022/07/08,1359,20.00,20.00,20.00,20.00,200,4000.00
2022/07/08,1400,20.00,20.00,20.00,20.00,2100,42000.00
2022/07/08,1401,20.00,20.00,20.00,20.00,900,18000.00
2022/07/08,1402,20.00,20.00,20.00,20.00,1200,24000.00
2022/07/08,1403,20.00,20.00,20.00,20.00,1300,26000.00
2022/07/08,1404,20.00,20.00,20.00,20.00,1200,24000.00
2022/07/08,1405,20.00,20.00,20.00,20.00,1700,34000.00
2022/07/08,1406,20.00,20.00,20.00,20.00,500,10000.00
2022/07/08,1407,20.00,20.00,20.00,20.00,200,4340.00
2022/07/08,1408,20.00,20.00,20.00,20.00,0,0.00
2022/07/08,1409,20.00,20.00,20.00,20.00,1200,23660.00
2022/07/08,1410,20.00,20.00,20.00,20.00,800,16340.00
2022/07/08,1411,19.99,19.99,19.99,19.99,1300,25987.00
2022/07/08,1412,19.99,20.00,19.99,20.00,500,9999.00
2022/07/08,1413,19.99,19.99,19.99,19.99,200,3998.00
2022/07/08,1414,19.99,19.99,19.99,19.99,200,3998.00
2022/07/08,1415,19.99,19.99,19.99,19.99,1500,29985.00
2022/07/08,1416,19.99,19.99,19.99,19.99,200,3998.00
2022/07/08,1417,19.99,19.99,19.99,19.99,0,0.00
2022/07/08,1418,19.99,19.99,19.99,19.99,200,3998.00
2022/07/08,1419,19.99,20.00,19.99,20.00,900,17994.00
2022/07/08,1420,19.99,19.99,19.99,19.99,100,1999.00
2022/07/08,1421,19.99,19.99,19.99,19.99,400,7996.00
2022/07/08,1422,19.99,19.99,19.99,19.99,1300,25987.00
2022/07/08,1423,19.99,19.99,19.99,19.99,200,3998.00
2022/07/08,1424,19.99,19.99,19.99,19.99,2900,57971.00
2022/07/08,1425,19.99,19.99,19.99,19.99,100,1999.00
2022/07/08,1426,19.99,19.99,19.99,19.99,7100,142368.78
2022/07/08,1427,19.99,19.99,19.99,19.99,0,0.00
2022/07/08,1428,19.99,19.99,19.99,19.99,400,7996.00
2022/07/08,1429,19.99,19.99,19.99,19.99,3000,59970.00
2022/07/08,1430,19.99,19.99,19.99,19.99,400,7536.23
2022/07/08,1431,19.99,19.99,19.99,19.99,0,0.00
2022/07/08,1432,19.97,19.97,19.97,19.97,300,5991.00
2022/07/08,1433,19.99,19.99,19.99,19.99,200,3998.00
2022/07/08,1434,19.99,20.01,19.99,20.01,11400,227614.02
2022/07/08,1435,20.00,20.00,20.00,20.00,2700,54000.00
2022/07/08,1436,20.00,20.00,20.00,20.00,2200,44000.00
2022/07/08,1437,20.00,20.00,20.00,20.00,500,10000.00
2022/07/08,1438,20.00,20.00,19.99,19.99,5400,108330.00
2022/07/08,1439,19.99,19.99,19.99,19.99,0,0.00
2022/07/08,1440,20.00,20.00,20.00,20.00,4600,93380.00
2022/07/08,1441,20.00,20.01,20.00,20.00,1700,34002.00
2022/07/08,1442,20.00,20.00,20.00,20.00,1900,38000.00
2022/07/08,1443,20.00,20.00,20.00,20.00,1200,24000.00
2022/07/08,1444,20.00,20.00,20.00,20.00,200,4000.00
2022/07/08,1445,20.00,20.00,19.99,19.99,21200,423827.81
2022/07/08,1446,19.99,19.99,19.99,19.99,500,9995.00
2022/07/08,1447,19.99,19.99,19.99,19.99,600,11654.17
2022/07/08,1448,19.99,19.99,19.99,19.99,4000,80299.83
2022/07/08,1449,19.99,19.99,19.99,19.99,2600,50834.57
2022/07/08,1450,19.99,19.99,19.99,19.99,0,0.00
2022/07/08,1451,19.98,20.00,19.98,20.00,4900,97421.56
2022/07/08,1452,20.00,20.00,20.00,20.00,10700,214000.00
2022/07/08,1453,20.00,20.00,20.00,20.00,1500,30960.00
2022/07/08,1454,20.00,20.00,20.00,20.00,2600,52000.00
2022/07/08,1455,20.00,20.00,20.00,20.00,1200,24000.00
2022/07/08,1456,20.01,20.01,20.00,20.00,1900,37316.65
2022/07/08,1457,20.00,20.00,19.99,19.99,24400,487818.38
2022/07/08,1458,19.99,19.99,19.99,19.99,0,0.00
2022/07/08,1459,19.99,19.99,19.99,19.99,0,0.00
2022/07/08,1500,20.00,20.00,20.00,20.00,15200,304000.00
:
