2022/06/30,0931,17.54,21.05,17.54,21.05,77100,1358336.00
2022/06/30,0932,21.05,21.05,21.05,21.05,0,0.00
2022/06/30,0933,21.05,21.05,21.05,21.05,0,0.00
2022/06/30,0934,21.05,21.05,21.05,21.05,0,0.00
2022/06/30,0935,21.05,21.05,21.05,21.05,0,0.00
2022/06/30,0936,21.05,21.05,21.05,21.05,0,0.00
2022/06/30,0937,21.05,21.05,21.05,21.05,0,0.00
2022/06/30,0938,21.05,21.05,21.05,21.05,0,0.00
2022/06/30,0939,21.05,21.05,21.05,21.05,0,0.00
2022/06/30,0940,21.05,21.05,21.05,21.05,0,0.00
2022/06/30,0941,21.05,21.05,21.05,21.05,0,0.00
2022/06/30,0942,21.05,21.05,21.05,21.05,0,0.00
2022/06/30,0943,21.05,21.05,21.05,21.05,0,0.00
2022/06/30,0944,21.05,21.05,21.05,21.05,0,0.00
2022/06/30,0945,21.05,21.05,21.05,21.05,0,0.00
2022/06/30,0946,21.05,21.05,21.05,21.05,0,0.00
2022/06/30,0947,21.05,21.05,21.05,21.05,0,0.00
2022/06/30,0948,21.05,21.05,21.05,21.05,0,0.00
2022/06/30,0949,21.05,21.05,21.05,21.05,0,0.00
2022/06/30,0950,21.05,21.05,21.05,21.05,0,0.00
2022/06/30,0951,21.05,21.05,21.05,21.05,0,0.00
2022/06/30,0952,21.05,21.05,21.05,21.05,0,0.00
2022/06/30,0953,21.05,21.05,21.05,21.05,0,0.00
2022/06/30,0954,21.05,21.05,21.05,21.05,0,0.00
2022/06/30,0955,21.05,21.05,21.05,21.05,0,0.00
2022/06/30,0956,21.05,21.05,21.05,21.05,0,0.00
2022/06/30,0957,21.05,21.05,21.05,21.05,0,0.00
2022/06/30,0958,21.05,21.05,21.05,21.05,0,0.00
2022/06/30,0959,21.05,21.05,21.05,21.05,0,0.00
2022/06/30,1000,21.05,21.05,21.05,21.05,0,0.00
2022/06/30,1001,21.05,21.05,21.05,21.05,855600,18009940.00
2022/06/30,1002,21.05,21.05,21.05,21.05,53100,1118871.00
2022/06/30,1003,21.05,21.05,21.05,21.05,38000,799815.00
2022/06/30,1004,21.05,21.05,21.05,21.05,42700,897383.00
2022/06/30,1005,21.05,21.05,21.05,21.05,28800,607440.00
2022/06/30,1006,21.05,21.05,21.05,21.05,37900,797542.00
2022/06/30,1007,21.05,21.05,21.05,21.05,28500,599546.00
2022/06/30,1008,21.05,21.05,21.05,21.05,29600,622701.00
2022/06/30,1009,21.05,21.05,21.05,21.05,37300,785165.00
2022/06/30,1010,21.05,21.05,21.05,21.05,37000,778850.00
2022/06/30,1011,21.05,21.05,21.05,21.05,66200,1394037.00
2022/06/30,1012,21.05,21.05,21.05,21.05,43700,919885.00
2022/06/30,1013,21.05,21.05,21.05,21.05,29400,618870.00
2022/06/30,1014,21.05,21.05,21.05,21.05,22200,467752.00
2022/06/30,1015,21.05,21.05,21.05,21.05,15800,332590.00
2022/06/30,1016,21.05,21.05,21.05,21.05,35600,749380.00
2022/06/30,1017,21.05,21.05,21.05,21.05,41500,872501.00
2022/06/30,1018,21.05,21.05,21.05,21.05,24700,519935.00
2022/06/30,1019,21.05,21.05,21.05,21.05,29000,611566.00
2022/06/30,1020,21.05,21.05,21.05,21.05,45400,955670.00
2022/06/30,1021,21.05,21.05,21.05,21.05,114900,2419297.00
2022/06/30,1022,21.05,21.05,21.05,21.05,37300,784744.00
2022/06/30,1023,21.05,21.05,21.05,21.05,27100,570455.00
2022/06/30,1024,21.05,21.05,21.05,21.05,18300,384310.00
2022/06/30,1025,21.05,21.05,21.05,21.05,23400,492528.00
2022/06/30,1026,21.05,21.05,21.05,21.05,13500,284175.00
2022/06/30,1027,21.05,21.05,21.05,21.05,16100,339937.00
2022/06/30,1028,21.05,21.05,21.05,21.05,12900,270218.00
2022/06/30,1029,21.05,21.05,21.05,21.05,26200,551132.00
2022/06/30,1030,21.05,21.05,21.05,21.05,30500,642025.00
2022/06/30,1031,21.05,21.05,21.05,21.05,84000,1768200.00
2022/06/30,1032,21.05,21.05,21.05,21.05,222100,4675205.00
2022/06/30,1033,21.05,21.05,21.05,21.05,108800,2291271.00
2022/06/30,1034,21.05,21.05,21.05,21.05,41000,863050.00
2022/06/30,1035,21.05,21.05,21.05,21.05,85000,1789250.00
2022/06/30,1036,21.05,21.05,21.05,21.05,31900,672463.00
2022/06/30,1037,21.05,21.05,21.05,21.05,28000,589400.00
2022/06/30,1038,21.05,21.05,21.05,21.05,24700,518862.00
2022/06/30,1039,21.05,21.05,21.05,21.05,17300,365091.00
2022/06/30,1040,21.05,21.05,21.05,21.05,23300,490423.00
2022/06/30,1041,21.05,21.05,21.05,21.05,16700,350082.00
2022/06/30,1042,21.05,21.05,21.05,21.05,10500,221615.00
2022/06/30,1043,21.05,21.05,21.05,21.05,4700,98935.00
2022/06/30,1044,21.05,21.05,21.05,21.05,11500,242075.00
2022/06/30,1045,21.05,21.05,21.05,21.05,10800,227340.00
2022/06/30,1046,21.05,21.05,21.05,21.05,9800,206290.00
2022/06/30,1047,21.05,21.05,21.05,21.05,8300,174715.00
2022/06/30,1048,21.05,21.05,21.05,21.05,5600,117880.00
2022/06/30,1049,21.05,21.05,21.05,21.05,11000,231550.00
2022/06/30,1050,21.05,21.05,21.05,21.05,13300,279881.00
2022/06/30,1051,21.05,21.05,21.05,21.05,3900,81610.00
2022/06/30,1052,21.05,21.05,21.05,21.05,2800,58940.00
2022/06/30,1053,21.05,21.05,21.05,21.05,6700,141899.00
2022/06/30,1054,21.05,21.05,21.05,21.05,2900,61045.00
2022/06/30,1055,21.05,21.05,21.05,21.05,18200,383025.00
2022/06/30,1056,21.05,21.05,21.05,21.05,4200,89042.00
2022/06/30,1057,21.05,21.05,21.05,21.05,6700,141035.00
2022/06/30,1058,21.05,21.05,21.05,21.05,7400,154696.00
2022/06/30,1059,21.05,21.05,21.05,21.05,6600,138930.00
2022/06/30,1100,21.05,21.05,21.05,21.05,3300,69465.00
2022/06/30,1101,21.05,21.05,21.05,21.05,3500,73675.00
2022/06/30,1102,21.05,21.05,21.05,21.05,3500,73675.00
2022/06/30,1103,21.05,21.05,21.05,21.05,4500,94725.00
2022/06/30,1104,21.05,21.05,21.05,21.05,2500,52625.00
2022/06/30,1105,21.05,21.05,21.05,21.05,4900,103145.00
2022/06/30,1106,21.05,21.05,21.05,21.05,2600,54730.00
2022/06/30,1107,21.05,21.05,21.05,21.05,2600,54730.00
2022/06/30,1108,21.05,21.05,21.05,21.05,3100,65255.00
2022/06/30,1109,21.05,21.05,21.05,21.05,5800,122090.00
2022/06/30,1110,21.05,21.05,21.05,21.05,3400,71570.00
2022/06/30,1111,21.05,21.05,21.05,21.05,1300,27997.00
2022/06/30,1112,21.05,21.05,21.05,21.05,1200,25260.00
2022/06/30,1113,21.05,21.05,21.05,21.05,0,0.00
2022/06/30,1114,21.05,21.05,21.05,21.05,4700,98935.00
2022/06/30,1115,21.05,21.05,21.05,21.05,1600,33680.00
2022/06/30,1116,21.05,21.05,21.05,21.05,2600,54730.00
2022/06/30,1117,21.05,21.05,21.05,21.05,2600,54730.00
2022/06/30,1118,21.05,21.05,21.05,21.05,1000,21050.00
2022/06/30,1119,21.05,21.05,21.05,21.05,1600,32690.00
2022/06/30,1120,21.05,21.05,21.05,21.05,1900,39995.00
2022/06/30,1121,21.05,21.05,21.05,21.05,2100,45721.00
2022/06/30,1122,21.05,21.05,21.05,21.05,4200,88410.00
2022/06/30,1123,21.05,21.05,21.05,21.05,1300,27365.00
2022/06/30,1124,21.05,21.05,21.05,21.05,5300,111565.00
2022/06/30,1125,21.05,21.05,21.05,21.05,6700,141035.00
2022/06/30,1126,21.05,21.05,21.05,21.05,3200,67360.00
2022/06/30,1127,21.05,21.05,21.05,21.05,2400,49004.00
2022/06/30,1128,21.05,21.05,21.05,21.05,5300,111565.00
2022/06/30,1129,21.05,21.05,21.05,21.05,3700,77885.00
2022/06/30,1130,21.05,21.05,21.05,21.05,4300,90515.00
2022/06/30,1301,21.05,21.05,21.05,21.05,44500,937546.00
2022/06/30,1302,21.05,21.05,21.05,21.05,3000,63150.00
2022/06/30,1303,21.05,21.05,21.05,21.05,4500,94725.00
2022/06/30,1304,21.05,21.05,21.05,21.05,5200,109460.00
2022/06/30,1305,21.05,21.05,21.05,21.05,4200,87337.00
2022/06/30,1306,21.05,21.05,21.05,21.05,2900,61045.00
2022/06/30,1307,21.05,21.05,21.05,21.05,4000,84200.00
2022/06/30,1308,21.05,21.05,21.05,21.05,2500,52625.00
2022/06/30,1309,21.05,21.05,21.05,21.05,3700,77843.00
2022/06/30,1310,21.05,21.05,21.05,21.05,11700,247232.00
2022/06/30,1311,21.05,21.05,21.05,21.05,3200,68391.00
2022/06/30,1312,21.05,21.05,21.05,21.05,3500,72897.00
2022/06/30,1313,21.05,21.05,21.05,21.05,2900,59971.00
2022/06/30,1314,21.05,21.05,21.05,21.05,1800,37890.00
2022/06/30,1315,21.05,21.05,21.05,21.05,2500,52625.00
2022/06/30,1316,21.05,21.05,21.05,21.05,1800,37890.00
2022/06/30,1317,21.05,21.05,21.05,21.05,13100,275755.00
2022/06/30,1318,21.05,21.05,21.05,21.05,12000,254158.00
2022/06/30,1319,21.05,21.05,21.05,21.05,6900,144129.00
2022/06/30,1320,21.05,21.05,21.05,21.05,4300,90515.00
2022/06/30,1321,21.05,21.05,21.05,21.05,1700,35785.00
2022/06/30,1322,21.05,21.05,21.05,21.05,3700,77885.00
2022/06/30,1323,21.05,21.05,21.05,21.05,4700,98935.00
2022/06/30,1324,21.05,21.05,21.05,21.05,5700,119985.00
2022/06/30,1325,21.05,21.05,21.05,21.05,3500,73675.00
2022/06/30,1326,21.05,21.05,21.05,21.05,0,1032.00
2022/06/30,1327,21.05,21.05,21.05,21.05,4100,86305.00
2022/06/30,1328,21.05,21.05,21.05,21.05,4900,103145.00
2022/06/30,1329,21.05,21.05,21.05,21.05,2300,48415.00
2022/06/30,1330,21.05,21.05,21.05,21.05,2300,48415.00
2022/06/30,1331,21.05,21.05,21.05,21.05,0,0.00
2022/06/30,1332,21.05,21.05,21.05,21.05,4000,84157.00
2022/06/30,1333,21.05,21.05,21.05,21.05,5000,105208.00
2022/06/30,1334,21.05,21.05,21.05,21.05,600,12630.00
2022/06/30,1335,21.05,21.05,21.05,21.05,3000,63150.00
2022/06/30,1336,21.05,21.05,21.05,21.05,7300,153623.00
2022/06/30,1337,21.05,21.05,21.05,21.05,7800,163075.00
2022/06/30,1338,21.05,21.05,21.05,21.05,3200,67360.00
2022/06/30,1339,21.05,21.05,21.05,21.05,2500,52625.00
2022/06/30,1340,21.05,21.05,21.05,21.05,2500,52625.00
2022/06/30,1341,21.05,21.05,21.05,21.05,1500,31575.00
2022/06/30,1342,21.05,21.05,21.05,21.05,2600,54730.00
2022/06/30,1343,21.05,21.05,21.05,21.05,4100,86305.00
2022/06/30,1344,21.05,21.05,21.05,21.05,3000,63150.00
2022/06/30,1345,21.05,21.05,21.05,21.05,3200,67360.00
2022/06/30,1346,21.05,21.05,21.05,21.05,9400,197785.00
2022/06/30,1347,21.05,21.05,21.05,21.05,3500,73633.00
2022/06/30,1348,21.05,21.05,21.05,21.05,1400,29470.00
2022/06/30,1349,21.05,21.05,21.05,21.05,3200,67360.00
2022/06/30,1350,21.05,21.05,21.05,21.05,14100,297837.00
2022/06/30,1351,21.05,21.05,21.05,21.05,2300,48415.00
2022/06/30,1352,21.05,21.05,21.05,21.05,3500,73675.00
2022/06/30,1353,21.05,21.05,21.05,21.05,2000,42100.00
2022/06/30,1354,21.05,21.05,21.05,21.05,2600,54730.00
2022/06/30,1355,21.05,21.05,21.05,21.05,2800,58940.00
2022/06/30,1356,21.05,21.05,21.05,21.05,2000,42100.00
2022/06/30,1357,21.05,21.05,21.05,21.05,2000,42100.00
2022/06/30,1358,21.05,21.05,21.05,21.05,200,4210.00
2022/06/30,1359,21.05,21.05,21.05,21.05,1000,21050.00
2022/06/30,1400,21.05,21.05,21.05,21.05,3600,75780.00
2022/06/30,1401,21.05,21.05,21.05,21.05,3200,66981.00
2022/06/30,1402,21.05,21.05,21.05,21.05,7700,162001.00
2022/06/30,1403,21.05,21.05,21.05,21.05,0,0.00
2022/06/30,1404,21.05,21.05,21.05,21.05,3300,69465.00
2022/06/30,1405,21.05,21.05,21.05,21.05,1500,31575.00
2022/06/30,1406,21.05,21.05,21.05,21.05,1500,31575.00
2022/06/30,1407,21.05,21.05,21.05,21.05,1700,35785.00
2022/06/30,1408,21.05,21.05,21.05,21.05,2000,42100.00
2022/06/30,1409,21.05,21.05,21.05,21.05,300,6315.00
2022/06/30,1410,21.05,21.05,21.05,21.05,1000,21050.00
2022/06/30,1411,21.05,21.05,21.05,21.05,0,0.00
2022/06/30,1412,21.05,21.05,21.05,21.05,3500,74727.00
2022/06/30,1413,21.05,21.05,21.05,21.05,2700,56456.00
2022/06/30,1414,21.05,21.05,21.05,21.05,0,0.00
2022/06/30,1415,21.05,21.05,21.05,21.05,1000,21050.00
2022/06/30,1416,21.05,21.05,21.05,21.05,0,0.00
2022/06/30,1417,21.05,21.05,21.05,21.05,500,10525.00
2022/06/30,1418,21.05,21.05,21.05,21.05,500,10525.00
2022/06/30,1419,21.05,21.05,21.05,21.05,600,12630.00
2022/06/30,1420,21.05,21.05,21.05,21.05,1400,29470.00
2022/06/30,1421,21.05,21.05,21.05,21.05,2500,52625.00
2022/06/30,1422,21.05,21.05,21.05,21.05,3600,75780.00
2022/06/30,1423,21.05,21.05,21.05,21.05,1100,22187.00
2022/06/30,1424,21.05,21.05,21.05,21.05,1000,21050.00
2022/06/30,1425,21.05,21.05,21.05,21.05,200,4210.00
2022/06/30,1426,21.05,21.05,21.05,21.05,3600,75780.00
2022/06/30,1427,21.05,21.05,21.05,21.05,3900,82095.00
2022/06/30,1428,21.05,21.05,21.05,21.05,2100,44205.00
2022/06/30,1429,21.05,21.05,21.05,21.05,5600,117838.00
2022/06/30,1430,21.05,21.05,21.05,21.05,16600,350335.00
2022/06/30,1431,21.05,21.05,21.05,21.05,500,10525.00
2022/06/30,1432,21.05,21.05,21.05,21.05,4100,86305.00
2022/06/30,1433,21.05,21.05,21.05,21.05,1500,31575.00
2022/06/30,1434,21.05,21.05,21.05,21.05,2500,52625.00
2022/06/30,1435,21.05,21.05,21.05,21.05,2500,52625.00
2022/06/30,1436,21.05,21.05,21.05,21.05,2300,48415.00
2022/06/30,1437,21.05,21.05,21.05,21.05,2000,42100.00
2022/06/30,1438,21.05,21.05,21.05,21.05,3100,65255.00
2022/06/30,1439,21.05,21.05,21.05,21.05,4000,84200.00
2022/06/30,1440,21.05,21.05,21.05,21.05,5500,115943.00
2022/06/30,1441,21.05,21.05,21.05,21.05,1600,33680.00
2022/06/30,1442,21.05,21.05,21.05,21.05,1400,29470.00
2022/06/30,1443,21.05,21.05,21.05,21.05,1500,31575.00
2022/06/30,1444,21.05,21.05,21.05,21.05,800,16840.00
2022/06/30,1445,21.05,21.05,21.05,21.05,2000,42100.00
2022/06/30,1446,21.05,21.05,21.05,21.05,2700,56835.00
2022/06/30,1447,21.05,21.05,21.05,21.05,4900,103145.00
2022/06/30,1448,21.05,21.05,21.05,21.05,5300,111565.00
2022/06/30,1449,21.05,21.05,21.05,21.05,4600,96830.00
2022/06/30,1450,21.05,21.05,21.05,21.05,5200,109460.00
2022/06/30,1451,21.05,21.05,21.05,21.05,4400,92620.00
2022/06/30,1452,21.05,21.05,21.05,21.05,2000,42100.00
2022/06/30,1453,21.05,21.05,21.05,21.05,4800,101040.00
2022/06/30,1454,21.05,21.05,21.05,21.05,8900,187345.00
2022/06/30,1455,21.05,21.05,21.05,21.05,2300,48415.00
2022/06/30,1456,21.05,21.05,21.05,21.05,2500,52625.00
2022/06/30,1457,21.05,21.05,21.05,21.05,1000,21050.00
2022/06/30,1458,21.05,21.05,21.05,21.05,0,0.00
2022/06/30,1459,21.05,21.05,21.05,21.05,0,0.00
2022/06/30,1500,21.05,21.05,21.05,21.05,29900,628301.00
2022/07/01,0931,23.16,23.16,23.00,23.00,8090400,187361856.00
2022/07/01,0932,22.75,22.75,21.05,21.55,1901400,40740680.00
2022/07/01,0933,21.68,23.11,21.68,23.10,1561100,35222636.00
2022/07/01,0934,23.11,23.12,22.00,22.00,1827300,41760440.00
2022/07/01,0935,22.00,22.75,22.00,22.75,1554300,34841104.00
2022/07/01,0936,22.79,22.96,22.70,22.70,1258600,28766326.00
2022/07/01,0937,22.68,22.68,22.18,22.18,691900,15523577.00
2022/07/01,0938,22.14,22.30,22.03,22.30,1077100,23832922.00
2022/07/01,0939,22.30,22.65,22.30,22.65,778500,17506592.00
2022/07/01,0940,22.66,22.69,22.45,22.45,916400,20741612.00
2022/07/01,0941,22.47,22.47,22.33,22.39,830800,18590240.00
2022/07/01,0942,22.38,22.50,22.38,22.50,866700,19442836.00
2022/07/01,0943,22.53,22.59,22.51,22.56,795300,17948008.00
2022/07/01,0944,22.56,22.56,22.39,22.39,487600,10956624.00
2022/07/01,0945,22.40,22.40,22.25,22.25,524700,11713594.00
2022/07/01,0946,22.26,22.26,22.15,22.15,686800,15243758.00
2022/07/01,0947,22.14,22.19,22.11,22.19,660600,14628220.00
2022/07/01,0948,22.20,22.37,22.20,22.37,519200,11570498.00
2022/07/01,0949,22.37,22.49,22.37,22.49,486500,10918094.00
2022/07/01,0950,22.49,22.49,22.38,22.39,432200,9703236.00
2022/07/01,0951,22.37,22.40,22.33,22.38,598600,13393749.00
2022/07/01,0952,22.38,22.38,22.27,22.27,322100,7190931.00
2022/07/01,0953,22.27,22.27,22.20,22.22,387800,8626280.00
2022/07/01,0954,22.22,22.27,22.22,22.26,392200,8721355.00
2022/07/01,0955,22.27,22.29,22.25,22.29,296300,6600734.00
2022/07/01,0956,22.27,22.30,22.27,22.29,437100,9741250.00
2022/07/01,0957,22.29,22.30,22.28,22.29,331500,7388286.00
2022/07/01,0958,22.29,22.29,22.25,22.25,272000,6056281.00
2022/07/01,0959,22.24,22.24,22.18,22.19,435900,9680181.00
2022/07/01,1000,22.18,22.19,22.04,22.04,378700,8376580.00
2022/07/01,1001,22.03,22.03,21.95,21.95,696200,15318142.00
2022/07/01,1002,21.92,21.92,21.82,21.82,447100,9782074.00
2022/07/01,1003,21.84,21.92,21.82,21.92,571500,12491477.00
2022/07/01,1004,21.94,22.15,21.94,22.15,341200,7515607.00
2022/07/01,1005,22.14,22.28,22.14,22.28,378600,8411101.00
2022/07/01,1006,22.28,22.29,22.17,22.17,357200,7953142.00
2022/07/01,1007,22.17,22.17,22.00,22.00,190100,4196692.00
2022/07/01,1008,22.00,22.01,21.96,21.97,261500,5749202.00
2022/07/01,1009,21.99,22.06,21.97,22.06,245900,5411919.00
2022/07/01,1010,22.08,22.18,22.08,22.17,206900,4575186.00
2022/07/01,1011,22.19,22.21,22.18,22.20,279900,6214567.00
2022/07/01,1012,22.20,22.21,22.10,22.12,178800,3965337.00
2022/07/01,1013,22.10,22.12,22.08,22.09,228500,5051350.00
2022/07/01,1014,22.09,22.09,22.06,22.06,186600,4119357.00
2022/07/01,1015,22.05,22.05,22.01,22.01,138800,3057024.00
2022/07/01,1016,22.02,22.03,22.00,22.03,178900,3939073.00
2022/07/01,1017,22.04,22.09,22.04,22.08,170500,3760517.00
2022/07/01,1018,22.10,22.12,22.08,22.11,220000,4861748.00
2022/07/01,1019,22.11,22.15,22.11,22.15,226400,5009389.00
2022/07/01,1020,22.15,22.15,22.13,22.14,185700,4111283.00
2022/07/01,1021,22.11,22.14,22.10,22.11,187200,4139805.00
2022/07/01,1022,22.11,22.11,22.09,22.09,140000,3093407.00
2022/07/01,1023,22.09,22.09,22.06,22.06,137400,3033802.00
2022/07/01,1024,22.06,22.07,22.05,22.06,157700,3477432.00
2022/07/01,1025,22.07,22.11,22.07,22.10,152700,3374197.00
2022/07/01,1026,22.10,22.11,22.09,22.09,197600,4364360.00
2022/07/01,1027,22.10,22.10,22.07,22.07,99000,2186093.00
2022/07/01,1028,22.08,22.10,22.08,22.09,138500,3060413.00
2022/07/01,1029,22.09,22.10,22.09,22.09,131600,2906934.00
2022/07/01,1030,22.09,22.10,22.08,22.08,94500,2085682.00
2022/07/01,1031,22.08,22.09,22.07,22.07,144900,3200549.00
2022/07/01,1032,22.07,22.08,22.05,22.05,274400,6050334.00
2022/07/01,1033,22.02,22.05,22.00,22.00,247900,5454672.00
2022/07/01,1034,22.00,22.00,21.95,21.96,210900,4637221.00
2022/07/01,1035,21.95,21.97,21.91,21.91,212400,4655849.00
2022/07/01,1036,21.91,21.92,21.90,21.92,181300,3972429.00
2022/07/01,1037,21.92,21.96,21.92,21.96,126300,2771814.00
2022/07/01,1038,21.95,22.00,21.95,22.00,141700,3113983.00
2022/07/01,1039,22.00,22.01,21.99,22.01,164700,3622448.00
2022/07/01,1040,22.01,22.04,22.00,22.04,127000,2796445.00
2022/07/01,1041,22.05,22.08,22.04,22.08,121900,2689349.00
2022/07/01,1042,22.07,22.08,22.05,22.05,114700,2530972.00
2022/07/01,1043,22.05,22.05,22.02,22.02,64000,1409864.00
2022/07/01,1044,22.02,22.02,22.00,22.00,113800,2504479.00
2022/07/01,1045,22.01,22.01,21.99,21.99,99700,2193393.00
2022/07/01,1046,21.99,21.99,21.97,21.97,72700,1596508.00
2022/07/01,1047,21.97,21.98,21.95,21.95,98800,2169927.00
2022/07/01,1048,21.95,21.95,21.92,21.92,104700,2297299.00
2022/07/01,1049,21.92,21.92,21.91,21.91,119200,2613600.00
2022/07/01,1050,21.92,21.92,21.90,21.90,202000,4425598.00
2022/07/01,1051,21.90,21.90,21.85,21.86,184500,4035231.00
2022/07/01,1052,21.85,21.86,21.82,21.82,200200,4374091.00
2022/07/01,1053,21.81,21.82,21.81,21.82,237400,5177451.00
2022/07/01,1054,21.82,21.83,21.81,21.81,235100,5129204.00
2022/07/01,1055,21.81,21.82,21.81,21.82,138800,3029784.00
2022/07/01,1056,21.82,21.82,21.80,21.81,125800,2743011.00
2022/07/01,1057,21.80,21.81,21.80,21.81,132600,2891035.00
2022/07/01,1058,21.81,21.81,21.80,21.81,120300,2624165.00
2022/07/01,1059,21.81,21.82,21.80,21.80,125900,2745781.00
2022/07/01,1100,21.81,21.81,21.79,21.79,156300,3408044.00
2022/07/01,1101,21.79,21.79,21.75,21.75,108500,2360870.00
2022/07/01,1102,21.75,21.75,21.68,21.68,162800,3535605.00
2022/07/01,1103,21.67,21.68,21.59,21.60,180500,3902677.00
2022/07/01,1104,21.59,21.60,21.58,21.60,242000,5225648.00
2022/07/01,1105,21.60,21.65,21.60,21.65,164600,3557763.00
2022/07/01,1106,21.65,21.76,21.65,21.75,151800,3292332.00
2022/07/01,1107,21.77,21.83,21.77,21.83,137200,2992754.00
2022/07/01,1108,21.84,21.94,21.84,21.94,111800,2444455.00
2022/07/01,1109,21.95,22.03,21.95,22.03,312000,6861770.00
2022/07/01,1110,22.03,22.10,22.03,22.10,202900,4478278.00
2022/07/01,1111,22.10,22.10,21.95,21.95,194600,4294640.00
2022/07/01,1112,21.95,21.95,21.86,21.86,67900,1487739.00
2022/07/01,1113,21.87,21.89,21.85,21.89,70700,1545126.00
2022/07/01,1114,21.89,21.93,21.88,21.93,69600,1524491.00
2022/07/01,1115,21.94,22.00,21.94,21.99,68700,1509600.00
2022/07/01,1116,22.00,22.07,22.00,22.06,110400,2431144.00
2022/07/01,1117,22.07,22.09,22.06,22.09,142500,3148164.00
2022/07/01,1118,22.09,22.10,22.08,22.08,154500,3410697.00
2022/07/01,1119,22.08,22.08,21.98,21.98,53600,1182142.00
2022/07/01,1120,21.98,21.98,21.96,21.96,46900,1030825.00
2022/07/01,1121,21.96,21.96,21.90,21.90,51000,1117221.00
2022/07/01,1122,21.90,21.90,21.85,21.85,57300,1253941.00
2022/07/01,1123,21.84,21.86,21.83,21.84,49400,1077134.00
2022/07/01,1124,21.83,21.86,21.83,21.85,50200,1098499.00
2022/07/01,1125,21.87,21.90,21.85,21.90,62900,1375482.00
2022/07/01,1126,21.90,21.96,21.90,21.95,55200,1211072.00
2022/07/01,1127,21.96,22.00,21.94,21.99,75700,1664006.00
2022/07/01,1128,21.99,21.99,21.96,21.98,71600,1573297.00
2022/07/01,1129,21.99,21.99,21.96,21.96,73400,1613576.00
2022/07/01,1130,21.97,21.97,21.95,21.95,55300,1212785.00
2022/07/01,1301,21.94,21.94,21.88,21.91,238800,5236049.00
2022/07/01,1302,21.92,21.93,21.91,21.93,65700,1440244.00
2022/07/01,1303,21.93,21.93,21.92,21.92,52400,1148343.00
2022/07/01,1304,21.91,21.92,21.90,21.90,60800,1332270.00
2022/07/01,1305,21.91,21.91,21.86,21.87,54000,1181920.00
2022/07/01,1306,21.86,21.86,21.84,21.85,70900,1549842.00
2022/07/01,1307,21.84,21.89,21.84,21.86,84600,1848204.00
2022/07/01,1308,21.89,21.90,21.86,21.89,69800,1526283.00
2022/07/01,1309,21.89,21.91,21.89,21.91,84200,1844957.00
2022/07/01,1310,21.91,21.92,21.91,21.92,59200,1297257.00
2022/07/01,1311,21.91,21.92,21.90,21.90,53000,1160203.00
2022/07/01,1312,21.91,21.91,21.90,21.90,78200,1712929.00
2022/07/01,1313,21.91,21.92,21.90,21.92,79100,1734027.00
2022/07/01,1314,21.92,21.92,21.91,21.91,66600,1458949.00
2022/07/01,1315,21.91,21.91,21.90,21.91,78200,1712959.00
2022/07/01,1316,21.90,21.90,21.88,21.88,127200,2783118.00
2022/07/01,1317,21.88,21.89,21.85,21.86,157700,3451552.00
2022/07/01,1318,21.86,21.86,21.84,21.84,70600,1541444.00
2022/07/01,1319,21.84,21.84,21.82,21.82,70800,1545508.00
2022/07/01,1320,21.82,21.83,21.80,21.80,68300,1490307.00
2022/07/01,1321,21.81,21.81,21.80,21.80,90100,1965297.00
2022/07/01,1322,21.81,21.81,21.79,21.79,76000,1655255.00
2022/07/01,1323,21.78,21.79,21.76,21.76,56200,1223870.00
2022/07/01,1324,21.75,21.75,21.69,21.69,80400,1746853.00
2022/07/01,1325,21.69,21.70,21.66,21.67,91600,1986741.00
2022/07/01,1326,21.66,21.67,21.65,21.65,105700,2288479.00
2022/07/01,1327,21.64,21.65,21.63,21.63,97600,2111448.00
2022/07/01,1328,21.63,21.65,21.63,21.65,126800,2742718.00
2022/07/01,1329,21.64,21.69,21.64,21.69,132300,2866573.00
2022/07/01,1330,21.70,21.81,21.70,21.81,100400,2183234.00
2022/07/01,1331,21.81,21.88,21.81,21.88,92600,2024171.00
2022/07/01,1332,21.88,21.92,21.88,21.92,113100,2477165.00
2022/07/01,1333,21.92,21.93,21.91,21.92,88600,1941612.00
2022/07/01,1334,21.91,21.92,21.87,21.87,66000,1444297.00
2022/07/01,1335,21.87,21.87,21.67,21.67,86000,1871568.00
2022/07/01,1336,21.70,21.77,21.70,21.77,70400,1528531.00
2022/07/01,1337,21.78,21.87,21.78,21.86,56300,1230631.00
2022/07/01,1338,21.86,21.88,21.86,21.88,47000,1026558.00
2022/07/01,1339,21.87,21.88,21.85,21.85,48900,1069884.00
2022/07/01,1340,21.85,21.85,21.82,21.82,31800,694820.00
2022/07/01,1341,21.83,21.83,21.79,21.79,57400,1250755.00
2022/07/01,1342,21.79,21.79,21.77,21.77,49000,1066583.00
2022/07/01,1343,21.75,21.75,21.71,21.71,40800,886754.00
2022/07/01,1344,21.71,21.72,21.70,21.72,80400,1744955.00
2022/07/01,1345,21.72,21.75,21.72,21.73,50900,1106847.00
2022/07/01,1346,21.75,21.80,21.75,21.80,85100,1854116.00
2022/07/01,1347,21.80,21.80,21.79,21.79,124000,2702930.00
2022/07/01,1348,21.79,21.79,21.77,21.78,42600,927848.00
2022/07/01,1349,21.78,21.80,21.78,21.79,51300,1118293.00
2022/07/01,1350,21.79,21.80,21.79,21.79,50900,1108319.00
2022/07/01,1351,21.80,21.80,21.79,21.79,90700,1977976.00
2022/07/01,1352,21.79,21.80,21.78,21.79,63300,1377970.00
2022/07/01,1353,21.78,21.79,21.77,21.78,59000,1284641.00
2022/07/01,1354,21.78,21.79,21.76,21.77,57900,1261613.00
2022/07/01,1355,21.77,21.78,21.76,21.76,66600,1448718.00
2022/07/01,1356,21.77,21.77,21.76,21.76,47900,1043720.00
2022/07/01,1357,21.76,21.78,21.76,21.76,60800,1324018.00
2022/07/01,1358,21.76,21.77,21.76,21.77,74200,1613904.00
2022/07/01,1359,21.77,21.78,21.77,21.77,80000,1742216.00
2022/07/01,1400,21.76,21.78,21.76,21.78,44600,970122.00
2022/07/01,1401,21.78,21.78,21.77,21.78,80600,1754984.00
2022/07/01,1402,21.78,21.79,21.77,21.79,66500,1449043.00
2022/07/01,1403,21.79,21.79,21.78,21.78,78400,1708741.00
2022/07/01,1404,21.78,21.79,21.78,21.78,57400,1249998.00
2022/07/01,1405,21.77,21.79,21.77,21.78,51900,1129418.00
2022/07/01,1406,21.78,21.78,21.77,21.78,51000,1110106.00
2022/07/01,1407,21.77,21.78,21.77,21.78,52200,1136460.00
2022/07/01,1408,21.77,21.78,21.77,21.78,55300,1204085.00
2022/07/01,1409,21.77,21.78,21.77,21.78,64700,1409487.00
2022/07/01,1410,21.78,21.79,21.77,21.79,75300,1640207.00
2022/07/01,1411,21.79,21.80,21.78,21.80,126100,2748659.00
2022/07/01,1412,21.80,21.85,21.80,21.85,205500,4480634.00
2022/07/01,1413,21.85,21.95,21.85,21.94,246400,5396359.00
2022/07/01,1414,21.95,22.00,21.95,22.00,282300,6206516.00
2022/07/01,1415,22.00,22.10,22.00,22.10,354100,7799435.00
2022/07/01,1416,22.10,22.18,22.10,22.18,247500,5477814.00
2022/07/01,1417,22.18,22.28,22.18,22.28,304200,6758467.00
2022/07/01,1418,22.29,22.45,22.29,22.45,348400,7787705.00
2022/07/01,1419,22.46,22.63,22.46,22.63,533300,12015729.00
2022/07/01,1420,22.65,22.87,22.65,22.87,436800,9931233.00
2022/07/01,1421,22.88,23.00,22.88,22.99,733300,16837556.00
2022/07/01,1422,23.00,23.00,22.58,22.58,434400,9965043.00
2022/07/01,1423,22.58,22.58,22.30,22.42,253000,5671239.00
2022/07/01,1424,22.41,22.82,22.41,22.82,191400,4332974.00
2022/07/01,1425,22.83,22.89,22.80,22.81,318500,7275083.00
2022/07/01,1426,22.81,22.81,22.60,22.60,301900,6880172.00
2022/07/01,1427,22.60,22.60,22.50,22.51,103300,2327879.00
2022/07/01,1428,22.52,22.72,22.52,22.72,153300,3468642.00
2022/07/01,1429,22.72,22.78,22.72,22.76,183100,4168182.00
2022/07/01,1430,22.75,22.76,22.65,22.66,101300,2300215.00
2022/07/01,1431,22.66,22.71,22.66,22.71,138400,3139932.00
2022/07/01,1432,22.71,22.72,22.68,22.68,127600,2897064.00
2022/07/01,1433,22.68,22.68,22.59,22.59,114500,2593941.00
2022/07/01,1434,22.60,22.60,22.55,22.56,75800,1710715.00
2022/07/01,1435,22.55,22.55,22.51,22.52,87600,1973791.00
2022/07/01,1436,22.51,22.51,22.46,22.46,104900,2358705.00
2022/07/01,1437,22.46,22.46,22.38,22.38,70800,1588734.00
2022/07/01,1438,22.39,22.39,22.32,22.33,89600,2002021.00
2022/07/01,1439,22.33,22.46,22.33,22.46,112900,2528243.00
2022/07/01,1440,22.47,22.55,22.47,22.55,133000,2994519.00
2022/07/01,1441,22.55,22.64,22.55,22.64,121900,2751451.00
2022/07/01,1442,22.61,22.65,22.60,22.60,161200,3649167.00
2022/07/01,1443,22.60,22.60,22.50,22.50,110300,2490594.00
2022/07/01,1444,22.50,22.50,22.45,22.45,93900,2109240.00
2022/07/01,1445,22.45,22.45,22.40,22.41,125500,2815082.00
2022/07/01,1446,22.41,22.43,22.41,22.42,97700,2191576.00
2022/07/01,1447,22.42,22.45,22.42,22.44,125800,2821092.00
2022/07/01,1448,22.44,22.48,22.44,22.48,149400,3354841.00
2022/07/01,1449,22.47,22.49,22.47,22.48,133900,3011387.00
2022/07/01,1450,22.48,22.48,22.45,22.45,152500,3424712.00
2022/07/01,1451,22.45,22.45,22.42,22.42,162600,3649167.00
2022/07/01,1452,22.41,22.42,22.32,22.32,122500,2741493.00
2022/07/01,1453,22.31,22.31,22.17,22.17,183700,4092939.00
2022/07/01,1454,22.15,22.15,21.94,21.94,222800,4907656.00
2022/07/01,1455,21.92,21.92,21.84,21.86,263900,5772278.00
2022/07/01,1456,21.86,22.00,21.86,22.00,275800,6051469.00
2022/07/01,1457,22.02,22.11,22.02,22.10,391700,8646959.00
2022/07/01,1458,22.10,22.10,22.10,22.10,13500,298397.00
2022/07/01,1459,22.10,22.10,22.10,22.10,0,0.00
2022/07/01,1500,22.10,22.10,22.10,22.10,592500,13092438.00
2022/07/04,0931,20.38,20.87,20.30,20.83,2511900,51445276.00
2022/07/04,0932,20.87,21.25,20.87,21.24,589600,12391603.00
2022/07/04,0933,21.27,21.36,20.49,20.49,736500,15517443.00
2022/07/04,0934,20.46,20.90,20.46,20.90,600100,12332795.00
2022/07/04,0935,20.90,20.97,20.71,20.71,363600,7592625.00
2022/07/04,0936,20.70,20.75,20.70,20.72,432900,8968991.00
2022/07/04,0937,20.73,20.78,20.72,20.78,269200,5585877.00
2022/07/04,0938,20.77,20.80,20.75,20.75,308300,6402925.00
2022/07/04,0939,20.75,20.79,20.72,20.72,260700,5408776.00
2022/07/04,0940,20.71,20.72,20.60,20.60,385000,7957247.00
2022/07/04,0941,20.50,20.51,20.38,20.38,660200,13494181.00
2022/07/04,0942,20.38,20.38,20.30,20.30,711500,14471334.00
2022/07/04,0943,20.30,20.30,20.20,20.20,525500,10640958.00
2022/07/04,0944,20.19,20.19,20.05,20.05,586600,11807872.00
2022/07/04,0945,20.04,20.11,20.01,20.11,883200,17691880.00
2022/07/04,0946,20.12,20.36,20.12,20.36,262500,5310954.00
2022/07/04,0947,20.37,20.57,20.36,20.57,207900,4245250.00
2022/07/04,0948,20.59,20.66,20.56,20.56,303400,6256261.00
2022/07/04,0949,20.52,20.53,20.32,20.32,168700,3444973.00
2022/07/04,0950,20.32,20.32,20.26,20.32,225500,4573963.00
2022/07/04,0951,20.32,20.45,20.31,20.45,153600,3127417.00
2022/07/04,0952,20.48,20.59,20.48,20.59,106900,2195094.00
2022/07/04,0953,20.59,20.60,20.57,20.59,140600,2894692.00
2022/07/04,0954,20.58,20.59,20.50,20.50,141100,2900733.00
2022/07/04,0955,20.50,20.50,20.36,20.36,96500,1972079.00
2022/07/04,0956,20.37,20.40,20.35,20.40,126800,2583433.00
2022/07/04,0957,20.39,20.45,20.39,20.42,79400,1622138.00
2022/07/04,0958,20.43,20.43,20.40,20.40,160900,3284674.00
2022/07/04,0959,20.41,20.43,20.41,20.43,131200,2677787.00
2022/07/04,1000,20.43,20.48,20.42,20.48,92900,1898763.00
2022/07/04,1001,20.45,20.58,20.45,20.58,121400,2494070.00
2022/07/04,1002,20.58,20.64,20.58,20.63,156800,3230329.00
2022/07/04,1003,20.64,20.64,20.57,20.59,136700,2816357.00
2022/07/04,1004,20.58,20.58,20.42,20.43,146100,2996119.00
2022/07/04,1005,20.42,20.45,20.41,20.45,123700,2525829.00
2022/07/04,1006,20.47,20.48,20.45,20.46,117600,2405466.00
2022/07/04,1007,20.48,20.48,20.44,20.45,122600,2510579.00
2022/07/04,1008,20.45,20.45,20.42,20.42,110800,2263036.00
2022/07/04,1009,20.42,20.43,20.40,20.40,114600,2339054.00
2022/07/04,1010,20.41,20.41,20.39,20.39,183200,3737904.00
2022/07/04,1011,20.39,20.39,20.32,20.32,145900,2969839.00
2022/07/04,1012,20.32,20.32,20.25,20.25,172500,3500379.00
2022/07/04,1013,20.23,20.25,20.23,20.24,214100,4333120.00
2022/07/04,1014,20.24,20.33,20.24,20.33,129600,2628826.00
2022/07/04,1015,20.34,20.35,20.32,20.33,134600,2736822.00
2022/07/04,1016,20.33,20.34,20.32,20.32,116700,2372168.00
2022/07/04,1017,20.31,20.33,20.31,20.33,100600,2045437.00
2022/07/04,1018,20.31,20.34,20.31,20.32,124900,2537611.00
2022/07/04,1019,20.33,20.33,20.31,20.32,102500,2083905.00
2022/07/04,1020,20.32,20.32,20.30,20.31,95600,1941026.00
2022/07/04,1021,20.30,20.31,20.30,20.31,96600,1960606.00
2022/07/04,1022,20.30,20.31,20.29,20.29,119600,2428780.00
2022/07/04,1023,20.30,20.30,20.28,20.29,125600,2548559.00
2022/07/04,1024,20.28,20.29,20.23,20.23,135100,2736761.00
2022/07/04,1025,20.23,20.23,20.21,20.21,123700,2501711.00
2022/07/04,1026,20.21,20.22,20.19,20.19,170800,3449967.00
2022/07/04,1027,20.19,20.19,20.12,20.12,132100,2663096.00
2022/07/04,1028,20.12,20.16,20.10,20.16,280300,5639702.00
2022/07/04,1029,20.16,20.26,20.16,20.26,127300,2571313.00
2022/07/04,1030,20.26,20.34,20.26,20.33,112200,2278686.00
2022/07/04,1031,20.34,20.41,20.34,20.41,101200,2061922.00
2022/07/04,1032,20.41,20.49,20.41,20.48,100500,2055904.00
2022/07/04,1033,20.49,20.50,20.48,20.48,132000,2704677.00
2022/07/04,1034,20.48,20.49,20.38,20.38,93700,1914523.00
2022/07/04,1035,20.36,20.38,20.32,20.32,57500,1170766.00
2022/07/04,1036,20.30,20.31,20.27,20.27,60600,1230059.00
2022/07/04,1037,20.27,20.28,20.26,20.26,70300,1423309.00
2022/07/04,1038,20.27,20.31,20.25,20.31,78600,1595204.00
2022/07/04,1039,20.33,20.37,20.33,20.36,48100,978409.00
2022/07/04,1040,20.37,20.40,20.37,20.39,43500,887571.00
2022/07/04,1041,20.38,20.47,20.38,20.47,63400,1295252.00
2022/07/04,1042,20.48,20.50,20.47,20.49,89400,1831660.00
2022/07/04,1043,20.48,20.49,20.43,20.45,68300,1396771.00
2022/07/04,1044,20.45,20.45,20.41,20.42,44600,910656.00
2022/07/04,1045,20.41,20.41,20.32,20.32,32300,658866.00
2022/07/04,1046,20.31,20.34,20.30,20.32,66600,1352759.00
2022/07/04,1047,20.31,20.34,20.31,20.32,50100,1017829.00
2022/07/04,1048,20.33,20.34,20.31,20.33,39700,805883.00
2022/07/04,1049,20.33,20.34,20.32,20.34,58400,1186921.00
2022/07/04,1050,20.33,20.35,20.32,20.33,127200,2587156.00
2022/07/04,1051,20.33,20.35,20.31,20.33,34700,704757.00
2022/07/04,1052,20.35,20.39,20.34,20.39,38300,780459.00
2022/07/04,1053,20.39,20.40,20.37,20.40,44900,914707.00
2022/07/04,1054,20.40,20.47,20.40,20.47,53900,1102278.00
2022/07/04,1055,20.45,20.46,20.44,20.44,40300,823850.00
2022/07/04,1056,20.44,20.44,20.38,20.39,38700,790942.00
2022/07/04,1057,20.38,20.39,20.37,20.38,42600,867872.00
2022/07/04,1058,20.38,20.38,20.36,20.37,25700,523096.00
2022/07/04,1059,20.36,20.38,20.36,20.36,42700,869708.00
2022/07/04,1100,20.36,20.38,20.36,20.37,41800,851197.00
2022/07/04,1101,20.37,20.38,20.36,20.37,37900,772640.00
2022/07/04,1102,20.37,20.39,20.37,20.39,45400,925237.00
2022/07/04,1103,20.39,20.40,20.39,20.40,40300,821577.00
2022/07/04,1104,20.40,20.47,20.40,20.47,43100,880297.00
2022/07/04,1105,20.46,20.49,20.46,20.48,57300,1174929.00
2022/07/04,1106,20.48,20.50,20.48,20.50,44700,915972.00
2022/07/04,1107,20.50,20.50,20.48,20.50,81600,1670803.00
2022/07/04,1108,20.50,20.50,20.48,20.50,69000,1413835.00
2022/07/04,1109,20.51,20.51,20.50,20.51,44900,922034.00
2022/07/04,1110,20.51,20.57,20.51,20.57,51000,1047601.00
2022/07/04,1111,20.58,20.63,20.58,20.63,92700,1909277.00
2022/07/04,1112,20.64,20.69,20.64,20.69,88700,1833452.00
2022/07/04,1113,20.70,20.76,20.69,20.75,88700,1837983.00
2022/07/04,1114,20.78,20.79,20.66,20.66,151500,3146020.00
2022/07/04,1115,20.60,20.60,20.50,20.50,73200,1506303.00
2022/07/04,1116,20.50,20.56,20.50,20.55,43000,882236.00
2022/07/04,1117,20.57,20.69,20.57,20.69,30500,628352.00
2022/07/04,1118,20.70,20.70,20.65,20.66,59600,1232295.00
2022/07/04,1119,20.66,20.66,20.59,20.60,44300,913606.00
2022/07/04,1120,20.63,20.64,20.60,20.61,52500,1082915.00
2022/07/04,1121,20.60,20.62,20.59,20.60,39100,805676.00
2022/07/04,1122,20.61,20.63,20.61,20.63,20900,430869.00
2022/07/04,1123,20.62,20.62,20.60,20.61,37600,775110.00
2022/07/04,1124,20.60,20.60,20.58,20.58,69900,1440005.00
2022/07/04,1125,20.57,20.57,20.55,20.55,22900,470804.00
2022/07/04,1126,20.55,20.56,20.50,20.50,54500,1117019.00
2022/07/04,1127,20.50,20.55,20.50,20.54,47200,969338.00
2022/07/04,1128,20.54,20.54,20.53,20.54,38300,786223.00
2022/07/04,1129,20.54,20.55,20.53,20.54,30000,617317.00
2022/07/04,1130,20.54,20.58,20.54,20.56,26400,542347.00
2022/07/04,1301,20.59,20.59,20.55,20.56,147100,3025181.00
2022/07/04,1302,20.57,20.59,20.56,20.59,29800,611727.00
2022/07/04,1303,20.58,20.61,20.58,20.61,46400,955132.00
2022/07/04,1304,20.59,20.61,20.57,20.57,17900,368726.00
2022/07/04,1305,20.57,20.58,20.52,20.53,45300,931061.00
2022/07/04,1306,20.52,20.52,20.51,20.52,59500,1221468.00
2022/07/04,1307,20.52,20.53,20.50,20.50,53100,1088677.00
2022/07/04,1308,20.50,20.51,20.49,20.49,49500,1014727.00
2022/07/04,1309,20.49,20.50,20.46,20.46,50100,1027488.00
2022/07/04,1310,20.46,20.46,20.43,20.43,41800,854731.00
2022/07/04,1311,20.43,20.43,20.39,20.39,51900,1058977.00
2022/07/04,1312,20.38,20.39,20.37,20.38,56300,1147212.00
2022/07/04,1313,20.38,20.38,20.34,20.36,97100,1976995.00
2022/07/04,1314,20.35,20.36,20.28,20.28,193700,3935208.00
2022/07/04,1315,20.28,20.29,20.26,20.28,105900,2147467.00
2022/07/04,1316,20.28,20.33,20.27,20.33,73500,1490733.00
2022/07/04,1317,20.34,20.40,20.34,20.40,40100,815551.00
2022/07/04,1318,20.41,20.41,20.37,20.37,56700,1156843.00
2022/07/04,1319,20.38,20.38,20.33,20.33,42800,870335.00
2022/07/04,1320,20.33,20.33,20.30,20.30,75400,1532115.00
2022/07/04,1321,20.30,20.34,20.30,20.33,52000,1056174.00
2022/07/04,1322,20.32,20.34,20.32,20.34,42600,865812.00
2022/07/04,1323,20.34,20.35,20.34,20.34,59300,1207135.00
2022/07/04,1324,20.35,20.38,20.35,20.37,43100,877508.00
2022/07/04,1325,20.36,20.41,20.36,20.41,32800,667849.00
2022/07/04,1326,20.40,20.42,20.40,20.42,25800,527685.00
2022/07/04,1327,20.41,20.43,20.41,20.43,36400,741291.00
2022/07/04,1328,20.43,20.43,20.42,20.43,27700,567168.00
2022/07/04,1329,20.43,20.43,20.40,20.41,41900,855406.00
2022/07/04,1330,20.40,20.40,20.36,20.37,39000,795073.00
2022/07/04,1331,20.36,20.37,20.35,20.36,61300,1246166.00
2022/07/04,1332,20.35,20.35,20.32,20.32,58800,1196079.00
2022/07/04,1333,20.32,20.33,20.31,20.33,50800,1033884.00
2022/07/04,1334,20.33,20.33,20.32,20.32,70700,1436497.00
2022/07/04,1335,20.32,20.32,20.30,20.30,90300,1832306.00
2022/07/04,1336,20.30,20.32,20.30,20.30,90500,1839269.00
2022/07/04,1337,20.32,20.33,20.31,20.33,50600,1027234.00
2022/07/04,1338,20.32,20.33,20.30,20.30,120000,2437223.00
2022/07/04,1339,20.31,20.31,20.30,20.31,70700,1435265.00
2022/07/04,1340,20.30,20.30,20.29,20.29,136600,2772764.00
2022/07/04,1341,20.28,20.29,20.25,20.25,90100,1826194.00
2022/07/04,1342,20.26,20.26,20.25,20.26,131300,2658600.00
2022/07/04,1343,20.26,20.28,20.26,20.26,44500,901983.00
2022/07/04,1344,20.28,20.28,20.20,20.20,273500,5527366.00
2022/07/04,1345,20.20,20.20,20.18,20.19,130700,2640023.00
2022/07/04,1346,20.19,20.19,20.16,20.16,122500,2471356.00
2022/07/04,1347,20.16,20.16,20.15,20.15,134800,2715046.00
2022/07/04,1348,20.15,20.15,20.13,20.14,128200,2583525.00
2022/07/04,1349,20.14,20.20,20.14,20.20,96100,1936449.00
2022/07/04,1350,20.19,20.24,20.19,20.22,90400,1826058.00
2022/07/04,1351,20.20,20.24,20.19,20.20,125600,2539653.00
2022/07/04,1352,20.20,20.20,20.16,20.17,71300,1438145.00
2022/07/04,1353,20.16,20.16,20.14,20.14,145000,2920492.00
2022/07/04,1354,20.13,20.13,20.11,20.11,181400,3651113.00
2022/07/04,1355,20.11,20.12,20.09,20.09,296100,5952788.00
2022/07/04,1356,20.09,20.09,20.05,20.05,230700,4631624.00
2022/07/04,1357,20.05,20.06,20.05,20.06,281700,5648456.00
2022/07/04,1358,20.07,20.10,20.07,20.10,97300,1954350.00
2022/07/04,1359,20.11,20.16,20.11,20.16,85500,1718879.00
2022/07/04,1400,20.16,20.20,20.16,20.19,79600,1606755.00
2022/07/04,1401,20.20,20.22,20.20,20.22,76700,1550074.00
2022/07/04,1402,20.21,20.21,20.18,20.18,85000,1716512.00
2022/07/04,1403,20.18,20.18,20.12,20.12,40400,814287.00
2022/07/04,1404,20.12,20.12,20.09,20.10,96900,1946791.00
2022/07/04,1405,20.10,20.11,20.09,20.10,101700,2043997.00
2022/07/04,1406,20.09,20.10,20.08,20.08,110900,2229216.00
2022/07/04,1407,20.09,20.10,20.06,20.06,208200,4180210.00
2022/07/04,1408,20.08,20.08,20.06,20.07,97500,1956493.00
2022/07/04,1409,20.08,20.08,20.06,20.06,141400,2837194.00
2022/07/04,1410,20.06,20.07,20.05,20.05,141400,2834899.00
2022/07/04,1411,20.05,20.07,20.05,20.07,137900,2767868.00
2022/07/04,1412,20.07,20.09,20.07,20.09,80000,1605767.00
2022/07/04,1413,20.08,20.10,20.08,20.10,100200,2013373.00
2022/07/04,1414,20.10,20.12,20.09,20.12,79400,1596537.00
2022/07/04,1415,20.12,20.13,20.11,20.13,71600,1439172.00
2022/07/04,1416,20.12,20.12,20.10,20.10,77300,1555676.00
2022/07/04,1417,20.10,20.10,20.07,20.07,111300,2235679.00
2022/07/04,1418,20.07,20.07,20.04,20.04,235400,4720779.00
2022/07/04,1419,20.04,20.04,20.03,20.03,229600,4599271.00
2022/07/04,1420,20.03,20.05,20.03,20.05,107200,2148066.00
2022/07/04,1421,20.05,20.05,20.03,20.05,127500,2555434.00
2022/07/04,1422,20.05,20.06,20.04,20.06,94000,1884784.00
2022/07/04,1423,20.06,20.06,20.05,20.05,93300,1872262.00
2022/07/04,1424,20.06,20.06,20.05,20.06,95500,1913587.00
2022/07/04,1425,20.05,20.06,20.05,20.06,101000,2027054.00
2022/07/04,1426,20.05,20.06,20.04,20.04,103900,2081613.00
2022/07/04,1427,20.04,20.05,20.03,20.04,169000,3387716.00
2022/07/04,1428,20.03,20.04,20.03,20.03,187900,3764211.00
2022/07/04,1429,20.03,20.03,20.02,20.02,189400,3792074.00
2022/07/04,1430,20.02,20.03,20.00,20.01,334800,6701135.00
2022/07/04,1431,20.00,20.01,20.00,20.01,301100,6023095.00
2022/07/04,1432,20.01,20.01,20.00,20.00,178600,3573634.00
2022/07/04,1433,20.00,20.01,20.00,20.00,171800,3436320.00
2022/07/04,1434,20.00,20.01,19.96,19.97,331600,6629224.00
2022/07/04,1435,19.96,19.96,19.90,19.90,609700,12141581.00
2022/07/04,1436,19.92,19.92,19.90,19.92,374400,7453943.00
2022/07/04,1437,19.92,19.95,19.91,19.95,240500,4791887.00
2022/07/04,1438,19.95,19.99,19.95,19.99,112800,2251595.00
2022/07/04,1439,19.96,20.00,19.96,19.99,75400,1506712.00
2022/07/04,1440,19.98,20.00,19.98,19.99,126600,2530396.00
2022/07/04,1441,19.99,20.00,19.98,19.98,144800,2894645.00
2022/07/04,1442,19.99,19.99,19.97,19.97,99600,1989329.00
2022/07/04,1443,19.96,19.97,19.93,19.93,150800,3009691.00
2022/07/04,1444,19.93,19.93,19.91,19.91,324600,6466794.00
2022/07/04,1445,19.92,19.92,19.90,19.91,399100,7943809.00
2022/07/04,1446,19.90,19.91,19.90,19.90,245900,4893837.00
2022/07/04,1447,19.90,19.91,19.90,19.91,239500,4765945.00
2022/07/04,1448,19.90,19.91,19.90,19.90,215700,4293686.00
2022/07/04,1449,19.90,19.91,19.89,19.90,308800,6143640.00
2022/07/04,1450,19.89,19.90,19.89,19.90,297900,5926117.00
2022/07/04,1451,19.89,19.90,19.89,19.90,478300,9514334.00
2022/07/04,1452,19.89,19.90,19.89,19.89,348600,6934991.00
2022/07/04,1453,19.89,19.90,19.89,19.90,372300,7406897.00
2022/07/04,1454,19.89,19.91,19.89,19.90,252800,5029431.00
2022/07/04,1455,19.90,19.91,19.89,19.90,243900,4853266.00
2022/07/04,1456,19.89,19.90,19.89,19.89,590300,11740796.00
2022/07/04,1457,19.89,19.89,19.89,19.89,210500,4186845.00
2022/07/04,1458,19.89,19.89,19.89,19.89,2900,57681.00
2022/07/04,1459,19.89,19.89,19.89,19.89,0,0.00
2022/07/04,1500,19.89,19.89,19.89,19.89,479600,9539244.00
2022/07/05,0931,19.70,19.89,19.52,19.52,1230600,24238146.00
2022/07/05,0932,19.51,19.51,19.20,19.20,982900,19034688.00
2022/07/05,0933,19.18,19.27,19.13,19.27,1140300,21864628.00
2022/07/05,0934,19.24,19.49,19.24,19.49,298200,5778861.00
2022/07/05,0935,19.51,19.53,19.48,19.48,500700,9764761.00
2022/07/05,0936,19.49,19.49,19.30,19.30,340400,6594950.00
2022/07/05,0937,19.30,19.30,19.23,19.23,523700,10083765.00
2022/07/05,0938,19.21,19.30,19.21,19.30,414300,7969358.00
2022/07/05,0939,19.30,19.40,19.30,19.40,182900,3540405.00
2022/07/05,0940,19.38,19.38,19.28,19.30,255300,4935911.00
2022/07/05,0941,19.28,19.31,19.28,19.31,262400,5062106.00
2022/07/05,0942,19.32,19.36,19.31,19.36,180000,3479717.00
2022/07/05,0943,19.37,19.45,19.36,19.45,156100,3027394.00
2022/07/05,0944,19.47,19.50,19.47,19.49,163400,3184124.00
2022/07/05,0945,19.49,19.49,19.40,19.40,108900,2118896.00
2022/07/05,0946,19.39,19.39,19.34,19.34,114500,2216935.00
2022/07/05,0947,19.34,19.37,19.33,19.37,161700,3127777.00
2022/07/05,0948,19.36,19.40,19.36,19.39,105900,2051953.00
2022/07/05,0949,19.40,19.40,19.39,19.39,100200,1943297.00
2022/07/05,0950,19.39,19.42,19.39,19.41,125100,2428406.00
2022/07/05,0951,19.42,19.44,19.42,19.44,89500,1738463.00
2022/07/05,0952,19.42,19.45,19.42,19.45,141300,2746643.00
2022/07/05,0953,19.45,19.47,19.45,19.47,71300,1387122.00
2022/07/05,0954,19.49,19.49,19.45,19.45,194900,3794677.00
2022/07/05,0955,19.44,19.45,19.41,19.41,116800,2269569.00
2022/07/05,0956,19.41,19.41,19.39,19.39,107500,2083399.00
2022/07/05,0957,19.39,19.39,19.37,19.39,135500,2627267.00
2022/07/05,0958,19.39,19.40,19.38,19.39,143100,2774547.00
2022/07/05,0959,19.39,19.44,19.39,19.44,116200,2256265.00
2022/07/05,1000,19.44,19.59,19.44,19.59,199800,3897660.00
2022/07/05,1001,19.60,19.80,19.60,19.80,197900,3894937.00
2022/07/05,1002,19.81,20.23,19.81,20.22,507400,10148737.00
2022/07/05,1003,20.23,20.38,20.07,20.07,1016300,20638128.00
2022/07/05,1004,20.07,20.28,19.99,20.28,360200,7226062.00
2022/07/05,1005,20.30,20.36,20.18,20.19,773300,15715807.00
2022/07/05,1006,20.19,20.28,20.15,20.28,304300,6146659.00
2022/07/05,1007,20.29,20.35,20.28,20.28,618200,12568541.00
2022/07/05,1008,20.26,20.26,20.14,20.14,251900,5089037.00
2022/07/05,1009,20.13,20.26,20.13,20.26,165900,3349042.00
2022/07/05,1010,20.27,20.32,20.27,20.29,257100,5219011.00
2022/07/05,1011,20.27,20.27,20.17,20.17,146200,2953945.00
2022/07/05,1012,20.17,20.17,20.14,20.16,143400,2890576.00
2022/07/05,1013,20.15,20.22,20.15,20.22,138100,2786405.00
2022/07/05,1014,20.23,20.28,20.22,20.27,121700,2464296.00
2022/07/05,1015,20.28,20.28,20.21,20.21,122900,2489881.00
2022/07/05,1016,20.21,20.21,20.17,20.17,140900,2844999.00
2022/07/05,1017,20.18,20.18,20.16,20.17,86300,1739875.00
2022/07/05,1018,20.17,20.25,20.17,20.25,85400,1725058.00
2022/07/05,1019,20.25,20.28,20.25,20.28,186200,3774358.00
2022/07/05,1020,20.28,20.30,20.25,20.25,190900,3873179.00
2022/07/05,1021,20.25,20.25,20.17,20.17,50200,1013904.00
2022/07/05,1022,20.17,20.18,20.16,20.16,86600,1746470.00
2022/07/05,1023,20.17,20.18,20.15,20.17,128900,2599084.00
2022/07/05,1024,20.17,20.22,20.17,20.22,79800,1610911.00
2022/07/05,1025,20.22,20.24,20.22,20.23,54400,1100458.00
2022/07/05,1026,20.23,20.24,20.18,20.18,89000,1798291.00
2022/07/05,1027,20.18,20.18,20.16,20.17,81700,1647574.00
2022/07/05,1028,20.18,20.19,20.17,20.19,38700,781133.00
2022/07/05,1029,20.19,20.19,20.17,20.18,41500,837622.00
2022/07/05,1030,20.17,20.17,20.11,20.11,117800,2374872.00
2022/07/05,1031,20.10,20.10,19.90,19.90,176500,3529215.00
2022/07/05,1032,19.88,19.88,19.83,19.88,114900,2281471.00
2022/07/05,1033,19.87,20.05,19.87,20.05,71600,1425865.00
2022/07/05,1034,20.05,20.09,20.03,20.07,48300,969385.00
2022/07/05,1035,20.06,20.06,19.99,20.00,66300,1327568.00
2022/07/05,1036,19.99,20.00,19.91,19.92,71900,1435810.00
2022/07/05,1037,19.92,19.98,19.92,19.98,22800,455177.00
2022/07/05,1038,19.99,20.00,19.96,19.99,60300,1204387.00
2022/07/05,1039,19.98,20.00,19.98,20.00,48700,973632.00
2022/07/05,1040,20.00,20.00,19.98,19.98,59500,1189878.00
2022/07/05,1041,19.98,19.98,19.90,19.90,56300,1121979.00
2022/07/05,1042,19.90,19.91,19.89,19.90,90200,1794574.00
2022/07/05,1043,19.90,19.94,19.90,19.92,34700,691616.00
2022/07/05,1044,19.94,19.95,19.93,19.95,37000,737840.00
2022/07/05,1045,19.94,19.95,19.92,19.92,77800,1552001.00
2022/07/05,1046,19.94,19.94,19.90,19.90,59300,1179919.00
2022/07/05,1047,19.90,19.90,19.87,19.87,58700,1167916.00
2022/07/05,1048,19.87,19.87,19.78,19.78,79300,1571236.00
2022/07/05,1049,19.78,19.80,19.76,19.80,84400,1670690.00
2022/07/05,1050,19.80,19.85,19.80,19.85,64900,1284735.00
2022/07/05,1051,19.84,19.90,19.84,19.89,52000,1032822.00
2022/07/05,1052,19.90,19.90,19.86,19.86,42800,851194.00
2022/07/05,1053,19.85,19.86,19.84,19.85,45800,909275.00
2022/07/05,1054,19.85,19.85,19.79,19.79,43400,860812.00
2022/07/05,1055,19.79,19.80,19.78,19.80,88900,1758730.00
2022/07/05,1056,19.78,19.78,19.68,19.68,131300,2590181.00
2022/07/05,1057,19.66,19.66,19.60,19.60,110400,2166538.00
2022/07/05,1058,19.60,19.60,19.57,19.59,161000,3154817.00
2022/07/05,1059,19.60,19.68,19.59,19.65,109700,2154130.00
2022/07/05,1100,19.65,19.74,19.65,19.66,109100,2145479.00
2022/07/05,1101,19.65,19.72,19.63,19.72,83100,1634135.00
2022/07/05,1102,19.72,19.73,19.70,19.70,33700,664091.00
2022/07/05,1103,19.71,19.72,19.71,19.72,52700,1037899.00
2022/07/05,1104,19.72,19.79,19.72,19.79,32000,632684.00
2022/07/05,1105,19.80,19.89,19.80,19.88,16200,322640.00
2022/07/05,1106,19.88,19.89,19.85,19.85,40400,802976.00
2022/07/05,1107,19.84,19.84,19.73,19.73,25600,505860.00
2022/07/05,1108,19.75,19.79,19.73,19.79,20200,399066.00
2022/07/05,1109,19.79,19.79,19.75,19.75,30400,600469.00
2022/07/05,1110,19.75,19.76,19.73,19.76,30700,606244.00
2022/07/05,1111,19.75,19.79,19.75,19.76,33000,651915.00
2022/07/05,1112,19.75,19.76,19.73,19.73,47700,941977.00
2022/07/05,1113,19.73,19.73,19.65,19.65,75300,1481583.00
2022/07/05,1114,19.63,19.65,19.62,19.63,74100,1455985.00
2022/07/05,1115,19.63,19.67,19.63,19.65,64200,1261847.00
2022/07/05,1116,19.65,19.70,19.65,19.70,36100,710277.00
2022/07/05,1117,19.73,19.79,19.72,19.79,27400,541396.00
2022/07/05,1118,19.79,19.86,19.79,19.86,30300,599184.00
2022/07/05,1119,19.85,19.97,19.85,19.97,40600,810341.00
2022/07/05,1120,19.97,19.98,19.90,19.90,72700,1450697.00
2022/07/05,1121,19.91,19.91,19.87,19.88,32300,642995.00
2022/07/05,1122,19.89,19.92,19.89,19.91,21100,419649.00
2022/07/05,1123,19.94,19.96,19.92,19.96,31100,620291.00
2022/07/05,1124,19.97,20.09,19.96,20.09,160800,3219237.00
2022/07/05,1125,20.08,20.10,20.08,20.09,96500,1938382.00
2022/07/05,1126,20.09,20.09,20.01,20.02,28500,572188.00
2022/07/05,1127,20.01,20.01,19.95,19.98,38900,777178.00
2022/07/05,1128,19.98,19.99,19.93,19.93,33900,677309.00
2022/07/05,1129,19.93,19.97,19.90,19.97,47200,939441.00
2022/07/05,1130,20.00,20.00,19.99,20.00,32000,639973.00
2022/07/05,1301,20.00,20.07,20.00,20.07,88200,1765570.00
2022/07/05,1302,20.06,20.07,20.02,20.03,15300,306817.00
2022/07/05,1303,20.02,20.02,19.98,19.98,23500,468859.00
2022/07/05,1304,19.98,20.00,19.98,19.99,23700,473889.00
2022/07/05,1305,19.98,19.99,19.97,19.97,9700,193799.00
2022/07/05,1306,19.96,19.96,19.90,19.90,17100,341977.00
2022/07/05,1307,19.90,19.90,19.85,19.85,24400,485216.00
2022/07/05,1308,19.85,19.85,19.80,19.80,26700,527739.00
2022/07/05,1309,19.79,19.82,19.79,19.82,55900,1107655.00
2022/07/05,1310,19.81,19.90,19.81,19.90,18500,365734.00
2022/07/05,1311,19.90,20.01,19.90,20.00,36300,725591.00
2022/07/05,1312,20.01,20.01,19.98,19.98,24000,479891.00
2022/07/05,1313,19.98,19.98,19.91,19.91,20600,411118.00
2022/07/05,1314,19.91,19.91,19.87,19.91,55800,1110146.00
2022/07/05,1315,19.91,20.02,19.91,20.01,66500,1329033.00
2022/07/05,1316,20.02,20.02,20.00,20.00,28400,568501.00
2022/07/05,1317,20.01,20.02,19.95,19.95,44500,891542.00
2022/07/05,1318,19.95,20.02,19.95,20.02,69900,1398026.00
2022/07/05,1319,20.02,20.02,19.99,20.01,18900,378130.00
2022/07/05,1320,20.00,20.01,19.99,20.00,25100,501997.00
2022/07/05,1321,19.99,20.00,19.98,19.98,39600,791600.00
2022/07/05,1322,19.98,19.98,19.94,19.94,14300,284409.00
2022/07/05,1323,19.94,20.00,19.94,19.99,45900,916408.00
2022/07/05,1324,20.00,20.00,19.98,19.98,21800,435818.00
2022/07/05,1325,19.98,19.98,19.92,19.92,18900,376751.00
2022/07/05,1326,19.91,19.91,19.89,19.89,30800,613033.00
2022/07/05,1327,19.89,19.89,19.88,19.89,15500,308280.00
2022/07/05,1328,19.89,19.90,19.89,19.89,14000,278506.00
2022/07/05,1329,19.90,19.96,19.89,19.96,26600,529757.00
2022/07/05,1330,19.96,20.00,19.96,19.98,84100,1681963.00
2022/07/05,1331,20.00,20.06,20.00,20.05,101600,2034663.00
2022/07/05,1332,20.06,20.06,20.04,20.04,35700,714940.00
2022/07/05,1333,20.04,20.04,19.99,19.99,40300,806882.00
2022/07/05,1334,19.98,19.99,19.96,19.98,13400,267959.00
2022/07/05,1335,19.98,19.98,19.95,19.96,16000,320667.00
2022/07/05,1336,19.97,20.02,19.97,20.02,51100,1021638.00
2022/07/05,1337,20.01,20.02,20.00,20.00,30100,602125.00
2022/07/05,1338,20.00,20.00,19.98,19.98,19000,379144.00
2022/07/05,1339,19.98,19.98,19.96,19.96,27300,545685.00
2022/07/05,1340,19.96,19.97,19.95,19.97,30700,612875.00
2022/07/05,1341,19.97,19.99,19.97,19.99,22800,455059.00
2022/07/05,1342,19.99,20.00,19.99,20.00,31800,635887.00
2022/07/05,1343,19.99,20.00,19.99,19.99,58900,1178918.00
2022/07/05,1344,19.98,19.99,19.98,19.98,22100,440864.00
2022/07/05,1345,19.98,19.99,19.97,19.98,13400,267767.00
2022/07/05,1346,19.97,19.98,19.95,19.95,76800,1533829.00
2022/07/05,1347,19.95,19.95,19.90,19.90,39400,784827.00
2022/07/05,1348,19.90,19.90,19.89,19.89,44700,889078.00
2022/07/05,1349,19.90,19.91,19.89,19.91,24700,491605.00
2022/07/05,1350,19.91,19.95,19.91,19.95,15900,316747.00
2022/07/05,1351,19.95,19.95,19.93,19.94,11800,234260.00
2022/07/05,1352,19.95,19.95,19.93,19.93,20700,413751.00
2022/07/05,1353,19.92,19.94,19.92,19.93,31100,619838.00
2022/07/05,1354,19.94,19.94,19.91,19.92,22500,448371.00
2022/07/05,1355,19.91,19.92,19.91,19.92,17300,343163.00
2022/07/05,1356,19.93,19.94,19.93,19.94,23700,474102.00
2022/07/05,1357,19.95,19.96,19.94,19.95,32500,648394.00
2022/07/05,1358,19.96,19.96,19.95,19.95,13200,262749.00
2022/07/05,1359,19.96,19.96,19.95,19.96,37100,740251.00
2022/07/05,1400,19.95,19.96,19.95,19.95,23100,461657.00
2022/07/05,1401,19.94,19.96,19.94,19.95,44400,884925.00
2022/07/05,1402,19.94,19.95,19.94,19.94,29100,579934.00
2022/07/05,1403,19.94,19.94,19.93,19.93,57300,1141702.00
2022/07/05,1404,19.93,19.93,19.91,19.92,20300,404314.00
2022/07/05,1405,19.91,19.92,19.90,19.90,31000,618174.00
2022/07/05,1406,19.91,19.91,19.90,19.91,26500,527586.00
2022/07/05,1407,19.90,19.91,19.90,19.91,55600,1106137.00
2022/07/05,1408,19.91,19.92,19.90,19.91,29300,582794.00
2022/07/05,1409,19.91,19.95,19.90,19.95,51500,1027466.00
2022/07/05,1410,19.92,19.95,19.92,19.94,14800,295078.00
2022/07/05,1411,19.94,19.97,19.94,19.97,37600,749759.00
2022/07/05,1412,19.97,19.98,19.96,19.97,21300,425460.00
2022/07/05,1413,19.97,19.98,19.97,19.97,24600,490958.00
2022/07/05,1414,19.97,19.98,19.97,19.97,30500,609558.00
2022/07/05,1415,19.97,19.97,19.96,19.96,27300,545149.00
2022/07/05,1416,19.96,19.97,19.96,19.96,32200,642891.00
2022/07/05,1417,19.96,19.97,19.95,19.95,16500,329339.00
2022/07/05,1418,19.96,19.96,19.94,19.94,31800,633882.00
2022/07/05,1419,19.94,19.97,19.94,19.95,46700,931745.00
2022/07/05,1420,19.95,19.97,19.95,19.96,13300,266381.00
2022/07/05,1421,19.97,19.99,19.97,19.99,64700,1291524.00
2022/07/05,1422,19.98,20.00,19.98,19.99,57800,1156692.00
2022/07/05,1423,20.00,20.00,19.98,19.98,36200,722665.00
2022/07/05,1424,19.98,19.98,19.97,19.98,37100,741590.00
2022/07/05,1425,19.97,19.99,19.97,19.99,54900,1098198.00
2022/07/05,1426,19.98,19.99,19.98,19.99,38200,763554.00
2022/07/05,1427,19.99,19.99,19.98,19.98,36300,725410.00
2022/07/05,1428,19.97,19.99,19.97,19.99,14500,289722.00
2022/07/05,1429,19.98,19.98,19.97,19.97,25000,499345.00
2022/07/05,1430,19.97,19.98,19.95,19.95,47800,952739.00
2022/07/05,1431,19.96,19.97,19.95,19.96,31000,618529.00
2022/07/05,1432,19.96,19.98,19.96,19.96,32500,649072.00
2022/07/05,1433,19.96,19.98,19.95,19.98,108000,2155662.00
2022/07/05,1434,19.98,19.98,19.92,19.92,92800,1852401.00
2022/07/05,1435,19.93,19.93,19.91,19.92,54800,1090981.00
2022/07/05,1436,19.91,19.92,19.91,19.91,47400,942912.00
2022/07/05,1437,19.91,19.93,19.91,19.93,34200,682128.00
2022/07/05,1438,19.93,19.94,19.93,19.93,15400,307843.00
2022/07/05,1439,19.93,19.95,19.93,19.95,37400,745391.00
2022/07/05,1440,19.94,19.94,19.93,19.93,45800,911363.00
2022/07/05,1441,19.92,19.92,19.91,19.91,75200,1498219.00
2022/07/05,1442,19.91,19.91,19.90,19.90,64400,1281304.00
2022/07/05,1443,19.90,19.91,19.89,19.89,142000,2825948.00
2022/07/05,1444,19.89,19.89,19.85,19.85,57100,1134746.00
2022/07/05,1445,19.85,19.85,19.80,19.80,116800,2313373.00
2022/07/05,1446,19.79,19.85,19.79,19.85,80900,1603700.00
2022/07/05,1447,19.83,19.89,19.83,19.89,37200,738458.00
2022/07/05,1448,19.89,19.89,19.86,19.86,38500,765245.00
2022/07/05,1449,19.87,19.89,19.86,19.89,42700,848582.00
2022/07/05,1450,19.89,19.89,19.86,19.86,62200,1236229.00
2022/07/05,1451,19.86,19.88,19.86,19.87,73500,1459270.00
2022/07/05,1452,19.87,19.89,19.87,19.89,84300,1676130.00
2022/07/05,1453,19.89,19.90,19.89,19.90,115100,2290105.00
2022/07/05,1454,19.90,19.90,19.88,19.89,105400,2096685.00
2022/07/05,1455,19.89,19.89,19.87,19.88,117800,2342244.00
2022/07/05,1456,19.88,19.89,19.88,19.88,112200,2230672.00
2022/07/05,1457,19.89,19.89,19.88,19.88,158600,3153573.00
2022/07/05,1458,19.89,19.89,19.89,19.89,3400,67605.00
2022/07/05,1459,19.89,19.89,19.89,19.89,0,0.00
2022/07/05,1500,19.88,19.88,19.88,19.88,163800,3255986.00
2022/07/06,0931,19.52,19.72,19.48,19.48,562800,10990733.00
2022/07/06,0932,19.49,19.49,19.33,19.35,276900,5373983.00
2022/07/06,0933,19.34,19.42,19.31,19.40,407400,7884146.00
2022/07/06,0934,19.44,19.56,19.44,19.56,241000,4700442.00
2022/07/06,0935,19.61,19.65,19.58,19.61,165700,3249755.00
2022/07/06,0936,19.59,19.60,19.47,19.47,117900,2303046.00
2022/07/06,0937,19.45,19.50,19.42,19.46,165900,3223991.00
2022/07/06,0938,19.50,19.65,19.50,19.65,97100,1899008.00
2022/07/06,0939,19.67,19.67,19.60,19.61,157700,3095913.00
2022/07/06,0940,19.62,19.62,19.57,19.57,153500,3007518.00
2022/07/06,0941,19.59,19.61,19.58,19.60,134900,2644027.00
2022/07/06,0942,19.61,19.71,19.59,19.71,106100,2082825.00
2022/07/06,0943,19.73,19.85,19.73,19.84,145200,2874130.00
2022/07/06,0944,19.84,19.84,19.75,19.75,111900,2216466.00
2022/07/06,0945,19.72,19.72,19.66,19.66,93500,1840483.00
2022/07/06,0946,19.67,19.80,19.67,19.80,83000,1638061.00
2022/07/06,0947,19.80,19.80,19.66,19.67,124200,2450993.00
2022/07/06,0948,19.67,19.69,19.67,19.68,80200,1577920.00
2022/07/06,0949,19.68,19.70,19.68,19.69,44000,866099.00
2022/07/06,0950,19.69,19.74,19.69,19.73,52700,1038691.00
2022/07/06,0951,19.74,19.74,19.68,19.69,73200,1442815.00
2022/07/06,0952,19.68,19.68,19.62,19.62,136600,2685669.00
2022/07/06,0953,19.62,19.64,19.60,19.61,133100,2611003.00
2022/07/06,0954,19.61,19.62,19.60,19.62,151800,2976401.00
2022/07/06,0955,19.62,19.68,19.62,19.67,57100,1121782.00
2022/07/06,0956,19.67,19.68,19.64,19.64,64600,1269790.00
2022/07/06,0957,19.64,19.65,19.61,19.61,126100,2474856.00
2022/07/06,0958,19.62,19.63,19.60,19.63,46600,914942.00
2022/07/06,0959,19.62,19.63,19.61,19.61,66700,1307404.00
2022/07/06,1000,19.62,19.62,19.61,19.62,65500,1284957.00
2022/07/06,1001,19.61,19.62,19.60,19.60,134200,2630817.00
2022/07/06,1002,19.60,19.60,19.53,19.54,119300,2334348.00
2022/07/06,1003,19.53,19.55,19.53,19.54,141100,2758326.00
2022/07/06,1004,19.55,19.57,19.54,19.56,79300,1549467.00
2022/07/06,1005,19.57,19.60,19.57,19.60,58200,1139840.00
2022/07/06,1006,19.60,19.65,19.60,19.65,45800,899210.00
2022/07/06,1007,19.64,19.65,19.59,19.60,81800,1604917.00
2022/07/06,1008,19.59,19.59,19.58,19.58,79200,1550308.00
2022/07/06,1009,19.58,19.58,19.56,19.56,105900,2072000.00
2022/07/06,1010,19.56,19.58,19.56,19.58,61800,1210624.00
2022/07/06,1011,19.59,19.59,19.58,19.58,53600,1049499.00
2022/07/06,1012,19.58,19.58,19.56,19.56,61600,1205590.00
2022/07/06,1013,19.55,19.56,19.52,19.52,93700,1831109.00
2022/07/06,1014,19.51,19.51,19.46,19.46,204600,3988171.00
2022/07/06,1015,19.45,19.46,19.45,19.46,118800,2310273.00
2022/07/06,1016,19.46,19.49,19.46,19.49,93100,1813039.00
2022/07/06,1017,19.48,19.51,19.48,19.51,100100,1951771.00
2022/07/06,1018,19.52,19.53,19.51,19.51,53300,1040323.00
2022/07/06,1019,19.51,19.51,19.48,19.48,75400,1470578.00
2022/07/06,1020,19.48,19.49,19.46,19.47,74100,1442159.00
2022/07/06,1021,19.46,19.46,19.43,19.43,156900,3052111.00
2022/07/06,1022,19.43,19.45,19.43,19.45,145900,2834399.00
2022/07/06,1023,19.45,19.48,19.45,19.47,63900,1244122.00
2022/07/06,1024,19.47,19.52,19.47,19.50,48800,951223.00
2022/07/06,1025,19.50,19.52,19.49,19.49,39200,764473.00
2022/07/06,1026,19.49,19.49,19.46,19.46,49500,963938.00
2022/07/06,1027,19.46,19.46,19.44,19.44,96900,1886420.00
2022/07/06,1028,19.45,19.45,19.41,19.41,112300,2180598.00
2022/07/06,1029,19.40,19.41,19.37,19.37,200000,3876970.00
2022/07/06,1030,19.36,19.36,19.32,19.34,284400,5499386.00
2022/07/06,1031,19.33,19.42,19.33,19.42,97100,1882558.00
2022/07/06,1032,19.42,19.45,19.42,19.45,48900,950199.00
2022/07/06,1033,19.45,19.45,19.38,19.38,51000,989638.00
2022/07/06,1034,19.38,19.40,19.37,19.40,89400,1732086.00
2022/07/06,1035,19.41,19.45,19.40,19.45,54400,1055904.00
2022/07/06,1036,19.44,19.45,19.41,19.41,38900,757704.00
2022/07/06,1037,19.42,19.42,19.40,19.41,67300,1306030.00
2022/07/06,1038,19.40,19.40,19.39,19.39,82600,1600154.00
2022/07/06,1039,19.39,19.40,19.39,19.39,65100,1262327.00
2022/07/06,1040,19.39,19.39,19.37,19.37,91500,1772922.00
2022/07/06,1041,19.37,19.38,19.37,19.37,71800,1392657.00
2022/07/06,1042,19.37,19.38,19.35,19.35,187400,3628121.00
2022/07/06,1043,19.35,19.35,19.26,19.27,302400,5838921.00
2022/07/06,1044,19.26,19.26,19.22,19.26,228500,4396206.00
2022/07/06,1045,19.25,19.26,19.23,19.24,208500,4013473.00
2022/07/06,1046,19.23,19.23,19.21,19.22,296900,5705172.00
2022/07/06,1047,19.23,19.23,19.20,19.21,291200,5594485.00
2022/07/06,1048,19.21,19.23,19.21,19.22,203300,3906711.00
2022/07/06,1049,19.22,19.29,19.22,19.29,86600,1667769.00
2022/07/06,1050,19.30,19.35,19.29,19.34,69600,1344639.00
2022/07/06,1051,19.33,19.34,19.30,19.30,63600,1228941.00
2022/07/06,1052,19.30,19.30,19.24,19.25,40800,786103.00
2022/07/06,1053,19.26,19.26,19.23,19.25,72400,1391459.00
2022/07/06,1054,19.24,19.24,19.20,19.20,121100,2327630.00
2022/07/06,1055,19.21,19.21,19.20,19.21,96200,1847621.00
2022/07/06,1056,19.21,19.23,19.20,19.21,69500,1336658.00
2022/07/06,1057,19.22,19.24,19.21,19.24,69000,1326415.00
2022/07/06,1058,19.23,19.24,19.22,19.22,69800,1342014.00
2022/07/06,1059,19.21,19.21,19.20,19.21,126500,2430041.00
2022/07/06,1100,19.21,19.22,19.20,19.22,115800,2223586.00
2022/07/06,1101,19.22,19.22,19.21,19.22,44000,845530.00
2022/07/06,1102,19.22,19.25,19.22,19.25,68000,1307053.00
2022/07/06,1103,19.25,19.26,19.23,19.24,25800,496484.00
2022/07/06,1104,19.24,19.28,19.24,19.28,62700,1208254.00
2022/07/06,1105,19.27,19.28,19.25,19.25,54200,1044448.00
2022/07/06,1106,19.24,19.25,19.21,19.23,68900,1324830.00
2022/07/06,1107,19.23,19.30,19.23,19.30,61300,1181401.00
2022/07/06,1108,19.30,19.31,19.28,19.30,23500,453542.00
2022/07/06,1109,19.30,19.30,19.29,19.29,32000,617604.00
2022/07/06,1110,19.29,19.30,19.29,19.29,18000,347192.00
2022/07/06,1111,19.30,19.30,19.28,19.29,17700,341525.00
2022/07/06,1112,19.29,19.29,19.27,19.28,31900,615709.00
2022/07/06,1113,19.27,19.30,19.27,19.29,24400,470525.00
2022/07/06,1114,19.29,19.30,19.28,19.30,33900,653060.00
2022/07/06,1115,19.30,19.32,19.29,19.32,26900,519573.00
2022/07/06,1116,19.33,19.33,19.29,19.29,66700,1287358.00
2022/07/06,1117,19.30,19.30,19.26,19.26,86300,1665179.00
2022/07/06,1118,19.26,19.28,19.26,19.26,49900,961567.00
2022/07/06,1119,19.26,19.26,19.24,19.24,33900,652657.00
2022/07/06,1120,19.24,19.25,19.24,19.24,39800,765902.00
2022/07/06,1121,19.25,19.25,19.23,19.24,42200,811553.00
2022/07/06,1122,19.23,19.25,19.23,19.25,34900,671652.00
2022/07/06,1123,19.25,19.29,19.25,19.28,14700,283138.00
2022/07/06,1124,19.29,19.29,19.26,19.27,23300,449133.00
2022/07/06,1125,19.27,19.27,19.25,19.25,43800,843433.00
2022/07/06,1126,19.25,19.25,19.23,19.23,51800,997122.00
2022/07/06,1127,19.23,19.23,19.22,19.23,59300,1139780.00
2022/07/06,1128,19.22,19.22,19.21,19.22,64200,1233448.00
2022/07/06,1129,19.21,19.21,19.20,19.20,65300,1252458.00
2022/07/06,1130,19.20,19.21,19.20,19.20,70800,1361119.00
2022/07/06,1301,19.20,19.20,19.18,19.18,136200,2613939.00
2022/07/06,1302,19.18,19.19,19.17,19.19,80900,1551744.00
2022/07/06,1303,19.19,19.19,19.18,19.18,54600,1048367.00
2022/07/06,1304,19.19,19.20,19.19,19.20,47700,913863.00
2022/07/06,1305,19.20,19.20,19.19,19.19,37200,713931.00
2022/07/06,1306,19.19,19.20,19.18,19.18,32400,623300.00
2022/07/06,1307,19.18,19.19,19.16,19.16,83900,1606677.00
2022/07/06,1308,19.16,19.16,19.12,19.13,112700,2157890.00
2022/07/06,1309,19.12,19.12,19.07,19.07,130400,2490970.00
2022/07/06,1310,19.08,19.08,19.01,19.03,236500,4502642.00
2022/07/06,1311,19.02,19.10,19.02,19.10,225100,4288439.00
2022/07/06,1312,19.10,19.16,19.10,19.15,60700,1160297.00
2022/07/06,1313,19.16,19.16,19.11,19.11,73100,1399309.00
2022/07/06,1314,19.10,19.11,19.07,19.07,46800,894467.00
2022/07/06,1315,19.07,19.07,19.05,19.06,91500,1744102.00
2022/07/06,1316,19.07,19.10,19.06,19.09,63400,1209445.00
2022/07/06,1317,19.08,19.10,19.08,19.08,66000,1259874.00
2022/07/06,1318,19.09,19.09,19.07,19.07,60800,1159982.00
2022/07/06,1319,19.06,19.07,19.04,19.04,103400,1968636.00
2022/07/06,1320,19.04,19.06,19.03,19.06,111700,2127315.00
2022/07/06,1321,19.05,19.07,19.05,19.06,81500,1554162.00
2022/07/06,1322,19.06,19.09,19.06,19.09,39600,755127.00
2022/07/06,1323,19.09,19.09,19.08,19.08,35200,671669.00
2022/07/06,1324,19.07,19.08,19.06,19.06,134400,2562426.00
2022/07/06,1325,19.06,19.06,19.04,19.04,86600,1649685.00
2022/07/06,1326,19.05,19.05,19.04,19.05,71300,1356925.00
2022/07/06,1327,19.05,19.05,19.03,19.03,110700,2107537.00
2022/07/06,1328,19.04,19.04,19.02,19.03,158100,3008870.00
2022/07/06,1329,19.03,19.03,19.02,19.02,160800,3057581.00
2022/07/06,1330,19.01,19.02,19.01,19.01,166500,3165516.00
2022/07/06,1331,19.01,19.01,19.00,19.00,185500,3525189.00
2022/07/06,1332,19.00,19.00,18.97,18.98,223000,4235133.00
2022/07/06,1333,18.97,18.97,18.89,18.89,254500,4816578.00
2022/07/06,1334,18.89,18.96,18.89,18.95,188900,3573285.00
2022/07/06,1335,18.95,18.99,18.95,18.98,55900,1060433.00
2022/07/06,1336,18.98,18.99,18.95,18.96,72100,1367039.00
2022/07/06,1337,18.95,18.95,18.92,18.92,72200,1367884.00
2022/07/06,1338,18.92,18.93,18.91,18.92,111000,2098874.00
2022/07/06,1339,18.91,18.93,18.91,18.93,77700,1471123.00
2022/07/06,1340,18.93,18.94,18.92,18.93,78500,1484529.00
2022/07/06,1341,18.93,18.94,18.93,18.94,179300,3395607.00
2022/07/06,1342,18.94,19.00,18.94,19.00,243800,4621886.00
2022/07/06,1343,19.01,19.06,19.00,19.06,89900,1711710.00
2022/07/06,1344,19.06,19.11,19.06,19.11,50100,955115.00
2022/07/06,1345,19.12,19.13,19.11,19.12,67900,1298533.00
2022/07/06,1346,19.11,19.12,19.10,19.11,52900,1010842.00
2022/07/06,1347,19.12,19.12,19.09,19.09,46800,894247.00
2022/07/06,1348,19.09,19.09,19.06,19.06,25600,488226.00
2022/07/06,1349,19.06,19.06,19.03,19.04,49300,938724.00
2022/07/06,1350,19.03,19.06,19.03,19.05,23500,448699.00
2022/07/06,1351,19.06,19.06,19.03,19.04,90500,1723424.00
2022/07/06,1352,19.04,19.05,19.04,19.04,39200,746495.00
2022/07/06,1353,19.04,19.05,19.03,19.03,36400,693040.00
2022/07/06,1354,19.03,19.04,19.02,19.02,20600,390518.00
2022/07/06,1355,19.02,19.03,19.01,19.01,40900,777761.00
2022/07/06,1356,19.00,19.01,18.97,18.97,55800,1059968.00
2022/07/06,1357,18.97,18.97,18.93,18.94,51200,970114.00
2022/07/06,1358,18.93,18.94,18.93,18.93,54000,1022999.00
2022/07/06,1359,18.94,18.95,18.93,18.95,54800,1037798.00
2022/07/06,1400,18.95,18.98,18.95,18.98,34900,662208.00
2022/07/06,1401,18.98,18.99,18.97,18.98,23700,449784.00
2022/07/06,1402,18.98,18.99,18.97,18.99,47700,903753.00
2022/07/06,1403,18.98,18.98,18.97,18.98,26100,496789.00
2022/07/06,1404,18.97,18.98,18.96,18.96,34300,650114.00
2022/07/06,1405,18.96,18.97,18.94,18.94,47200,893894.00
2022/07/06,1406,18.94,18.95,18.94,18.94,57500,1089949.00
2022/07/06,1407,18.95,18.96,18.94,18.96,52300,989900.00
2022/07/06,1408,18.96,18.97,18.96,18.96,41400,785052.00
2022/07/06,1409,18.96,18.97,18.96,18.96,29900,567026.00
2022/07/06,1410,18.97,18.98,18.96,18.97,38400,727960.00
2022/07/06,1411,18.97,18.98,18.96,18.97,19400,369501.00
2022/07/06,1412,18.96,18.98,18.96,18.97,30200,572841.00
2022/07/06,1413,18.98,18.99,18.97,18.98,33200,630151.00
2022/07/06,1414,18.98,19.00,18.98,19.00,102400,1944891.00
2022/07/06,1415,19.01,19.04,19.01,19.04,37800,718106.00
2022/07/06,1416,19.04,19.06,19.03,19.05,40600,774596.00
2022/07/06,1417,19.06,19.07,19.04,19.04,57700,1097965.00
2022/07/06,1418,19.04,19.04,18.99,19.00,57100,1086648.00
2022/07/06,1419,18.99,19.00,18.99,19.00,17700,335830.00
2022/07/06,1420,18.99,19.02,18.99,19.01,48400,919501.00
2022/07/06,1421,19.02,19.03,19.02,19.02,31600,601114.00
2022/07/06,1422,19.02,19.03,18.99,19.00,39800,756652.00
2022/07/06,1423,19.01,19.01,18.99,18.99,30000,569985.00
2022/07/06,1424,18.99,19.00,18.98,18.98,32500,616883.00
2022/07/06,1425,18.98,18.99,18.98,18.99,21300,404871.00
2022/07/06,1426,18.99,18.99,18.98,18.99,42300,803588.00
2022/07/06,1427,18.99,19.00,18.99,19.00,44500,844430.00
2022/07/06,1428,19.00,19.00,18.99,19.00,20800,396057.00
2022/07/06,1429,18.99,19.00,18.99,18.99,48800,926768.00
2022/07/06,1430,19.00,19.00,18.98,18.98,55000,1043711.00
2022/07/06,1431,18.99,18.99,18.98,18.98,61700,1171550.00
2022/07/06,1432,18.98,18.98,18.97,18.98,34700,657663.00
2022/07/06,1433,18.97,18.98,18.97,18.98,59400,1127063.00
2022/07/06,1434,18.97,18.98,18.97,18.98,33600,637478.00
2022/07/06,1435,18.97,18.99,18.97,18.98,52400,994459.00
2022/07/06,1436,18.98,18.99,18.98,18.98,20800,394568.00
2022/07/06,1437,18.99,18.99,18.98,18.99,47700,905998.00
2022/07/06,1438,18.99,19.02,18.99,19.02,93700,1780562.00
2022/07/06,1439,19.01,19.02,19.01,19.01,35400,672234.00
2022/07/06,1440,19.01,19.03,19.01,19.02,102900,1958264.00
2022/07/06,1441,19.02,19.05,19.02,19.03,39300,747875.00
2022/07/06,1442,19.05,19.08,19.04,19.08,51400,979222.00
2022/07/06,1443,19.05,19.06,19.04,19.06,38200,727088.00
2022/07/06,1444,19.06,19.06,19.05,19.05,28400,541117.00
2022/07/06,1445,19.04,19.04,19.01,19.02,60100,1144256.00
2022/07/06,1446,19.01,19.02,19.00,19.02,76500,1454216.00
2022/07/06,1447,19.03,19.03,19.02,19.02,65500,1245340.00
2022/07/06,1448,19.02,19.02,19.00,19.01,101800,1934941.00
2022/07/06,1449,19.00,19.01,18.99,18.99,87800,1668084.00
2022/07/06,1450,19.00,19.00,18.98,18.99,89000,1691662.00
2022/07/06,1451,18.99,18.99,18.93,18.93,221700,4202339.00
2022/07/06,1452,18.93,18.94,18.92,18.94,108800,2059528.00
2022/07/06,1453,18.93,18.94,18.92,18.94,131300,2485601.00
2022/07/06,1454,18.94,18.94,18.93,18.93,121700,2304535.00
2022/07/06,1455,18.93,18.94,18.90,18.90,307300,5811503.00
2022/07/06,1456,18.91,18.91,18.88,18.90,214700,4057756.00
2022/07/06,1457,18.90,18.90,18.89,18.90,272200,5143312.00
2022/07/06,1458,18.89,18.89,18.89,18.89,6100,115243.00
2022/07/06,1459,18.89,18.89,18.89,18.89,0,0.00
2022/07/06,1500,18.89,18.89,18.89,18.89,266900,5042572.00
2022/07/07,0931,18.80,18.80,18.56,18.58,374200,6996094.00
2022/07/07,0932,18.56,18.58,18.53,18.56,424800,7880351.00
2022/07/07,0933,18.60,18.73,18.58,18.72,175800,3275977.00
2022/07/07,0934,18.76,18.76,18.63,18.63,85500,1598310.00
2022/07/07,0935,18.61,18.64,18.56,18.56,160700,2989461.00
2022/07/07,0936,18.55,18.56,18.51,18.52,319700,5926071.00
2022/07/07,0937,18.52,18.54,18.52,18.52,319000,5908701.00
2022/07/07,0938,18.52,18.52,18.42,18.42,459300,8483983.00
2022/07/07,0939,18.42,18.46,18.38,18.46,424300,7811453.00
2022/07/07,0940,18.47,18.52,18.46,18.52,173200,3202313.00
2022/07/07,0941,18.52,18.53,18.48,18.48,85000,1573705.00
2022/07/07,0942,18.47,18.47,18.40,18.42,194000,3573730.00
2022/07/07,0943,18.42,18.44,18.41,18.43,184600,3400905.00
2022/07/07,0944,18.43,18.47,18.43,18.45,140600,2592593.00
2022/07/07,0945,18.45,18.48,18.45,18.47,92300,1703669.00
2022/07/07,0946,18.49,18.50,18.47,18.50,69100,1277667.00
2022/07/07,0947,18.50,18.50,18.45,18.45,109000,2013910.00
2022/07/07,0948,18.45,18.45,18.40,18.40,140000,2579495.00
2022/07/07,0949,18.41,18.41,18.37,18.37,215400,3961279.00
2022/07/07,0950,18.37,18.37,18.33,18.34,198200,3636671.00
2022/07/07,0951,18.34,18.35,18.32,18.35,211100,3870621.00
2022/07/07,0952,18.36,18.36,18.33,18.35,185400,3403475.00
2022/07/07,0953,18.35,18.35,18.33,18.34,160200,2936532.00
2022/07/07,0954,18.33,18.34,18.33,18.33,164800,3021824.00
2022/07/07,0955,18.34,18.34,18.33,18.33,135900,2491074.00
2022/07/07,0956,18.32,18.33,18.24,18.26,302600,5539264.00
2022/07/07,0957,18.25,18.25,18.13,18.14,283000,5149894.00
2022/07/07,0958,18.14,18.14,18.03,18.05,419900,7599531.00
2022/07/07,0959,18.04,18.15,18.01,18.15,425400,7681953.00
2022/07/07,1000,18.18,18.26,18.18,18.26,111500,2031699.00
2022/07/07,1001,18.25,18.25,18.15,18.16,117200,2135412.00
2022/07/07,1002,18.16,18.20,18.14,18.20,184500,3353166.00
2022/07/07,1003,18.20,18.33,18.20,18.33,145400,2654813.00
2022/07/07,1004,18.35,18.40,18.33,18.40,130100,2388842.00
2022/07/07,1005,18.40,18.41,18.36,18.36,108500,1996038.00
2022/07/07,1006,18.36,18.36,18.27,18.27,45100,825807.00
2022/07/07,1007,18.27,18.27,18.22,18.22,60400,1101927.00
2022/07/07,1008,18.23,18.30,18.22,18.30,75200,1372148.00
2022/07/07,1009,18.28,18.30,18.28,18.29,49700,908752.00
2022/07/07,1010,18.28,18.28,18.24,18.24,55000,1003785.00
2022/07/07,1011,18.23,18.24,18.23,18.24,88100,1605776.00
2022/07/07,1012,18.24,18.26,18.24,18.25,68100,1242406.00
2022/07/07,1013,18.25,18.25,18.24,18.24,57900,1057820.00
2022/07/07,1014,18.25,18.25,18.24,18.24,41600,758962.00
2022/07/07,1015,18.25,18.25,18.24,18.25,59400,1083233.00
2022/07/07,1016,18.26,18.30,18.25,18.30,81600,1491527.00
2022/07/07,1017,18.31,18.35,18.31,18.32,56000,1026694.00
2022/07/07,1018,18.35,18.35,18.32,18.32,25400,465713.00
2022/07/07,1019,18.33,18.33,18.31,18.33,47500,870117.00
2022/07/07,1020,18.33,18.33,18.32,18.33,38900,712805.00
2022/07/07,1021,18.32,18.32,18.30,18.30,81000,1483652.00
2022/07/07,1022,18.31,18.31,18.29,18.30,31100,569157.00
2022/07/07,1023,18.30,18.30,18.27,18.28,56700,1037198.00
2022/07/07,1024,18.27,18.27,18.22,18.24,103500,1888269.00
2022/07/07,1025,18.24,18.27,18.23,18.26,38400,700617.00
2022/07/07,1026,18.26,18.26,18.25,18.26,27500,502008.00
2022/07/07,1027,18.25,18.26,18.24,18.25,42500,775734.00
2022/07/07,1028,18.24,18.25,18.24,18.24,31800,579033.00
2022/07/07,1029,18.25,18.25,18.23,18.23,60400,1102940.00
2022/07/07,1030,18.23,18.28,18.23,18.27,47900,873712.00
2022/07/07,1031,18.27,18.29,18.27,18.28,24200,442370.00
2022/07/07,1032,18.28,18.30,18.28,18.30,37500,685820.00
2022/07/07,1033,18.30,18.30,18.26,18.26,45700,835181.00
2022/07/07,1034,18.26,18.28,18.24,18.25,36700,669827.00
2022/07/07,1035,18.25,18.25,18.24,18.25,42100,768342.00
2022/07/07,1036,18.26,18.26,18.25,18.25,36000,657115.00
2022/07/07,1037,18.25,18.27,18.25,18.27,33000,602480.00
2022/07/07,1038,18.27,18.28,18.26,18.28,46700,853193.00
2022/07/07,1039,18.28,18.29,18.27,18.28,43700,798550.00
2022/07/07,1040,18.28,18.28,18.26,18.26,27700,505721.00
2022/07/07,1041,18.27,18.27,18.26,18.27,51200,935195.00
2022/07/07,1042,18.26,18.27,18.26,18.27,46500,849177.00
2022/07/07,1043,18.27,18.27,18.26,18.26,49400,902302.00
2022/07/07,1044,18.27,18.28,18.26,18.28,45000,823482.00
2022/07/07,1045,18.28,18.32,18.28,18.32,93500,1709701.00
2022/07/07,1046,18.32,18.37,18.32,18.37,57500,1055971.00
2022/07/07,1047,18.36,18.37,18.35,18.35,37300,684721.00
2022/07/07,1048,18.35,18.35,18.34,18.35,25500,467913.00
2022/07/07,1049,18.35,18.36,18.35,18.35,24400,446682.00
2022/07/07,1050,18.38,18.45,18.38,18.45,112800,2075886.00
2022/07/07,1051,18.46,18.55,18.46,18.55,144100,2666004.00
2022/07/07,1052,18.55,18.58,18.50,18.50,125200,2323434.00
2022/07/07,1053,18.50,18.50,18.46,18.49,75100,1387661.00
2022/07/07,1054,18.50,18.53,18.50,18.52,57900,1072633.00
2022/07/07,1055,18.52,18.52,18.49,18.50,48300,893801.00
2022/07/07,1056,18.50,18.50,18.47,18.47,26400,487993.00
2022/07/07,1057,18.47,18.47,18.40,18.40,42200,776977.00
2022/07/07,1058,18.40,18.42,18.40,18.41,33400,614808.00
2022/07/07,1059,18.41,18.46,18.41,18.46,14900,274637.00
2022/07/07,1100,18.46,18.47,18.44,18.45,16400,302796.00
2022/07/07,1101,18.45,18.45,18.43,18.43,21100,389049.00
2022/07/07,1102,18.43,18.44,18.42,18.44,10700,197221.00
2022/07/07,1103,18.43,18.44,18.43,18.43,11000,202740.00
2022/07/07,1104,18.43,18.43,18.42,18.43,29700,547397.00
2022/07/07,1105,18.43,18.43,18.41,18.43,19100,351903.00
2022/07/07,1106,18.43,18.45,18.42,18.42,20300,374306.00
2022/07/07,1107,18.43,18.43,18.41,18.41,67800,1248848.00
2022/07/07,1108,18.41,18.41,18.38,18.38,34000,624943.00
2022/07/07,1109,18.40,18.40,18.36,18.36,24600,452055.00
2022/07/07,1110,18.38,18.38,18.36,18.37,18700,343544.00
2022/07/07,1111,18.37,18.37,18.36,18.36,25800,474596.00
2022/07/07,1112,18.36,18.37,18.36,18.37,16400,300291.00
2022/07/07,1113,18.37,18.41,18.37,18.41,8700,160025.00
2022/07/07,1114,18.40,18.41,18.40,18.40,22900,421462.00
2022/07/07,1115,18.40,18.40,18.40,18.40,15000,276617.00
2022/07/07,1116,18.39,18.40,18.38,18.39,40400,742972.00
2022/07/07,1117,18.39,18.40,18.39,18.40,7200,132431.00
2022/07/07,1118,18.39,18.40,18.39,18.39,15200,278574.00
2022/07/07,1119,18.39,18.40,18.39,18.39,13800,254157.00
2022/07/07,1120,18.39,18.39,18.38,18.39,31900,587290.00
2022/07/07,1121,18.39,18.39,18.38,18.38,20500,376090.00
2022/07/07,1122,18.38,18.38,18.37,18.37,23000,422554.00
2022/07/07,1123,18.37,18.38,18.35,18.36,44000,808531.00
2022/07/07,1124,18.36,18.36,18.34,18.35,28100,515561.00
2022/07/07,1125,18.35,18.36,18.34,18.34,25900,475155.00
2022/07/07,1126,18.35,18.36,18.34,18.35,20100,368717.00
2022/07/07,1127,18.35,18.37,18.35,18.37,26900,493777.00
2022/07/07,1128,18.37,18.38,18.37,18.38,19400,356533.00
2022/07/07,1129,18.38,18.40,18.38,18.40,32800,602495.00
2022/07/07,1130,18.40,18.44,18.40,18.42,23300,430011.00
2022/07/07,1301,18.47,18.48,18.43,18.45,62400,1149719.00
2022/07/07,1302,18.48,18.49,18.46,18.46,35000,646748.00
2022/07/07,1303,18.48,18.48,18.45,18.45,18300,337745.00
2022/07/07,1304,18.45,18.45,18.43,18.43,18500,341344.00
2022/07/07,1305,18.44,18.44,18.43,18.44,16300,302061.00
2022/07/07,1306,18.43,18.43,18.43,18.43,10700,197203.00
2022/07/07,1307,18.43,18.44,18.41,18.41,24500,450251.00
2022/07/07,1308,18.41,18.41,18.39,18.40,30800,566713.00
2022/07/07,1309,18.39,18.39,18.38,18.38,36500,670667.00
2022/07/07,1310,18.38,18.39,18.37,18.38,41400,760933.00
2022/07/07,1311,18.37,18.38,18.37,18.37,11200,206711.00
2022/07/07,1312,18.37,18.38,18.35,18.35,25700,472230.00
2022/07/07,1313,18.36,18.36,18.34,18.35,26300,482636.00
2022/07/07,1314,18.34,18.35,18.34,18.34,48000,880504.00
2022/07/07,1315,18.35,18.35,18.34,18.35,18800,343885.00
2022/07/07,1316,18.35,18.35,18.34,18.35,27700,508228.00
2022/07/07,1317,18.34,18.35,18.34,18.35,51700,948503.00
2022/07/07,1318,18.36,18.36,18.35,18.36,27300,501142.00
2022/07/07,1319,18.36,18.37,18.36,18.36,28400,521431.00
2022/07/07,1320,18.36,18.37,18.35,18.36,25400,466323.00
2022/07/07,1321,18.36,18.38,18.35,18.37,40800,749158.00
2022/07/07,1322,18.36,18.39,18.35,18.38,22200,407676.00
2022/07/07,1323,18.38,18.39,18.38,18.39,14600,268580.00
2022/07/07,1324,18.39,18.39,18.37,18.38,22000,404185.00
2022/07/07,1325,18.37,18.38,18.36,18.38,25700,472305.00
2022/07/07,1326,18.37,18.37,18.36,18.36,24700,453269.00
2022/07/07,1327,18.36,18.36,18.35,18.35,29500,541466.00
2022/07/07,1328,18.35,18.36,18.35,18.35,29100,534093.00
2022/07/07,1329,18.36,18.37,18.35,18.36,15900,291939.00
2022/07/07,1330,18.36,18.38,18.36,18.37,30700,564960.00
2022/07/07,1331,18.38,18.41,18.38,18.40,37500,689685.00
2022/07/07,1332,18.41,18.44,18.41,18.44,20200,372205.00
2022/07/07,1333,18.43,18.48,18.43,18.48,35700,657804.00
2022/07/07,1334,18.48,18.55,18.48,18.54,112700,2087141.00
2022/07/07,1335,18.55,18.55,18.52,18.52,83200,1542623.00
2022/07/07,1336,18.52,18.52,18.48,18.48,44000,814384.00
2022/07/07,1337,18.48,18.50,18.48,18.50,27200,503085.00
2022/07/07,1338,18.50,18.50,18.49,18.50,15900,294104.00
2022/07/07,1339,18.50,18.51,18.49,18.50,39300,727165.00
2022/07/07,1340,18.51,18.53,18.51,18.53,42400,785007.00
2022/07/07,1341,18.53,18.53,18.50,18.51,31100,576316.00
2022/07/07,1342,18.50,18.50,18.45,18.45,93500,1728871.00
2022/07/07,1343,18.45,18.45,18.40,18.40,32000,589419.00
2022/07/07,1344,18.41,18.46,18.41,18.46,17300,318044.00
2022/07/07,1345,18.47,18.48,18.47,18.47,20700,382451.00
2022/07/07,1346,18.47,18.47,18.47,18.47,13200,243803.00
2022/07/07,1347,18.46,18.47,18.46,18.46,15100,278811.00
2022/07/07,1348,18.46,18.48,18.46,18.47,19100,352796.00
2022/07/07,1349,18.48,18.49,18.47,18.49,13400,247617.00
2022/07/07,1350,18.49,18.49,18.48,18.49,17200,317991.00
2022/07/07,1351,18.49,18.50,18.48,18.50,29900,553983.00
2022/07/07,1352,18.51,18.51,18.50,18.51,14200,262814.00
2022/07/07,1353,18.51,18.51,18.50,18.50,22800,421998.00
2022/07/07,1354,18.50,18.50,18.47,18.48,43600,805480.00
2022/07/07,1355,18.48,18.48,18.46,18.46,14000,258657.00
2022/07/07,1356,18.46,18.48,18.45,18.47,25000,461532.00
2022/07/07,1357,18.48,18.49,18.47,18.47,10500,195232.00
2022/07/07,1358,18.48,18.49,18.48,18.49,17800,328961.00
2022/07/07,1359,18.49,18.49,18.47,18.47,15300,282724.00
2022/07/07,1400,18.47,18.48,18.45,18.47,23000,424510.00
2022/07/07,1401,18.47,18.47,18.44,18.46,7500,138431.00
2022/07/07,1402,18.46,18.46,18.43,18.44,18500,341413.00
2022/07/07,1403,18.44,18.45,18.44,18.45,17100,315286.00
2022/07/07,1404,18.45,18.46,18.44,18.44,16700,308032.00
2022/07/07,1405,18.44,18.45,18.44,18.45,16200,298797.00
2022/07/07,1406,18.45,18.45,18.43,18.43,50900,938156.00
2022/07/07,1407,18.43,18.44,18.40,18.40,38400,707380.00
2022/07/07,1408,18.40,18.40,18.38,18.39,37500,689881.00
2022/07/07,1409,18.38,18.39,18.38,18.38,28300,519911.00
2022/07/07,1410,18.38,18.39,18.37,18.39,41900,769565.00
2022/07/07,1411,18.39,18.40,18.39,18.39,25200,464448.00
2022/07/07,1412,18.39,18.40,18.39,18.40,17300,318216.00
2022/07/07,1413,18.39,18.39,18.38,18.39,18700,343855.00
2022/07/07,1414,18.39,18.40,18.38,18.40,27800,511175.00
2022/07/07,1415,18.40,18.40,18.39,18.39,7900,145318.00
2022/07/07,1416,18.39,18.40,18.38,18.38,14900,273978.00
2022/07/07,1417,18.38,18.39,18.38,18.39,52000,955921.00
2022/07/07,1418,18.39,18.39,18.37,18.38,35600,653792.00
2022/07/07,1419,18.38,18.38,18.37,18.37,48000,881257.00
2022/07/07,1420,18.36,18.37,18.36,18.36,66800,1226743.00
2022/07/07,1421,18.36,18.37,18.36,18.36,22100,405787.00
2022/07/07,1422,18.37,18.37,18.36,18.36,17300,317694.00
2022/07/07,1423,18.36,18.38,18.36,18.38,44700,821643.00
2022/07/07,1424,18.37,18.38,18.37,18.38,16300,299542.00
2022/07/07,1425,18.37,18.39,18.37,18.39,16700,307545.00
2022/07/07,1426,18.38,18.39,18.38,18.39,25200,462335.00
2022/07/07,1427,18.39,18.39,18.38,18.39,21000,386152.00
2022/07/07,1428,18.40,18.41,18.39,18.41,57400,1057017.00
2022/07/07,1429,18.40,18.41,18.40,18.40,29800,548328.00
2022/07/07,1430,18.41,18.41,18.39,18.40,117300,2157606.00
2022/07/07,1431,18.40,18.40,18.38,18.38,19400,356710.00
2022/07/07,1432,18.38,18.39,18.37,18.38,29200,536413.00
2022/07/07,1433,18.38,18.39,18.38,18.38,35100,645236.00
2022/07/07,1434,18.38,18.39,18.38,18.39,14500,266615.00
2022/07/07,1435,18.39,18.39,18.38,18.38,16700,307101.00
2022/07/07,1436,18.38,18.39,18.38,18.38,21300,391561.00
2022/07/07,1437,18.38,18.39,18.38,18.38,45400,834674.00
2022/07/07,1438,18.38,18.38,18.37,18.38,50600,929378.00
2022/07/07,1439,18.37,18.37,18.37,18.37,19600,360050.00
2022/07/07,1440,18.36,18.37,18.35,18.36,57100,1048295.00
2022/07/07,1441,18.36,18.36,18.33,18.34,76800,1409814.00
2022/07/07,1442,18.33,18.33,18.30,18.31,106500,1950664.00
2022/07/07,1443,18.31,18.31,18.29,18.29,131600,2408257.00
2022/07/07,1444,18.29,18.29,18.27,18.27,106500,1945053.00
2022/07/07,1445,18.28,18.30,18.27,18.30,90800,1661968.00
2022/07/07,1446,18.31,18.32,18.31,18.31,52700,964271.00
2022/07/07,1447,18.31,18.32,18.30,18.32,42000,769084.00
2022/07/07,1448,18.32,18.33,18.31,18.32,37300,683378.00
2022/07/07,1449,18.32,18.33,18.32,18.33,62800,1150827.00
2022/07/07,1450,18.33,18.35,18.33,18.35,72600,1331263.00
2022/07/07,1451,18.36,18.37,18.35,18.36,66900,1228360.00
2022/07/07,1452,18.36,18.36,18.35,18.36,82600,1517175.00
2022/07/07,1453,18.34,18.36,18.33,18.33,74000,1356408.00
2022/07/07,1454,18.33,18.35,18.31,18.33,140500,2574339.00
2022/07/07,1455,18.33,18.34,18.32,18.33,129300,2370212.00
2022/07/07,1456,18.33,18.33,18.32,18.32,170600,3125955.00
2022/07/07,1457,18.32,18.32,18.31,18.31,195300,3577499.00
2022/07/07,1458,18.31,18.31,18.31,18.31,1800,32958.00
2022/07/07,1459,18.31,18.31,18.31,18.31,0,0.00
2022/07/07,1500,18.31,18.31,18.31,18.31,202900,3715337.00
2022/07/08,0931,18.20,18.40,18.18,18.37,302500,5518021.00
2022/07/08,0932,18.38,18.48,18.38,18.40,289600,5338995.00
2022/07/08,0933,18.42,18.42,18.39,18.41,183100,3367866.00
2022/07/08,0934,18.41,18.42,18.38,18.38,161500,2973227.00
2022/07/08,0935,18.37,18.38,18.30,18.30,126900,2328223.00
2022/07/08,0936,18.31,18.34,18.28,18.34,110200,2019479.00
2022/07/08,0937,18.34,18.40,18.34,18.38,87400,1606408.00
2022/07/08,0938,18.40,18.43,18.40,18.42,135000,2486902.00
2022/07/08,0939,18.43,18.43,18.37,18.37,102000,1876202.00
2022/07/08,0940,18.37,18.37,18.35,18.36,85600,1572593.00
2022/07/08,0941,18.35,18.41,18.35,18.41,96300,1769005.00
2022/07/08,0942,18.40,18.41,18.39,18.41,94900,1744888.00
2022/07/08,0943,18.41,18.45,18.41,18.45,94500,1742993.00
2022/07/08,0944,18.44,18.44,18.40,18.41,82800,1524644.00
2022/07/08,0945,18.40,18.40,18.38,18.39,75600,1391607.00
2022/07/08,0946,18.39,18.39,18.36,18.36,52700,968548.00
2022/07/08,0947,18.36,18.37,18.35,18.36,72800,1337032.00
2022/07/08,0948,18.37,18.39,18.35,18.39,37900,696288.00
2022/07/08,0949,18.39,18.39,18.38,18.38,44300,814356.00
2022/07/08,0950,18.38,18.39,18.38,18.39,46400,851276.00
2022/07/08,0951,18.39,18.40,18.39,18.40,39500,728247.00
2022/07/08,0952,18.39,18.40,18.38,18.40,61600,1132942.00
2022/07/08,0953,18.40,18.40,18.36,18.36,68200,1252809.00
2022/07/08,0954,18.35,18.35,18.34,18.34,70700,1295745.00
2022/07/08,0955,18.34,18.34,18.33,18.34,49300,903865.00
2022/07/08,0956,18.34,18.35,18.33,18.34,45600,837461.00
2022/07/08,0957,18.35,18.35,18.34,18.34,31500,577802.00
2022/07/08,0958,18.35,18.35,18.32,18.32,89900,1646718.00
2022/07/08,0959,18.32,18.32,18.25,18.25,100600,1839605.00
2022/07/08,1000,18.24,18.24,18.20,18.23,205400,3741140.00
2022/07/08,1001,18.22,18.30,18.22,18.28,79400,1450844.00
2022/07/08,1002,18.29,18.29,18.24,18.25,94600,1727432.00
2022/07/08,1003,18.27,18.28,18.26,18.28,40900,746519.00
2022/07/08,1004,18.28,18.32,18.28,18.31,30700,560779.00
2022/07/08,1005,18.32,18.32,18.30,18.32,42000,769822.00
2022/07/08,1006,18.32,18.33,18.31,18.32,65400,1198080.00
2022/07/08,1007,18.32,18.33,18.30,18.32,42400,776537.00
2022/07/08,1008,18.33,18.33,18.32,18.32,27400,502036.00
2022/07/08,1009,18.32,18.33,18.31,18.31,25700,471618.00
2022/07/08,1010,18.31,18.31,18.25,18.25,105900,1937558.00
2022/07/08,1011,18.24,18.24,18.22,18.24,56100,1022757.00
2022/07/08,1012,18.24,18.29,18.23,18.28,48000,874756.00
2022/07/08,1013,18.29,18.29,18.27,18.28,24800,453331.00
2022/07/08,1014,18.27,18.29,18.27,18.28,41900,765801.00
2022/07/08,1015,18.28,18.28,18.27,18.28,39900,730092.00
2022/07/08,1016,18.28,18.28,18.27,18.27,42000,767934.00
2022/07/08,1017,18.27,18.28,18.27,18.28,23500,428580.00
2022/07/08,1018,18.27,18.30,18.27,18.30,41500,758692.00
2022/07/08,1019,18.30,18.31,18.30,18.31,18800,343761.00
2022/07/08,1020,18.31,18.31,18.30,18.30,23600,432050.00
2022/07/08,1021,18.30,18.30,18.28,18.30,17400,318606.00
2022/07/08,1022,18.29,18.30,18.29,18.29,37800,691551.00
2022/07/08,1023,18.29,18.30,18.29,18.29,42900,784723.00
2022/07/08,1024,18.30,18.31,18.30,18.31,39900,730342.00
2022/07/08,1025,18.31,18.32,18.31,18.32,22700,415499.00
2022/07/08,1026,18.32,18.35,18.32,18.35,86800,1590959.00
2022/07/08,1027,18.35,18.38,18.35,18.38,53400,982106.00
2022/07/08,1028,18.38,18.40,18.38,18.39,72100,1325737.00
2022/07/08,1029,18.39,18.39,18.34,18.35,34400,630633.00
2022/07/08,1030,18.35,18.35,18.34,18.34,44200,811013.00
2022/07/08,1031,18.34,18.35,18.32,18.33,41700,764361.00
2022/07/08,1032,18.34,18.35,18.31,18.31,40800,747833.00
2022/07/08,1033,18.32,18.32,18.31,18.32,42700,782172.00
2022/07/08,1034,18.32,18.32,18.29,18.31,99400,1819974.00
2022/07/08,1035,18.30,18.31,18.30,18.31,53900,987461.00
2022/07/08,1036,18.30,18.31,18.30,18.30,90000,1646021.00
2022/07/08,1037,18.30,18.31,18.30,18.30,61000,1116376.00
2022/07/08,1038,18.30,18.31,18.30,18.31,31100,569777.00
2022/07/08,1039,18.31,18.31,18.30,18.30,43000,787223.00
2022/07/08,1040,18.31,18.32,18.31,18.32,13600,248734.00
2022/07/08,1041,18.31,18.32,18.31,18.31,20600,377236.00
2022/07/08,1042,18.31,18.32,18.30,18.30,59200,1084307.00
2022/07/08,1043,18.30,18.31,18.30,18.30,31200,570466.00
2022/07/08,1044,18.30,18.30,18.28,18.28,54000,987732.00
2022/07/08,1045,18.28,18.28,18.27,18.27,26900,491513.00
2022/07/08,1046,18.28,18.28,18.26,18.27,72000,1315396.00
2022/07/08,1047,18.27,18.27,18.26,18.27,39900,728667.00
2022/07/08,1048,18.27,18.28,18.25,18.26,64000,1168765.00
2022/07/08,1049,18.25,18.26,18.25,18.26,108700,1984872.00
2022/07/08,1050,18.26,18.28,18.26,18.28,14600,266709.00
2022/07/08,1051,18.28,18.28,18.27,18.28,13400,244831.00
2022/07/08,1052,18.27,18.28,18.27,18.27,32300,590127.00
2022/07/08,1053,18.26,18.27,18.26,18.27,15500,283092.00
2022/07/08,1054,18.28,18.28,18.27,18.28,20200,369073.00
2022/07/08,1055,18.28,18.30,18.28,18.30,22800,417912.00
2022/07/08,1056,18.31,18.31,18.30,18.30,14000,256225.00
2022/07/08,1057,18.29,18.31,18.29,18.30,38400,701582.00
2022/07/08,1058,18.30,18.32,18.30,18.32,28600,523833.00
2022/07/08,1059,18.32,18.33,18.32,18.33,14700,269416.00
2022/07/08,1100,18.33,18.33,18.30,18.31,21400,391934.00
2022/07/08,1101,18.31,18.31,18.28,18.29,28900,528741.00
2022/07/08,1102,18.30,18.30,18.29,18.29,10600,193943.00
2022/07/08,1103,18.29,18.30,18.29,18.29,18400,336562.00
2022/07/08,1104,18.30,18.30,18.28,18.28,28600,523093.00
2022/07/08,1105,18.29,18.30,18.28,18.28,16800,307298.00
2022/07/08,1106,18.29,18.29,18.27,18.28,27700,506909.00
2022/07/08,1107,18.28,18.29,18.27,18.27,23900,436933.00
2022/07/08,1108,18.28,18.28,18.26,18.27,40300,736388.00
2022/07/08,1109,18.26,18.30,18.26,18.30,25200,460815.00
2022/07/08,1110,18.30,18.33,18.30,18.33,45100,825355.00
2022/07/08,1111,18.33,18.33,18.31,18.31,15700,287570.00
2022/07/08,1112,18.31,18.33,18.31,18.33,45000,824519.00
2022/07/08,1113,18.33,18.35,18.33,18.35,18200,334652.00
2022/07/08,1114,18.35,18.35,18.32,18.33,25600,469314.00
2022/07/08,1115,18.33,18.35,18.33,18.35,24600,451075.00
2022/07/08,1116,18.34,18.35,18.34,18.35,16100,295335.00
2022/07/08,1117,18.34,18.35,18.33,18.33,15900,291611.00
2022/07/08,1118,18.33,18.35,18.33,18.35,52900,969762.00
2022/07/08,1119,18.34,18.37,18.34,18.35,23400,429492.00
2022/07/08,1120,18.36,18.39,18.36,18.39,43400,796373.00
2022/07/08,1121,18.39,18.39,18.37,18.38,51500,947096.00
2022/07/08,1122,18.36,18.37,18.36,18.37,27200,499598.00
2022/07/08,1123,18.37,18.37,18.36,18.36,21200,389278.00
2022/07/08,1124,18.37,18.37,18.36,18.36,19700,361738.00
2022/07/08,1125,18.36,18.36,18.34,18.34,28400,521129.00
2022/07/08,1126,18.34,18.34,18.32,18.32,27300,500276.00
2022/07/08,1127,18.32,18.34,18.32,18.33,11400,208678.00
2022/07/08,1128,18.33,18.34,18.33,18.33,20300,372210.00
2022/07/08,1129,18.34,18.34,18.33,18.33,25700,471187.00
2022/07/08,1130,18.33,18.34,18.33,18.34,32800,601902.00
2022/07/08,1301,18.34,18.35,18.33,18.35,35900,657655.00
2022/07/08,1302,18.35,18.35,18.34,18.35,6300,115598.00
2022/07/08,1303,18.35,18.36,18.34,18.36,25800,474435.00
2022/07/08,1304,18.35,18.35,18.34,18.34,26000,476782.00
2022/07/08,1305,18.34,18.36,18.34,18.34,21400,392700.00
2022/07/08,1306,18.35,18.35,18.34,18.35,16900,310098.00
2022/07/08,1307,18.35,18.36,18.34,18.34,10000,183502.00
2022/07/08,1308,18.35,18.36,18.35,18.36,11400,209200.00
2022/07/08,1309,18.35,18.36,18.35,18.36,15300,280864.00
2022/07/08,1310,18.36,18.36,18.34,18.34,6000,109755.00
2022/07/08,1311,18.35,18.35,18.34,18.34,10800,198151.00
2022/07/08,1312,18.34,18.35,18.34,18.35,16200,298030.00
2022/07/08,1313,18.34,18.34,18.34,18.34,7300,133038.00
2022/07/08,1314,18.33,18.34,18.33,18.33,2400,43995.00
2022/07/08,1315,18.33,18.34,18.33,18.34,15700,287840.00
2022/07/08,1316,18.33,18.34,18.33,18.33,12000,219969.00
2022/07/08,1317,18.32,18.33,18.32,18.32,26800,490963.00
2022/07/08,1318,18.31,18.31,18.31,18.31,19200,352644.00
2022/07/08,1319,18.32,18.32,18.31,18.31,6500,119033.00
2022/07/08,1320,18.31,18.31,18.30,18.30,12600,229533.00
2022/07/08,1321,18.31,18.31,18.30,18.30,24400,446544.00
2022/07/08,1322,18.30,18.31,18.30,18.30,7600,139843.00
2022/07/08,1323,18.30,18.31,18.28,18.28,24200,441923.00
2022/07/08,1324,18.29,18.29,18.28,18.28,33700,616066.00
2022/07/08,1325,18.27,18.28,18.25,18.25,72600,1325794.00
2022/07/08,1326,18.25,18.27,18.25,18.26,54200,989574.00
2022/07/08,1327,18.27,18.27,18.25,18.25,64700,1180904.00
2022/07/08,1328,18.25,18.25,18.24,18.24,34300,626800.00
2022/07/08,1329,18.25,18.26,18.25,18.25,45100,822757.00
2022/07/08,1330,18.25,18.27,18.25,18.26,18400,335978.00
2022/07/08,1331,18.27,18.27,18.26,18.27,21500,392741.00
2022/07/08,1332,18.27,18.29,18.27,18.29,23400,427244.00
2022/07/08,1333,18.29,18.30,18.29,18.30,30200,552542.00
2022/07/08,1334,18.30,18.30,18.27,18.28,27000,494252.00
2022/07/08,1335,18.27,18.28,18.27,18.27,16700,305144.00
2022/07/08,1336,18.28,18.28,18.27,18.27,19000,347221.00
2022/07/08,1337,18.28,18.28,18.27,18.27,15000,274133.00
2022/07/08,1338,18.29,18.29,18.28,18.28,9900,181016.00
2022/07/08,1339,18.28,18.29,18.28,18.28,7500,136172.00
2022/07/08,1340,18.29,18.29,18.28,18.29,29600,541074.00
2022/07/08,1341,18.29,18.29,18.27,18.28,58900,1077739.00
2022/07/08,1342,18.28,18.28,18.27,18.27,39100,714431.00
2022/07/08,1343,18.26,18.26,18.25,18.25,39900,728341.00
2022/07/08,1344,18.25,18.25,18.24,18.24,23800,434509.00
2022/07/08,1345,18.24,18.24,18.23,18.23,39300,716579.00
2022/07/08,1346,18.23,18.23,18.22,18.23,33500,610100.00
2022/07/08,1347,18.24,18.26,18.24,18.25,18800,342733.00
2022/07/08,1348,18.25,18.27,18.25,18.26,20100,367927.00
2022/07/08,1349,18.26,18.27,18.26,18.27,18000,328780.00
2022/07/08,1350,18.26,18.27,18.26,18.27,14700,268491.00
2022/07/08,1351,18.27,18.27,18.27,18.27,8100,147987.00
2022/07/08,1352,18.27,18.27,18.25,18.27,44000,803095.00
2022/07/08,1353,18.25,18.27,18.25,18.26,12700,231852.00
2022/07/08,1354,18.26,18.26,18.25,18.26,16200,295668.00
2022/07/08,1355,18.25,18.26,18.25,18.26,13500,245212.00
2022/07/08,1356,18.25,18.26,18.25,18.26,55100,1005663.00
2022/07/08,1357,18.25,18.26,18.25,18.26,14100,257438.00
2022/07/08,1358,18.26,18.26,18.26,18.26,23900,436347.00
2022/07/08,1359,18.26,18.27,18.25,18.27,14900,272029.00
2022/07/08,1400,18.26,18.26,18.25,18.26,14900,272054.00
2022/07/08,1401,18.26,18.27,18.26,18.27,11000,202416.00
2022/07/08,1402,18.28,18.28,18.26,18.28,13200,240113.00
2022/07/08,1403,18.27,18.29,18.27,18.29,16300,297448.00
2022/07/08,1404,18.29,18.31,18.29,18.31,32200,589229.00
2022/07/08,1405,18.31,18.32,18.31,18.32,32200,589786.00
2022/07/08,1406,18.31,18.31,18.30,18.30,11000,201341.00
2022/07/08,1407,18.31,18.31,18.30,18.30,15000,274532.00
2022/07/08,1408,18.30,18.31,18.29,18.30,20700,378890.00
2022/07/08,1409,18.30,18.30,18.30,18.30,3200,58560.00
2022/07/08,1410,18.30,18.30,18.29,18.29,21700,397026.00
2022/07/08,1411,18.29,18.29,18.27,18.27,12200,223594.00
2022/07/08,1412,18.28,18.28,18.27,18.28,12600,230301.00
2022/07/08,1413,18.28,18.29,18.28,18.29,8800,160292.00
2022/07/08,1414,18.29,18.29,18.27,18.28,17500,319841.00
2022/07/08,1415,18.29,18.29,18.27,18.27,35200,643935.00
2022/07/08,1416,18.26,18.28,18.26,18.28,17300,315367.00
2022/07/08,1417,18.28,18.28,18.28,18.28,7300,133447.00
2022/07/08,1418,18.28,18.28,18.27,18.27,8700,159669.00
2022/07/08,1419,18.27,18.28,18.27,18.28,14000,255870.00
2022/07/08,1420,18.27,18.29,18.27,18.28,7300,132805.00
2022/07/08,1421,18.28,18.29,18.28,18.29,6900,126179.00
2022/07/08,1422,18.28,18.28,18.27,18.27,45600,833242.00
2022/07/08,1423,18.26,18.27,18.26,18.26,20400,372552.00
2022/07/08,1424,18.27,18.27,18.26,18.26,13000,237433.00
2022/07/08,1425,18.26,18.27,18.26,18.27,18600,339949.00
2022/07/08,1426,18.27,18.28,18.27,18.27,14400,263112.00
2022/07/08,1427,18.27,18.28,18.27,18.28,32900,601272.00
2022/07/08,1428,18.28,18.28,18.28,18.28,17800,325383.00
2022/07/08,1429,18.27,18.29,18.27,18.28,15700,287005.00
2022/07/08,1430,18.28,18.29,18.28,18.29,44500,814904.00
2022/07/08,1431,18.30,18.30,18.29,18.29,21800,398736.00
2022/07/08,1432,18.29,18.29,18.28,18.28,16700,305365.00
2022/07/08,1433,18.28,18.29,18.27,18.28,34400,627640.00
2022/07/08,1434,18.28,18.28,18.28,18.28,21800,399704.00
2022/07/08,1435,18.28,18.29,18.28,18.28,17000,310739.00
2022/07/08,1436,18.29,18.29,18.27,18.28,24000,437551.00
2022/07/08,1437,18.27,18.28,18.27,18.28,42300,774045.00
2022/07/08,1438,18.27,18.28,18.26,18.27,35000,639618.00
2022/07/08,1439,18.27,18.27,18.25,18.25,46200,843633.00
2022/07/08,1440,18.25,18.26,18.25,18.25,28300,516511.00
2022/07/08,1441,18.26,18.26,18.24,18.25,47400,865102.00
2022/07/08,1442,18.25,18.25,18.24,18.24,29300,534554.00
2022/07/08,1443,18.24,18.25,18.24,18.25,30600,558270.00
2022/07/08,1444,18.24,18.25,18.24,18.24,29700,541869.00
2022/07/08,1445,18.24,18.25,18.24,18.25,35800,653166.00
2022/07/08,1446,18.25,18.26,18.25,18.25,81800,1492768.00
2022/07/08,1447,18.25,18.26,18.25,18.25,67400,1229954.00
2022/07/08,1448,18.26,18.26,18.25,18.26,38000,693400.00
2022/07/08,1449,18.26,18.26,18.25,18.25,32800,598745.00
2022/07/08,1450,18.25,18.26,18.25,18.25,65600,1197375.00
2022/07/08,1451,18.25,18.25,18.24,18.25,67700,1235228.00
2022/07/08,1452,18.24,18.24,18.21,18.22,142000,2588798.00
2022/07/08,1453,18.22,18.22,18.21,18.22,79100,1440304.00
2022/07/08,1454,18.21,18.22,18.20,18.21,122200,2224727.00
2022/07/08,1455,18.20,18.21,18.19,18.20,187900,3419831.00
2022/07/08,1456,18.20,18.20,18.19,18.20,170000,3093780.00
2022/07/08,1457,18.20,18.22,18.20,18.21,160900,2928531.00
2022/07/08,1458,18.21,18.21,18.21,18.21,600,10926.00
2022/07/08,1459,18.21,18.21,18.21,18.21,0,0.00
2022/07/08,1500,18.22,18.22,18.22,18.22,187900,3423265.00
:
