2022/07/07,0931,45.00,47.25,45.00,45.28,2323800,105702096.00
2022/07/07,0932,45.22,45.22,43.33,43.71,702900,31073552.00
2022/07/07,0933,44.10,47.88,44.10,47.68,523400,23896838.00
2022/07/07,0934,47.71,48.90,46.00,46.21,294400,14079552.00
2022/07/07,0935,45.80,46.40,45.80,46.02,367500,16938024.00
2022/07/07,0936,46.00,46.50,45.98,46.50,273900,12648379.00
2022/07/07,0937,46.70,48.11,46.70,48.00,320300,15187080.00
2022/07/07,0938,47.99,47.99,46.22,46.22,192800,9050162.00
2022/07/07,0939,46.30,46.50,46.05,46.27,333900,15432702.00
2022/07/07,0940,46.26,46.26,45.60,45.60,169700,7790020.00
2022/07/07,0941,45.57,45.57,45.31,45.57,189600,8620819.00
2022/07/07,0942,45.70,46.26,45.70,45.80,155100,7142799.00
2022/07/07,0943,45.72,45.98,45.55,45.55,164300,7510169.00
2022/07/07,0944,45.52,45.56,45.39,45.51,155200,7052997.00
2022/07/07,0945,45.30,45.30,44.80,45.03,217000,9794210.00
2022/07/07,0946,44.89,45.00,44.70,44.70,208600,9361406.00
2022/07/07,0947,44.68,44.73,44.52,44.53,123900,5528806.00
2022/07/07,0948,44.44,44.50,44.00,44.00,155400,6867481.00
2022/07/07,0949,44.00,44.44,43.99,44.30,288000,12698799.00
2022/07/07,0950,44.20,44.31,44.10,44.10,129800,5735378.00
2022/07/07,0951,44.10,44.10,43.99,44.00,135300,5957308.00
2022/07/07,0952,44.02,44.08,43.95,44.08,108800,4787219.00
2022/07/07,0953,44.13,44.90,44.11,44.58,192900,8580713.00
2022/07/07,0954,44.58,44.90,44.28,44.28,128200,5696939.00
2022/07/07,0955,44.29,44.51,44.29,44.47,113400,5033610.00
2022/07/07,0956,44.44,44.46,44.13,44.13,169100,7494564.00
2022/07/07,0957,44.18,44.18,44.13,44.15,79200,3498718.00
2022/07/07,0958,44.15,44.16,44.00,44.04,114800,5063023.00
2022/07/07,0959,44.10,44.25,44.04,44.20,87600,3863785.00
2022/07/07,1000,44.10,44.10,43.99,43.99,187500,8256913.00
2022/07/07,1001,43.96,44.00,43.96,44.00,73900,3248877.00
2022/07/07,1002,44.00,44.35,44.00,44.35,54600,2411912.00
2022/07/07,1003,44.36,44.44,44.20,44.26,98000,4349461.00
2022/07/07,1004,44.20,44.42,44.20,44.33,87300,3873168.00
2022/07/07,1005,44.20,44.33,44.20,44.20,62400,2762170.00
2022/07/07,1006,44.16,44.16,44.00,44.00,61000,2686493.00
2022/07/07,1007,44.00,44.01,43.97,44.00,56600,2490498.00
2022/07/07,1008,43.99,44.01,43.97,43.97,75700,3328449.00
2022/07/07,1009,43.95,43.95,43.71,43.73,102200,4479067.00
2022/07/07,1010,43.73,43.76,43.57,43.57,128100,5592873.00
2022/07/07,1011,43.56,43.56,43.33,43.37,137000,5946949.00
2022/07/07,1012,43.38,43.55,43.37,43.55,119400,5186101.00
2022/07/07,1013,43.50,43.55,43.43,43.48,84400,3670810.00
2022/07/07,1014,43.44,43.45,43.37,43.38,84800,3680073.00
2022/07/07,1015,43.36,43.36,43.19,43.20,106900,4630344.00
2022/07/07,1016,43.29,43.34,43.20,43.32,104100,4512359.00
2022/07/07,1017,43.32,43.38,43.30,43.32,81400,3523810.00
2022/07/07,1018,43.31,43.31,42.88,42.98,153300,6607548.00
2022/07/07,1019,42.88,42.88,42.50,42.50,106300,4540841.00
2022/07/07,1020,42.52,42.80,42.52,42.80,140100,5974439.00
2022/07/07,1021,42.80,42.88,42.80,42.83,54600,2342254.00
2022/07/07,1022,42.80,42.87,42.74,42.76,63300,2710112.00
2022/07/07,1023,42.76,42.77,42.72,42.72,79900,3414589.00
2022/07/07,1024,42.72,42.75,42.65,42.73,93000,3971722.00
2022/07/07,1025,42.74,42.76,42.69,42.70,49600,2118599.00
2022/07/07,1026,42.71,42.71,42.59,42.60,33700,1437535.00
2022/07/07,1027,42.58,42.58,42.33,42.34,79000,3356358.00
2022/07/07,1028,42.33,42.34,42.22,42.25,103100,4366161.00
2022/07/07,1029,42.22,42.25,41.98,41.98,104300,4384124.00
2022/07/07,1030,41.95,41.95,41.56,41.86,116800,4876307.00
2022/07/07,1031,41.81,42.30,41.78,42.30,197500,8274426.00
2022/07/07,1032,42.28,42.40,42.28,42.39,70600,2991431.00
2022/07/07,1033,42.39,42.44,42.17,42.17,56000,2369200.00
2022/07/07,1034,42.02,42.16,42.02,42.06,51400,2162669.00
2022/07/07,1035,42.09,42.67,42.09,42.59,73000,3091952.00
2022/07/07,1036,42.61,43.18,42.61,43.18,64800,2776045.00
2022/07/07,1037,43.22,43.98,43.22,43.86,65500,2866835.00
2022/07/07,1038,43.86,43.86,43.20,43.20,83700,3634984.00
2022/07/07,1039,43.06,43.20,42.74,43.00,88300,3798234.00
2022/07/07,1040,43.10,43.15,42.50,42.93,41100,1754940.00
2022/07/07,1041,42.66,42.88,42.50,42.68,55300,2356480.00
2022/07/07,1042,42.68,42.90,42.50,42.90,63800,2720714.00
2022/07/07,1043,42.95,43.00,42.45,42.45,46000,1973993.00
2022/07/07,1044,42.44,42.65,42.44,42.52,56000,2381624.00
2022/07/07,1045,42.52,42.69,42.40,42.50,60300,2559768.00
2022/07/07,1046,42.52,42.52,42.43,42.45,13600,579622.00
2022/07/07,1047,42.49,42.51,42.31,42.31,32500,1379385.00
2022/07/07,1048,42.31,42.70,42.31,42.70,35900,1527986.00
2022/07/07,1049,42.61,42.76,42.61,42.61,17000,724584.00
2022/07/07,1050,42.70,42.78,42.70,42.77,13600,580990.00
2022/07/07,1051,42.77,42.99,42.70,42.99,34600,1481908.00
2022/07/07,1052,42.95,43.00,42.70,43.00,66600,2856023.00
2022/07/07,1053,42.64,42.97,42.64,42.70,11900,510243.00
2022/07/07,1054,42.83,42.83,42.50,42.50,28600,1220232.00
2022/07/07,1055,42.45,42.45,42.30,42.40,32300,1366391.00
2022/07/07,1056,42.41,42.49,42.35,42.40,58800,2492669.00
2022/07/07,1057,42.36,42.39,42.35,42.35,84400,3575226.00
2022/07/07,1058,42.35,42.40,42.35,42.36,48200,2044718.00
2022/07/07,1059,42.36,42.36,42.16,42.16,61400,2595809.00
2022/07/07,1100,42.10,42.10,41.83,41.86,50800,2131761.00
2022/07/07,1101,41.90,42.09,41.90,42.04,57300,2406465.00
2022/07/07,1102,42.04,42.12,42.03,42.12,37100,1560873.00
2022/07/07,1103,42.15,42.15,42.11,42.12,23300,983310.00
2022/07/07,1104,42.11,42.27,42.11,42.27,30500,1285812.00
2022/07/07,1105,42.27,42.51,42.20,42.51,23400,988861.00
2022/07/07,1106,42.53,42.65,42.53,42.65,18900,808004.00
2022/07/07,1107,42.65,42.67,42.53,42.53,43800,1865027.00
2022/07/07,1108,42.63,42.63,42.33,42.41,27700,1173460.00
2022/07/07,1109,42.40,42.42,42.33,42.38,51300,2173353.00
2022/07/07,1110,42.38,42.38,42.24,42.27,17800,754292.00
2022/07/07,1111,42.26,42.26,42.13,42.13,35700,1506782.00
2022/07/07,1112,42.15,42.23,42.10,42.19,32400,1367136.00
2022/07/07,1113,42.20,42.35,42.20,42.35,26100,1104061.00
2022/07/07,1114,42.35,42.38,42.25,42.30,45400,1921126.00
2022/07/07,1115,42.25,42.25,42.00,42.04,67700,2848465.00
2022/07/07,1116,42.00,42.00,41.75,41.75,46300,1941268.00
2022/07/07,1117,41.75,41.79,41.66,41.66,110000,4588470.00
2022/07/07,1118,41.70,41.70,41.62,41.62,48600,2023429.00
2022/07/07,1119,41.61,41.63,41.50,41.62,76400,3179424.00
2022/07/07,1120,41.58,41.59,41.42,41.42,54500,2263622.00
2022/07/07,1121,41.43,41.58,41.42,41.58,40900,1697220.00
2022/07/07,1122,41.59,42.00,41.59,42.00,101700,4239759.00
2022/07/07,1123,42.02,42.13,42.00,42.01,59100,2484457.00
2022/07/07,1124,42.00,42.01,41.96,42.00,21200,891830.00
2022/07/07,1125,42.00,42.00,41.86,41.90,32500,1360869.00
2022/07/07,1126,41.95,41.95,41.62,41.62,36800,1538145.00
2022/07/07,1127,41.51,41.59,41.48,41.52,72800,3023097.00
2022/07/07,1128,41.51,41.62,41.51,41.62,58700,2441230.00
2022/07/07,1129,41.61,41.80,41.61,41.80,72800,3029544.00
2022/07/07,1130,41.77,41.89,41.62,41.86,96500,4033184.00
2022/07/07,1301,41.81,41.99,41.81,41.87,144900,6070459.00
2022/07/07,1302,41.81,41.87,41.81,41.86,44900,1880223.00
2022/07/07,1303,41.86,42.01,41.82,42.01,134600,5638163.00
2022/07/07,1304,42.07,42.20,42.07,42.20,48700,2053168.00
2022/07/07,1305,42.20,42.69,42.20,42.61,67400,2854151.00
2022/07/07,1306,42.61,43.01,42.61,43.01,96800,4153644.00
2022/07/07,1307,42.99,43.00,42.31,42.31,75500,3227718.00
2022/07/07,1308,42.30,42.30,42.10,42.14,43800,1843820.00
2022/07/07,1309,42.15,42.31,42.14,42.31,58500,2472325.00
2022/07/07,1310,42.30,42.70,42.30,42.60,37600,1594278.00
2022/07/07,1311,42.70,42.70,42.58,42.60,64600,2750794.00
2022/07/07,1312,42.60,42.68,42.50,42.59,48600,2070292.00
2022/07/07,1313,42.51,42.60,42.50,42.58,32500,1380759.00
2022/07/07,1314,42.60,42.80,42.60,42.80,40400,1722830.00
2022/07/07,1315,42.80,42.89,42.62,42.80,56800,2426952.00
2022/07/07,1316,42.67,42.99,42.67,42.99,56300,2412283.00
2022/07/07,1317,42.90,42.93,42.67,42.67,25000,1067582.00
2022/07/07,1318,42.80,42.99,42.80,42.89,57400,2463902.00
2022/07/07,1319,42.95,42.95,42.80,42.80,19900,851032.00
2022/07/07,1320,42.70,42.70,42.32,42.50,37300,1585243.00
2022/07/07,1321,42.31,42.54,42.26,42.54,31700,1347049.00
2022/07/07,1322,42.55,42.55,42.54,42.54,45300,1926349.00
2022/07/07,1323,42.54,42.54,42.32,42.32,25800,1095561.00
2022/07/07,1324,42.32,42.38,42.30,42.38,42200,1787473.00
2022/07/07,1325,42.38,42.48,42.38,42.40,26200,1112655.00
2022/07/07,1326,42.40,42.43,42.40,42.43,22300,944294.00
2022/07/07,1327,42.43,42.50,42.30,42.35,49300,2088683.00
2022/07/07,1328,42.35,42.35,42.09,42.23,46200,1955305.00
2022/07/07,1329,42.21,42.21,42.01,42.01,16500,692588.00
2022/07/07,1330,42.01,42.01,41.80,41.81,37700,1578548.00
2022/07/07,1331,41.81,41.90,41.81,41.82,23600,986838.00
2022/07/07,1332,41.83,41.90,41.81,41.90,23200,973674.00
2022/07/07,1333,41.90,42.01,41.87,42.01,28900,1213369.00
2022/07/07,1334,41.98,42.00,41.97,41.97,27300,1145677.00
2022/07/07,1335,42.00,42.00,41.67,41.67,78000,3264436.00
2022/07/07,1336,41.67,41.67,41.60,41.60,70600,2938286.00
2022/07/07,1337,41.62,41.62,41.58,41.59,55500,2308448.00
2022/07/07,1338,41.60,42.10,41.58,42.10,58200,2427426.00
2022/07/07,1339,42.15,42.22,42.00,42.18,23500,992721.00
2022/07/07,1340,42.22,42.22,42.17,42.19,28900,1221050.00
2022/07/07,1341,42.17,42.20,41.75,42.20,91700,3856567.00
2022/07/07,1342,42.00,42.22,42.00,42.22,52400,2211000.00
2022/07/07,1343,42.37,42.52,42.21,42.46,64300,2722343.00
2022/07/07,1344,42.46,42.55,41.90,41.90,41200,1744439.00
2022/07/07,1345,42.01,42.28,41.77,42.02,58800,2465982.00
2022/07/07,1346,42.00,42.10,42.00,42.01,100700,4230068.00
2022/07/07,1347,42.00,42.10,41.99,41.99,185300,7786023.00
2022/07/07,1348,41.90,41.90,41.75,41.80,27100,1129739.00
2022/07/07,1349,41.80,41.84,41.80,41.84,26000,1086893.00
2022/07/07,1350,41.87,41.99,41.87,41.92,14600,615730.00
2022/07/07,1351,41.92,42.08,41.92,42.05,67700,2841864.00
2022/07/07,1352,42.02,42.05,41.96,41.96,20300,855078.00
2022/07/07,1353,41.95,41.96,41.92,41.95,12300,512269.00
2022/07/07,1354,41.96,42.02,41.96,41.98,29800,1252382.00
2022/07/07,1355,41.98,42.05,41.98,42.01,18100,760560.00
2022/07/07,1356,42.04,42.20,42.04,42.11,25300,1065917.00
2022/07/07,1357,42.10,42.15,42.10,42.14,29500,1241133.00
2022/07/07,1358,42.18,42.85,42.18,42.60,86500,3685014.00
2022/07/07,1359,42.37,42.51,42.37,42.51,68200,2895895.00
2022/07/07,1400,42.60,42.70,42.51,42.70,69700,2966928.00
2022/07/07,1401,42.60,43.00,42.60,43.00,98900,4239115.00
2022/07/07,1402,42.95,43.70,42.95,43.61,159500,6911015.00
2022/07/07,1403,43.18,43.59,43.05,43.51,143000,6216230.00
2022/07/07,1404,43.27,43.40,43.18,43.30,78800,3409835.00
2022/07/07,1405,43.27,43.27,42.82,42.97,34300,1478456.00
2022/07/07,1406,42.80,42.80,42.70,42.71,26800,1145724.00
2022/07/07,1407,42.70,42.70,42.67,42.69,19600,833745.00
2022/07/07,1408,42.68,43.00,42.67,43.00,38700,1659386.00
2022/07/07,1409,42.80,43.27,42.80,43.27,68300,2941668.00
2022/07/07,1410,43.19,43.27,43.19,43.25,23500,1016601.00
2022/07/07,1411,43.25,43.29,43.23,43.23,57500,2484584.00
2022/07/07,1412,43.23,43.23,43.16,43.18,57500,2480972.00
2022/07/07,1413,43.17,43.18,42.76,43.15,86800,3737428.00
2022/07/07,1414,43.15,43.35,42.99,43.35,93900,4060206.00
2022/07/07,1415,43.23,43.23,42.87,43.00,90000,3876274.00
2022/07/07,1416,43.01,43.05,42.80,42.80,62000,2659339.00
2022/07/07,1417,42.86,42.91,42.84,42.84,66600,2856469.00
2022/07/07,1418,42.82,42.82,42.60,42.65,34600,1477277.00
2022/07/07,1419,42.66,42.66,42.56,42.56,29600,1261335.00
2022/07/07,1420,42.58,42.65,42.56,42.61,28300,1207316.00
2022/07/07,1421,42.61,42.96,42.61,42.71,37600,1603996.00
2022/07/07,1422,42.88,43.00,42.62,42.71,78100,3341384.00
2022/07/07,1423,42.71,42.98,42.71,42.72,24000,1023194.00
2022/07/07,1424,42.70,42.90,42.70,42.90,25100,1072082.00
2022/07/07,1425,42.71,42.86,42.71,42.71,16800,719456.00
2022/07/07,1426,42.71,42.71,42.67,42.67,18000,768320.00
2022/07/07,1427,42.68,42.68,42.64,42.64,26700,1138373.00
2022/07/07,1428,42.66,42.66,42.59,42.60,27900,1190076.00
2022/07/07,1429,42.59,42.75,42.59,42.68,31900,1360176.00
2022/07/07,1430,42.80,42.95,42.60,42.62,87200,3731022.00
2022/07/07,1431,42.90,43.00,42.90,42.91,83400,3580293.00
2022/07/07,1432,42.90,43.01,42.90,42.98,45200,1943465.00
2022/07/07,1433,42.98,43.10,42.98,43.09,35100,1510228.00
2022/07/07,1434,43.09,43.09,42.92,42.93,85300,3666809.00
2022/07/07,1435,43.00,43.02,43.00,43.01,50000,2150665.00
2022/07/07,1436,43.01,43.02,43.00,43.00,59100,2541544.00
2022/07/07,1437,43.00,43.07,43.00,43.07,57200,2461872.00
2022/07/07,1438,43.00,43.20,43.00,43.00,107600,4640367.00
2022/07/07,1439,43.01,43.11,43.00,43.08,82000,3526078.00
2022/07/07,1440,43.09,43.09,43.00,43.00,56000,2410107.00
2022/07/07,1441,43.01,43.02,43.00,43.00,55300,2378148.00
2022/07/07,1442,43.00,43.00,42.81,42.81,102300,4397363.00
2022/07/07,1443,42.80,42.80,42.62,42.62,23900,1018815.00
2022/07/07,1444,42.65,42.65,42.53,42.53,30400,1293532.00
2022/07/07,1445,42.53,42.53,41.90,41.90,58700,2477944.00
2022/07/07,1446,41.80,41.80,40.01,40.39,317000,12954285.00
2022/07/07,1447,40.50,41.01,40.50,40.97,217800,8876537.00
2022/07/07,1448,41.00,41.30,40.99,41.24,71500,2945031.00
2022/07/07,1449,41.25,41.36,41.22,41.35,46800,1932692.00
2022/07/07,1450,41.30,41.40,41.28,41.30,69300,2863872.00
2022/07/07,1451,41.34,41.37,41.29,41.31,34800,1439339.00
2022/07/07,1452,41.31,41.31,40.82,40.94,122500,5036510.00
2022/07/07,1453,40.94,41.06,40.94,41.05,48500,1987695.00
2022/07/07,1454,41.06,41.06,40.80,41.04,107900,4424648.00
2022/07/07,1455,41.05,41.37,41.05,41.34,119000,4899658.00
2022/07/07,1456,41.50,43.05,41.50,43.05,114900,4852546.00
2022/07/07,1457,43.01,43.05,42.38,42.60,131600,5631656.00
2022/07/07,1458,42.80,42.80,42.80,42.80,3700,157906.00
2022/07/07,1459,42.80,42.80,42.80,42.80,0,0.00
2022/07/07,1500,43.03,43.03,43.03,43.03,247600,10652033.00
2022/07/08,0931,42.50,42.50,39.03,39.81,812200,33350266.00
2022/07/08,0932,39.50,39.84,39.12,39.12,484500,19169476.00
2022/07/08,0933,39.05,39.29,38.52,39.12,440800,17131184.00
2022/07/08,0934,39.26,39.36,38.10,38.35,528800,20398444.00
2022/07/08,0935,38.49,38.79,38.41,38.60,467700,18045072.00
2022/07/08,0936,38.60,38.60,38.05,38.25,436600,16703828.00
2022/07/08,0937,38.15,38.23,37.67,37.67,361200,13756650.00
2022/07/08,0938,37.67,38.30,37.30,38.30,384800,14593707.00
2022/07/08,0939,38.26,38.50,38.26,38.40,309200,11867628.00
2022/07/08,0940,38.47,38.79,38.38,38.79,213300,8198037.00
2022/07/08,0941,38.60,38.90,38.11,38.12,189000,7275459.00
2022/07/08,0942,38.20,38.50,38.12,38.50,242900,9299799.00
2022/07/08,0943,38.50,38.53,38.42,38.43,95400,3667030.00
2022/07/08,0944,38.43,38.43,38.10,38.10,105900,4049809.00
2022/07/08,0945,38.13,38.24,37.99,38.00,141400,5385528.00
2022/07/08,0946,37.90,37.99,37.90,37.96,166600,6317757.00
2022/07/08,0947,37.87,38.31,37.87,37.95,145400,5514017.00
2022/07/08,0948,38.20,38.20,37.78,38.00,199400,7555445.00
2022/07/08,0949,38.02,38.20,37.90,38.10,202200,7677654.00
2022/07/08,0950,38.43,38.43,38.10,38.22,70400,2691025.00
2022/07/08,0951,38.23,38.62,38.23,38.62,41600,1601121.00
2022/07/08,0952,38.69,38.69,38.22,38.34,90400,3478215.00
2022/07/08,0953,38.34,38.34,37.90,37.96,107600,4097454.00
2022/07/08,0954,37.96,38.00,37.88,37.88,97900,3716285.00
2022/07/08,0955,37.94,37.95,37.47,37.47,127800,4819417.00
2022/07/08,0956,37.41,38.00,37.41,38.00,145800,5488861.00
2022/07/08,0957,38.00,38.23,37.98,37.98,83900,3193667.00
2022/07/08,0958,38.04,38.04,37.91,38.00,36500,1388039.00
2022/07/08,0959,37.90,37.90,37.58,37.66,65500,2473158.00
2022/07/08,1000,37.69,37.76,37.40,37.76,127700,4792107.00
2022/07/08,1001,37.70,37.90,37.69,37.73,48200,1821434.00
2022/07/08,1002,37.79,37.79,37.69,37.70,57700,2179092.00
2022/07/08,1003,37.70,37.76,37.70,37.70,40400,1522782.00
2022/07/08,1004,37.69,37.69,37.41,37.53,89500,3354996.00
2022/07/08,1005,37.59,37.76,37.58,37.76,68100,2566758.00
2022/07/08,1006,37.66,37.66,37.53,37.53,42000,1578314.00
2022/07/08,1007,37.54,37.60,37.44,37.59,47600,1784337.00
2022/07/08,1008,37.60,37.60,37.50,37.50,59200,2222794.00
2022/07/08,1009,37.44,37.44,36.89,36.95,246300,9150304.00
2022/07/08,1010,36.92,37.00,36.80,36.92,195700,7222368.00
2022/07/08,1011,36.97,37.20,36.96,37.14,41600,1541562.00
2022/07/08,1012,37.10,37.28,37.10,37.15,57300,2129402.00
2022/07/08,1013,37.10,37.15,37.00,37.01,59200,2195816.00
2022/07/08,1014,37.01,37.01,36.96,37.01,47200,1744165.00
2022/07/08,1015,37.02,37.14,36.99,37.00,52300,1934335.00
2022/07/08,1016,37.02,37.10,36.95,36.98,68100,2522936.00
2022/07/08,1017,36.97,37.00,36.94,36.98,95800,3541819.00
2022/07/08,1018,37.00,37.00,36.91,36.91,87500,3233977.00
2022/07/08,1019,36.91,36.92,36.86,36.87,39800,1468311.00
2022/07/08,1020,36.90,37.15,36.88,37.15,37600,1388528.00
2022/07/08,1021,37.02,37.15,36.91,36.92,53000,1964603.00
2022/07/08,1022,36.95,37.05,36.94,36.95,47700,1762683.00
2022/07/08,1023,36.99,36.99,36.70,36.70,76400,2815973.00
2022/07/08,1024,36.73,36.73,36.40,36.41,207100,7574746.00
2022/07/08,1025,36.51,36.51,36.33,36.51,154800,5631138.00
2022/07/08,1026,36.51,36.76,36.50,36.76,35700,1307527.00
2022/07/08,1027,36.76,36.83,36.72,36.72,40100,1475670.00
2022/07/08,1028,36.70,36.80,36.70,36.70,27100,997922.00
2022/07/08,1029,36.76,36.82,36.70,36.75,39700,1458503.00
2022/07/08,1030,36.75,37.14,36.75,36.98,41100,1518771.00
2022/07/08,1031,36.87,36.99,36.75,36.75,58100,2141031.00
2022/07/08,1032,36.75,36.80,36.55,36.66,53700,1971347.00
2022/07/08,1033,36.61,36.83,36.61,36.83,50000,1833124.00
2022/07/08,1034,36.83,37.00,36.83,36.99,157400,5815095.00
2022/07/08,1035,36.86,36.86,36.64,36.64,55900,2053739.00
2022/07/08,1036,36.70,37.10,36.70,37.10,53200,1961995.00
2022/07/08,1037,37.03,37.03,36.73,36.73,26700,988367.00
2022/07/08,1038,36.80,36.95,36.80,36.85,34700,1278602.00
2022/07/08,1039,36.82,36.95,36.82,36.90,14900,548279.00
2022/07/08,1040,36.90,37.00,36.90,37.00,22900,845980.00
2022/07/08,1041,37.00,37.10,36.90,36.98,46000,1705671.00
2022/07/08,1042,36.98,37.00,36.90,37.00,44300,1635935.00
2022/07/08,1043,37.10,37.16,37.02,37.16,12300,454696.00
2022/07/08,1044,37.12,37.50,37.12,37.50,39200,1460991.00
2022/07/08,1045,37.50,37.50,37.10,37.11,42300,1578437.00
2022/07/08,1046,37.09,37.12,37.02,37.12,30200,1120740.00
2022/07/08,1047,37.12,37.12,37.11,37.11,9700,360071.00
2022/07/08,1048,37.10,37.12,37.03,37.03,9500,353438.00
2022/07/08,1049,37.03,37.07,37.03,37.05,3700,133477.00
2022/07/08,1050,37.08,37.10,36.98,36.99,46400,1719710.00
2022/07/08,1051,36.93,37.01,36.93,37.01,25400,942084.00
2022/07/08,1052,37.03,37.03,36.96,36.96,20400,753612.00
2022/07/08,1053,36.92,37.00,36.75,36.75,60600,2237453.00
2022/07/08,1054,36.75,36.93,36.75,36.90,17300,635724.00
2022/07/08,1055,36.90,37.00,36.89,37.00,28700,1061443.00
2022/07/08,1056,37.00,37.15,37.00,37.15,25500,943282.00
2022/07/08,1057,37.07,37.18,37.07,37.18,19900,738591.00
2022/07/08,1058,37.18,37.26,37.08,37.11,14000,523823.00
2022/07/08,1059,37.02,37.11,36.96,36.96,15000,552749.00
2022/07/08,1100,37.00,37.02,36.96,37.00,67300,2489710.00
2022/07/08,1101,36.95,37.02,36.88,36.90,27400,1014377.00
2022/07/08,1102,36.90,36.91,36.89,36.90,17700,652596.00
2022/07/08,1103,36.90,37.00,36.88,36.92,15600,574878.00
2022/07/08,1104,37.00,37.18,37.00,37.15,25100,933444.00
2022/07/08,1105,37.18,37.51,37.18,37.43,36600,1363780.00
2022/07/08,1106,37.52,37.66,37.50,37.50,45900,1726418.00
2022/07/08,1107,37.50,37.50,37.10,37.38,47700,1775563.00
2022/07/08,1108,37.38,37.75,37.13,37.75,42100,1573555.00
2022/07/08,1109,37.75,37.75,37.52,37.52,45200,1705654.00
2022/07/08,1110,37.61,37.61,37.44,37.44,16500,619389.00
2022/07/08,1111,37.60,37.66,37.60,37.60,18600,696934.00
2022/07/08,1112,37.49,37.53,37.49,37.52,4800,180059.00
2022/07/08,1113,37.50,37.59,37.50,37.56,27900,1048389.00
2022/07/08,1114,37.56,37.84,37.56,37.84,19700,740062.00
2022/07/08,1115,37.84,37.88,37.71,37.71,26000,982089.00
2022/07/08,1116,37.71,37.75,37.66,37.70,16400,620267.00
2022/07/08,1117,37.66,37.71,37.63,37.65,6400,239274.00
2022/07/08,1118,37.65,37.65,37.62,37.65,28200,1063284.00
2022/07/08,1119,37.64,37.66,37.64,37.66,10500,393614.00
2022/07/08,1120,37.67,37.90,37.66,37.85,17300,655815.00
2022/07/08,1121,37.86,37.94,37.80,37.80,26400,999279.00
2022/07/08,1122,37.74,37.74,37.60,37.61,19900,749530.00
2022/07/08,1123,37.60,37.64,37.60,37.64,21000,791395.00
2022/07/08,1124,37.64,37.64,37.56,37.56,16700,628148.00
2022/07/08,1125,37.56,37.59,37.51,37.59,8900,334237.00
2022/07/08,1126,37.60,37.79,37.60,37.79,12800,481946.00
2022/07/08,1127,37.67,37.77,37.64,37.77,14600,547080.00
2022/07/08,1128,37.68,37.77,37.68,37.77,9100,345072.00
2022/07/08,1129,37.77,37.80,37.77,37.80,11200,422442.00
2022/07/08,1130,37.77,37.77,37.56,37.60,23300,875210.00
2022/07/08,1301,37.56,37.87,37.56,37.65,76000,2871132.00
2022/07/08,1302,37.62,37.80,37.62,37.66,12900,483311.00
2022/07/08,1303,37.66,37.66,37.61,37.66,19100,721294.00
2022/07/08,1304,37.77,37.77,37.66,37.74,3300,123278.00
2022/07/08,1305,37.74,37.74,37.50,37.50,40000,1501914.00
2022/07/08,1306,37.51,37.51,37.35,37.35,70400,2637566.00
2022/07/08,1307,37.30,37.34,37.21,37.21,10100,373226.00
2022/07/08,1308,37.12,37.23,37.10,37.22,45800,1701399.00
2022/07/08,1309,37.15,37.25,37.15,37.20,11700,435884.00
2022/07/08,1310,37.21,37.24,37.19,37.19,16000,596597.00
2022/07/08,1311,37.20,37.20,37.16,37.16,9400,349372.00
2022/07/08,1312,37.16,37.18,37.15,37.18,6100,224718.00
2022/07/08,1313,37.15,37.15,37.03,37.03,38000,1411085.00
2022/07/08,1314,37.08,37.08,37.00,37.01,40900,1515259.00
2022/07/08,1315,37.08,37.08,37.02,37.02,11500,423389.00
2022/07/08,1316,37.02,37.05,37.02,37.03,9000,336045.00
2022/07/08,1317,37.02,37.03,37.01,37.01,11100,409840.00
2022/07/08,1318,37.02,37.02,37.00,37.00,17400,642669.00
2022/07/08,1319,37.02,37.04,37.00,37.04,12100,447685.00
2022/07/08,1320,37.04,37.10,37.04,37.08,14400,534029.00
2022/07/08,1321,37.08,37.09,37.02,37.04,14200,527580.00
2022/07/08,1322,37.02,37.02,37.00,37.00,10300,379231.00
2022/07/08,1323,37.00,37.00,36.90,36.90,32900,1216120.00
2022/07/08,1324,36.91,36.92,36.90,36.92,21800,804587.00
2022/07/08,1325,37.00,37.00,36.90,36.90,13300,491061.00
2022/07/08,1326,36.90,36.90,36.83,36.83,32200,1189126.00
2022/07/08,1327,36.90,36.90,36.76,36.76,26100,961093.00
2022/07/08,1328,36.75,36.80,36.73,36.73,18100,664485.00
2022/07/08,1329,36.72,36.75,36.72,36.72,9300,341540.00
2022/07/08,1330,36.72,36.75,36.66,36.66,36200,1327906.00
2022/07/08,1331,36.66,36.70,36.60,36.67,22900,839496.00
2022/07/08,1332,36.59,36.67,36.56,36.66,35300,1292930.00
2022/07/08,1333,36.67,36.72,36.61,36.72,44600,1638231.00
2022/07/08,1334,36.72,36.85,36.72,36.77,14000,514136.00
2022/07/08,1335,36.84,36.84,36.64,36.65,24500,897266.00
2022/07/08,1336,36.65,36.65,36.56,36.57,17600,646352.00
2022/07/08,1337,36.56,36.57,36.55,36.56,23700,864075.00
2022/07/08,1338,36.56,36.56,36.53,36.56,25900,948142.00
2022/07/08,1339,36.55,36.55,36.50,36.50,37100,1353380.00
2022/07/08,1340,36.50,36.50,36.31,36.31,61200,2230700.00
2022/07/08,1341,36.31,36.36,36.30,36.31,90700,3295088.00
2022/07/08,1342,36.30,36.33,36.25,36.25,89500,3247265.00
2022/07/08,1343,36.25,36.40,36.20,36.40,45200,1637745.00
2022/07/08,1344,36.40,36.56,36.35,36.56,21700,792256.00
2022/07/08,1345,36.60,36.84,36.60,36.81,24500,898674.00
2022/07/08,1346,36.81,37.09,36.81,37.00,17000,628015.00
2022/07/08,1347,37.00,37.10,36.90,36.92,38800,1437676.00
2022/07/08,1348,36.93,37.01,36.92,37.01,27100,1001720.00
2022/07/08,1349,36.99,37.20,36.99,37.15,22100,819153.00
2022/07/08,1350,37.15,37.20,37.15,37.20,7600,284560.00
2022/07/08,1351,37.20,37.24,37.06,37.06,24300,900644.00
2022/07/08,1352,37.06,37.06,37.02,37.06,16700,620298.00
2022/07/08,1353,37.09,37.12,37.06,37.06,9300,346393.00
2022/07/08,1354,37.06,37.08,37.00,37.00,11900,437677.00
2022/07/08,1355,37.00,37.02,37.00,37.00,23400,868083.00
2022/07/08,1356,37.00,37.00,36.92,36.99,7600,279213.00
2022/07/08,1357,36.95,36.95,36.82,36.88,52100,1922803.00
2022/07/08,1358,36.88,36.88,36.81,36.86,19500,719131.00
2022/07/08,1359,36.86,36.86,36.70,36.70,23500,865786.00
2022/07/08,1400,36.72,36.78,36.67,36.67,13200,486564.00
2022/07/08,1401,36.67,36.67,36.52,36.53,21400,780522.00
2022/07/08,1402,36.50,36.60,36.50,36.60,48800,1783059.00
2022/07/08,1403,36.59,36.62,36.58,36.58,35500,1300029.00
2022/07/08,1404,36.53,36.54,36.33,36.36,25300,920441.00
2022/07/08,1405,36.36,36.42,36.36,36.40,51200,1865404.00
2022/07/08,1406,36.40,36.41,36.38,36.40,29800,1084141.00
2022/07/08,1407,36.40,36.42,36.39,36.42,16500,601621.00
2022/07/08,1408,36.41,36.48,36.40,36.46,16700,608059.00
2022/07/08,1409,36.48,36.66,36.48,36.50,24300,888021.00
2022/07/08,1410,36.50,36.69,36.50,36.69,16200,589938.00
2022/07/08,1411,36.72,36.72,36.65,36.69,16200,595526.00
2022/07/08,1412,36.68,36.72,36.68,36.70,11700,429403.00
2022/07/08,1413,36.70,36.72,36.68,36.71,20600,756208.00
2022/07/08,1414,36.71,36.72,36.65,36.65,21000,771444.00
2022/07/08,1415,36.60,36.60,36.48,36.48,11900,433914.00
2022/07/08,1416,36.48,36.53,36.48,36.51,11800,429555.00
2022/07/08,1417,36.54,36.66,36.54,36.66,6100,222767.00
2022/07/08,1418,36.70,36.72,36.66,36.72,5600,205896.00
2022/07/08,1419,36.60,36.65,36.60,36.60,29900,1095129.00
2022/07/08,1420,36.60,36.65,36.60,36.65,29700,1087084.00
2022/07/08,1421,36.66,36.67,36.65,36.65,30800,1131996.00
2022/07/08,1422,36.68,36.75,36.60,36.60,11300,413481.00
2022/07/08,1423,36.63,36.74,36.61,36.70,9900,364742.00
2022/07/08,1424,36.64,36.70,36.64,36.65,7200,262250.00
2022/07/08,1425,36.65,36.65,36.54,36.54,31100,1137673.00
2022/07/08,1426,36.59,36.67,36.51,36.67,9800,361595.00
2022/07/08,1427,36.63,36.63,36.55,36.63,4100,148244.00
2022/07/08,1428,36.59,36.59,36.52,36.55,6000,218309.00
2022/07/08,1429,36.55,36.55,36.27,36.27,68000,2477621.00
2022/07/08,1430,36.25,36.27,36.02,36.02,101600,3672268.00
2022/07/08,1431,36.02,36.22,36.00,36.22,81300,2933410.00
2022/07/08,1432,36.20,36.42,36.20,36.42,38600,1398626.00
2022/07/08,1433,36.32,36.32,36.06,36.13,56600,2048477.00
2022/07/08,1434,36.08,36.13,36.04,36.06,60100,2168565.00
2022/07/08,1435,36.06,36.13,36.05,36.11,33800,1217819.00
2022/07/08,1436,36.13,36.13,36.02,36.04,40300,1454772.00
2022/07/08,1437,36.02,36.04,35.93,36.02,124600,4484203.00
2022/07/08,1438,36.05,36.44,36.04,36.30,35600,1289892.00
2022/07/08,1439,36.30,36.30,36.08,36.13,32400,1173805.00
2022/07/08,1440,36.13,36.30,36.13,36.30,10000,359747.00
2022/07/08,1441,36.30,36.48,36.30,36.47,13800,503192.00
2022/07/08,1442,36.36,36.49,36.32,36.36,21700,790877.00
2022/07/08,1443,36.29,36.29,36.00,36.00,51700,1864583.00
2022/07/08,1444,36.16,36.19,36.14,36.17,11900,430760.00
2022/07/08,1445,36.17,36.18,36.00,36.00,44700,1615161.00
2022/07/08,1446,36.16,36.26,36.16,36.26,16100,582675.00
2022/07/08,1447,36.23,36.24,36.19,36.24,20400,739558.00
2022/07/08,1448,36.23,36.26,36.23,36.24,24000,869465.00
2022/07/08,1449,36.24,36.28,36.24,36.28,34900,1263026.00
2022/07/08,1450,36.29,36.66,36.29,36.66,33700,1232115.00
2022/07/08,1451,36.65,36.75,36.60,36.70,79200,2906670.00
2022/07/08,1452,36.61,36.87,36.61,36.87,58600,2151841.00
2022/07/08,1453,36.87,37.16,36.87,37.07,62900,2327075.00
2022/07/08,1454,36.96,37.00,36.51,36.51,34500,1267851.00
2022/07/08,1455,36.51,36.86,36.51,36.86,50600,1859108.00
2022/07/08,1456,36.86,36.86,36.50,36.65,27700,1016016.00
2022/07/08,1457,36.55,36.56,36.20,36.23,35600,1296511.00
2022/07/08,1458,36.23,36.23,36.23,36.23,200,7246.00
2022/07/08,1459,36.23,36.23,36.23,36.23,0,0.00
2022/07/08,1500,36.23,36.23,36.23,36.23,137500,4978835.00
数据来源:通达信
