2022/07/01,0931,58.96,58.98,57.07,57.50,1676300,98228896.00
2022/07/01,0932,57.16,58.80,56.81,58.80,377100,21669130.00
2022/07/01,0933,58.95,61.98,58.95,61.88,305000,18305024.00
2022/07/01,0934,61.83,62.00,60.00,60.00,219700,13345239.00
2022/07/01,0935,60.50,60.50,59.99,60.03,194300,11675848.00
2022/07/01,0936,60.00,60.50,60.00,60.30,171100,10305622.00
2022/07/01,0937,60.58,60.58,60.35,60.41,119300,7215237.00
2022/07/01,0938,60.35,60.35,60.06,60.06,177600,10698170.00
2022/07/01,0939,60.20,60.20,59.96,59.96,159400,9575087.00
2022/07/01,0940,59.96,59.96,59.50,59.60,111800,6679212.00
2022/07/01,0941,59.60,60.29,59.55,60.21,207200,12425408.00
2022/07/01,0942,60.36,60.40,60.10,60.30,132500,7985848.00
2022/07/01,0943,60.31,61.49,60.12,61.49,210400,12770116.00
2022/07/01,0944,61.50,61.60,61.06,61.06,132400,8127956.00
2022/07/01,0945,61.07,61.20,61.00,61.15,92800,5669275.00
2022/07/01,0946,61.25,61.26,60.91,61.00,154500,9440385.00
2022/07/01,0947,61.00,62.88,61.00,62.78,307800,19014914.00
2022/07/01,0948,63.00,63.90,62.85,63.90,246800,15554141.00
2022/07/01,0949,63.63,64.48,63.63,64.31,248000,15858809.00
2022/07/01,0950,64.32,65.00,63.81,65.00,166100,10693597.00
2022/07/01,0951,65.03,65.55,63.83,63.83,153800,9932980.00
2022/07/01,0952,63.82,64.40,63.33,64.06,107400,6885807.00
2022/07/01,0953,63.85,64.66,63.51,64.54,203000,13020925.00
2022/07/01,0954,64.59,65.30,64.59,65.02,191800,12473128.00
2022/07/01,0955,64.71,65.01,64.60,64.65,71400,4638229.00
2022/07/01,0956,64.70,66.50,64.70,66.19,211600,13931142.00
2022/07/01,0957,66.18,66.19,65.15,65.25,54500,3585149.00
2022/07/01,0958,65.20,65.20,65.00,65.01,76700,4986929.00
2022/07/01,0959,65.01,66.19,64.72,65.62,146800,9605026.00
2022/07/01,1000,65.62,66.03,65.25,65.25,35400,2326417.00
2022/07/01,1001,65.03,65.25,64.70,64.70,40400,2623959.00
2022/07/01,1002,64.20,64.87,63.14,63.20,113400,7287228.00
2022/07/01,1003,63.13,63.65,63.13,63.50,79100,5008460.00
2022/07/01,1004,63.64,63.75,63.00,63.00,71700,4537689.00
2022/07/01,1005,62.99,63.67,62.72,63.67,68300,4294984.00
2022/07/01,1006,64.31,65.99,63.81,65.99,87400,5675680.00
2022/07/01,1007,66.00,66.00,65.01,65.71,108600,7112765.00
2022/07/01,1008,65.45,66.01,65.11,65.15,99000,6482486.00
2022/07/01,1009,65.01,66.10,65.01,66.00,89100,5854745.00
2022/07/01,1010,66.00,66.03,65.00,66.00,174800,11470237.00
2022/07/01,1011,65.52,65.55,65.13,65.40,42600,2778292.00
2022/07/01,1012,65.40,65.40,64.15,64.50,48800,3166788.00
2022/07/01,1013,64.98,64.98,64.20,64.56,40700,2630255.00
2022/07/01,1014,64.56,65.98,64.56,65.98,49700,3236310.00
2022/07/01,1015,65.12,67.22,65.12,67.22,144800,9620744.00
2022/07/01,1016,67.48,67.48,66.88,67.01,113500,7611956.00
2022/07/01,1017,67.01,68.40,66.80,68.14,147100,9911103.00
2022/07/01,1018,68.24,68.24,67.60,67.62,55300,3765342.00
2022/07/01,1019,67.62,68.18,67.60,67.83,72600,4923753.00
2022/07/01,1020,67.83,67.83,67.39,67.70,53400,3608236.00
2022/07/01,1021,67.41,67.60,67.00,67.02,40700,2739776.00
2022/07/01,1022,67.20,67.20,65.86,65.86,47100,3135619.00
2022/07/01,1023,66.00,66.95,66.00,66.25,64400,4273441.00
2022/07/01,1024,66.16,66.99,66.00,66.52,66200,4392263.00
2022/07/01,1025,66.86,66.87,66.29,66.78,18100,1204714.00
2022/07/01,1026,66.78,67.43,66.78,67.43,78300,5259604.00
2022/07/01,1027,67.50,67.50,66.51,66.89,67500,4509570.00
2022/07/01,1028,66.51,66.51,66.00,66.08,73200,4847957.00
2022/07/01,1029,66.10,66.51,66.03,66.29,14800,982527.00
2022/07/01,1030,66.29,66.33,66.05,66.27,15600,1028340.00
2022/07/01,1031,66.39,66.39,65.06,65.55,43800,2872633.00
2022/07/01,1032,65.50,65.81,65.50,65.75,12700,831630.00
2022/07/01,1033,65.80,66.00,65.76,66.00,26100,1718508.00
2022/07/01,1034,66.00,66.45,66.00,66.30,15800,1043705.00
2022/07/01,1035,66.29,67.00,66.18,67.00,27600,1837875.00
2022/07/01,1036,66.97,67.35,66.92,66.92,44600,2986098.00
2022/07/01,1037,66.92,68.65,66.81,68.20,103600,7037657.00
2022/07/01,1038,67.85,68.88,67.85,68.72,60000,4102132.00
2022/07/01,1039,68.53,68.80,68.50,68.50,30000,2061758.00
2022/07/01,1040,68.50,68.50,67.51,67.51,21900,1487080.00
2022/07/01,1041,67.64,68.36,67.64,68.36,31300,2125948.00
2022/07/01,1042,68.11,69.23,68.11,68.99,95200,6547899.00
2022/07/01,1043,69.16,69.80,68.31,69.50,50000,3468319.00
2022/07/01,1044,69.46,70.86,69.46,70.70,110900,7782733.00
2022/07/01,1045,70.50,70.90,70.00,70.00,44100,3106108.00
2022/07/01,1046,70.00,71.17,70.00,70.17,72600,5125524.00
2022/07/01,1047,70.01,70.70,70.00,70.26,33300,2334292.00
2022/07/01,1048,70.31,72.60,70.31,72.49,39600,2829950.00
2022/07/01,1049,73.00,75.40,73.00,75.04,47500,3511751.00
2022/07/01,1050,75.00,75.00,73.30,73.30,43300,3220779.00
2022/07/01,1051,73.00,73.00,72.00,72.12,43400,3131400.00
2022/07/01,1052,72.15,72.25,70.90,71.50,64700,4651240.00
2022/07/01,1053,70.90,71.47,70.86,71.47,44600,3172615.00
2022/07/01,1054,71.47,71.47,71.07,71.07,12500,890304.00
2022/07/01,1055,71.07,71.07,70.68,70.68,51500,3651997.00
2022/07/01,1056,70.68,71.44,70.13,71.02,66400,4700614.00
2022/07/01,1057,71.02,71.23,71.00,71.18,26900,1910015.00
2022/07/01,1058,71.03,71.03,69.81,69.81,46300,3271350.00
2022/07/01,1059,69.58,69.60,68.88,69.00,32000,2215579.00
2022/07/01,1100,69.00,69.20,68.80,69.10,10700,734742.00
2022/07/01,1101,69.20,69.50,69.05,69.50,22100,1531692.00
2022/07/01,1102,69.52,69.80,69.30,69.30,20200,1408080.00
2022/07/01,1103,69.30,70.65,69.30,70.65,14000,973470.00
2022/07/01,1104,70.68,71.48,70.65,71.47,19000,1349507.00
2022/07/01,1105,71.10,72.12,71.10,72.00,32000,2289588.00
2022/07/01,1106,71.99,72.05,71.52,71.52,23500,1693107.00
2022/07/01,1107,71.50,71.50,71.10,71.10,23400,1671506.00
2022/07/01,1108,70.83,71.00,70.00,70.00,14200,1007302.00
2022/07/01,1109,69.72,69.72,69.20,69.21,22000,1522358.00
2022/07/01,1110,69.24,69.50,69.24,69.26,17400,1206267.00
2022/07/01,1111,69.26,71.00,69.24,71.00,34500,2403196.00
2022/07/01,1112,70.99,72.00,70.99,71.50,25100,1798641.00
2022/07/01,1113,71.49,71.49,70.42,70.42,21400,1527451.00
2022/07/01,1114,70.23,70.24,70.00,70.00,5600,390685.00
2022/07/01,1115,69.88,70.02,69.80,69.99,5900,413820.00
2022/07/01,1116,69.80,69.80,69.30,69.30,10500,731189.00
2022/07/01,1117,69.30,69.50,69.30,69.50,45500,3151419.00
2022/07/01,1118,69.26,69.65,69.00,69.50,48000,3322567.00
2022/07/01,1119,69.07,69.29,68.50,69.00,34300,2359551.00
2022/07/01,1120,68.50,69.52,68.50,69.52,11700,812433.00
2022/07/01,1121,69.52,69.80,69.11,69.20,16200,1124042.00
2022/07/01,1122,69.10,69.15,68.83,69.15,16500,1140739.00
2022/07/01,1123,69.50,69.58,69.19,69.19,34000,2364436.00
2022/07/01,1124,68.69,69.20,68.69,69.20,19600,1349167.00
2022/07/01,1125,69.00,69.20,68.71,69.00,42200,2912416.00
2022/07/01,1126,69.20,69.20,68.72,69.00,27300,1882224.00
2022/07/01,1127,69.00,70.22,69.00,70.22,49100,3419713.00
2022/07/01,1128,70.00,70.01,69.05,69.20,34200,2388188.00
2022/07/01,1129,69.21,70.00,69.00,69.65,23100,1597369.00
2022/07/01,1130,69.25,70.18,69.25,69.51,24800,1735384.00
2022/07/01,1301,70.00,70.00,68.70,68.70,51300,3562020.00
2022/07/01,1302,68.70,69.23,68.56,69.03,61900,4255406.00
2022/07/01,1303,69.04,69.89,69.04,69.33,18300,1269300.00
2022/07/01,1304,69.33,69.40,69.01,69.01,38600,2673718.00
2022/07/01,1305,69.26,69.26,68.63,69.01,32400,2233608.00
2022/07/01,1306,69.00,69.50,69.00,69.50,6200,427975.00
2022/07/01,1307,69.31,69.31,69.00,69.01,35400,2448398.00
2022/07/01,1308,69.00,69.30,69.00,69.30,8800,608502.00
2022/07/01,1309,69.25,69.25,69.00,69.24,19100,1319264.00
2022/07/01,1310,69.24,69.30,69.00,69.00,46300,3204519.00
2022/07/01,1311,69.00,69.20,68.73,69.05,35200,2421250.00
2022/07/01,1312,69.09,69.38,69.09,69.11,38300,2653016.00
2022/07/01,1313,69.11,69.27,69.11,69.12,16100,1110345.00
2022/07/01,1314,69.13,69.37,69.13,69.21,23800,1652230.00
2022/07/01,1315,69.38,69.38,69.33,69.37,15600,1079628.00
2022/07/01,1316,69.24,70.17,69.24,70.17,22200,1547281.00
2022/07/01,1317,70.30,71.00,70.30,70.50,37900,2675211.00
2022/07/01,1318,70.00,70.10,70.00,70.10,8300,585807.00
2022/07/01,1319,70.01,70.06,70.00,70.00,14500,1016083.00
2022/07/01,1320,70.00,70.18,70.00,70.02,19600,1367616.00
2022/07/01,1321,70.02,70.15,70.00,70.02,35800,2510483.00
2022/07/01,1322,70.16,70.16,69.65,69.65,8000,560186.00
2022/07/01,1323,69.65,70.02,69.65,69.99,4000,279804.00
2022/07/01,1324,69.99,69.99,69.40,69.50,16400,1137606.00
2022/07/01,1325,69.56,69.98,69.30,69.70,39000,2715004.00
2022/07/01,1326,69.66,70.02,69.35,70.02,37500,2615582.00
2022/07/01,1327,70.01,70.60,70.01,70.24,38000,2677995.00
2022/07/01,1328,70.24,70.57,70.24,70.24,15800,1117823.00
2022/07/01,1329,70.24,70.55,70.10,70.10,5100,356647.00
2022/07/01,1330,70.06,70.10,70.00,70.00,15300,1066576.00
2022/07/01,1331,70.00,70.48,70.00,70.16,8900,628327.00
2022/07/01,1332,70.50,70.51,70.44,70.44,32500,2291045.00
2022/07/01,1333,70.20,72.12,70.20,72.12,61000,4348450.00
2022/07/01,1334,72.17,74.00,72.10,73.60,58800,4318227.00
2022/07/01,1335,72.15,73.00,72.01,72.48,22200,1606204.00
2022/07/01,1336,72.09,72.24,72.00,72.12,41400,2988058.00
2022/07/01,1337,72.12,72.15,71.95,72.00,10900,784663.00
2022/07/01,1338,71.95,71.95,71.51,71.77,18700,1335373.00
2022/07/01,1339,71.77,71.89,71.70,71.79,5200,371144.00
2022/07/01,1340,71.79,71.79,71.70,71.70,21600,1549299.00
2022/07/01,1341,71.72,71.80,71.55,71.80,36300,2608681.00
2022/07/01,1342,72.00,72.50,72.00,72.50,28100,2028253.00
2022/07/01,1343,72.49,72.57,72.30,72.49,25000,1812533.00
2022/07/01,1344,72.30,72.30,72.00,72.00,24200,1743419.00
2022/07/01,1345,71.80,71.80,71.51,71.72,19400,1389019.00
2022/07/01,1346,71.58,72.00,71.58,72.00,12000,861870.00
2022/07/01,1347,72.00,72.05,71.72,71.72,10700,769742.00
2022/07/01,1348,71.72,71.72,71.68,71.68,8400,607359.00
2022/07/01,1349,71.60,71.72,71.50,71.61,72000,5156534.00
2022/07/01,1350,71.61,72.05,71.61,72.00,12600,905966.00
2022/07/01,1351,71.71,72.20,71.71,72.20,15300,1097744.00
2022/07/01,1352,72.10,73.00,72.10,72.60,45200,3283600.00
2022/07/01,1353,72.90,72.90,72.51,72.51,4600,333397.00
2022/07/01,1354,72.88,72.88,72.11,72.64,12400,895162.00
2022/07/01,1355,72.66,72.66,72.11,72.11,15500,1126422.00
2022/07/01,1356,72.11,72.15,72.10,72.15,29100,2100537.00
2022/07/01,1357,72.15,72.15,72.00,72.15,11300,812452.00
2022/07/01,1358,72.20,72.66,72.20,72.66,18000,1301377.00
2022/07/01,1359,72.66,73.50,72.60,73.50,49800,3641222.00
2022/07/01,1400,73.50,73.50,72.70,72.70,5000,362755.00
2022/07/01,1401,72.70,72.70,72.40,72.65,35400,2572924.00
2022/07/01,1402,72.70,72.70,72.40,72.40,7500,546380.00
2022/07/01,1403,72.22,72.41,72.20,72.41,9800,703541.00
2022/07/01,1404,72.50,72.58,72.40,72.40,13200,960643.00
2022/07/01,1405,72.40,72.40,72.02,72.02,11900,858220.00
2022/07/01,1406,72.04,72.20,72.03,72.20,17800,1283135.00
2022/07/01,1407,72.20,72.21,71.99,72.01,28600,2061829.00
2022/07/01,1408,72.01,72.01,71.51,71.51,1800,131945.00
2022/07/01,1409,71.64,71.64,71.00,71.00,19500,1391960.00
2022/07/01,1410,70.74,70.74,70.22,70.22,8100,567779.00
2022/07/01,1411,70.25,71.14,70.24,71.14,23400,1653406.00
2022/07/01,1412,71.12,71.60,71.12,71.13,27200,1946494.00
2022/07/01,1413,70.89,71.57,70.89,71.47,17900,1272761.00
2022/07/01,1414,71.20,71.25,71.20,71.25,7600,543752.00
2022/07/01,1415,71.00,71.00,70.81,70.90,27100,1916800.00
2022/07/01,1416,70.77,70.81,70.45,70.81,23700,1678826.00
2022/07/01,1417,70.81,71.35,70.81,71.35,10900,778498.00
2022/07/01,1418,71.20,71.35,70.90,70.90,6600,468013.00
2022/07/01,1419,70.90,71.07,70.90,71.07,6000,427996.00
2022/07/01,1420,70.90,70.90,70.55,70.55,42100,2974203.00
2022/07/01,1421,70.58,70.75,70.30,70.75,29100,2053587.00
2022/07/01,1422,70.76,70.76,70.50,70.50,11400,802547.00
2022/07/01,1423,70.50,70.62,70.50,70.53,21900,1544985.00
2022/07/01,1424,70.62,70.63,70.47,70.47,23000,1621796.00
2022/07/01,1425,70.34,70.35,70.32,70.33,17600,1237263.00
2022/07/01,1426,70.24,70.24,69.91,69.91,39400,2761253.00
2022/07/01,1427,69.91,70.20,69.81,70.18,23500,1650145.00
2022/07/01,1428,70.08,70.17,69.88,69.88,19700,1376226.00
2022/07/01,1429,69.88,70.11,69.74,69.87,39500,2762904.00
2022/07/01,1430,69.87,70.31,69.70,70.31,49300,3448135.00
2022/07/01,1431,70.30,70.32,70.06,70.32,21600,1518097.00
2022/07/01,1432,70.33,70.36,70.01,70.01,24800,1742604.00
2022/07/01,1433,70.01,70.22,70.00,70.00,21000,1472923.00
2022/07/01,1434,70.00,70.28,70.00,70.00,41400,2900706.00
2022/07/01,1435,70.20,70.20,70.01,70.18,4600,321710.00
2022/07/01,1436,70.20,70.20,69.89,69.89,30900,2164541.00
2022/07/01,1437,69.90,70.03,69.87,69.87,31400,2195009.00
2022/07/01,1438,69.87,69.88,69.66,69.69,66600,4650576.00
2022/07/01,1439,69.70,69.72,69.50,69.51,25500,1777019.00
2022/07/01,1440,69.55,69.62,69.50,69.54,57600,4004965.00
2022/07/01,1441,69.51,69.52,69.40,69.40,42400,2949367.00
2022/07/01,1442,69.40,69.55,69.26,69.55,25200,1750430.00
2022/07/01,1443,69.56,70.30,69.55,70.20,41600,2911575.00
2022/07/01,1444,70.20,70.38,70.11,70.32,38600,2708098.00
2022/07/01,1445,70.36,70.51,70.36,70.48,9300,655705.00
2022/07/01,1446,70.48,70.48,70.11,70.29,33100,2327381.00
2022/07/01,1447,70.30,70.63,70.29,70.60,44200,3114470.00
2022/07/01,1448,70.59,70.59,70.30,70.40,17100,1207037.00
2022/07/01,1449,70.36,70.40,69.96,70.16,46800,3285706.00
2022/07/01,1450,69.96,70.28,69.96,70.12,39500,2770824.00
2022/07/01,1451,70.12,70.13,69.55,69.65,105000,7323840.00
2022/07/01,1452,69.66,69.66,69.48,69.55,38200,2651023.00
2022/07/01,1453,69.55,69.62,69.52,69.60,19700,1376940.00
2022/07/01,1454,69.57,69.60,69.36,69.36,49900,3465338.00
2022/07/01,1455,69.38,69.51,69.12,69.51,90600,6277367.00
2022/07/01,1456,69.51,69.51,69.28,69.28,50600,3510792.00
2022/07/01,1457,69.26,69.40,69.20,69.38,104100,7211100.00
2022/07/01,1458,69.36,69.36,69.36,69.36,1200,83232.00
2022/07/01,1459,69.36,69.36,69.36,69.36,0,0.00
2022/07/01,1500,69.50,69.50,69.50,69.50,117400,8160342.00
2022/07/04,0931,69.03,69.03,66.66,66.89,596700,40930132.00
2022/07/04,0932,66.68,67.50,66.05,67.30,285700,19052818.00
2022/07/04,0933,67.01,67.01,65.13,65.60,186200,12285922.00
2022/07/04,0934,65.77,66.06,65.00,65.00,151200,9918155.00
2022/07/04,0935,64.64,66.36,64.51,65.81,150900,9861095.00
2022/07/04,0936,65.81,66.36,65.30,66.10,124400,8172331.00
2022/07/04,0937,66.08,66.08,65.68,66.07,94100,6200553.00
2022/07/04,0938,66.09,67.22,66.09,67.18,80900,5400877.00
2022/07/04,0939,66.99,67.64,66.70,67.20,63700,4276798.00
2022/07/04,0940,67.09,67.09,66.53,67.00,94800,6337821.00
2022/07/04,0941,66.86,67.02,66.00,66.38,102200,6788152.00
2022/07/04,0942,66.38,66.38,66.10,66.10,69500,4598176.00
2022/07/04,0943,66.00,66.39,66.00,66.00,103300,6826641.00
2022/07/04,0944,66.00,67.12,65.88,66.76,135400,8988077.00
2022/07/04,0945,66.69,67.40,66.37,67.24,32100,2150105.00
2022/07/04,0946,67.00,67.11,66.38,66.85,49200,3293433.00
2022/07/04,0947,66.85,69.00,66.85,68.88,90600,6182479.00
2022/07/04,0948,68.81,68.81,68.18,68.50,115600,7906589.00
2022/07/04,0949,68.49,68.49,67.68,68.28,84400,5755473.00
2022/07/04,0950,68.11,68.11,67.61,67.80,34400,2333123.00
2022/07/04,0951,67.78,69.30,67.78,68.94,119700,8245407.00
2022/07/04,0952,68.93,68.97,68.21,68.21,41800,2867246.00
2022/07/04,0953,68.21,68.73,68.20,68.50,48200,3298649.00
2022/07/04,0954,68.18,68.18,66.88,67.08,41400,2789257.00
2022/07/04,0955,67.04,67.59,67.04,67.17,17300,1162537.00
2022/07/04,0956,67.12,67.20,66.70,67.05,64900,4348956.00
2022/07/04,0957,67.10,67.27,66.75,66.95,54600,3659731.00
2022/07/04,0958,66.80,67.28,66.80,67.17,87100,5830551.00
2022/07/04,0959,66.98,67.04,66.46,66.98,139800,9304547.00
2022/07/04,1000,66.55,67.13,66.55,66.60,48400,3223043.00
2022/07/04,1001,66.61,66.89,66.61,66.65,15800,1056791.00
2022/07/04,1002,66.65,66.99,66.60,66.99,28300,1890808.00
2022/07/04,1003,67.08,67.08,66.80,67.00,39100,2610674.00
2022/07/04,1004,67.00,67.50,67.00,67.45,28600,1921946.00
2022/07/04,1005,67.10,67.40,67.10,67.40,27300,1834981.00
2022/07/04,1006,67.30,67.38,67.25,67.37,24800,1670438.00
2022/07/04,1007,67.33,67.55,67.26,67.26,19300,1303396.00
2022/07/04,1008,67.36,68.00,67.03,67.66,60700,4082769.00
2022/07/04,1009,67.33,67.88,67.33,67.34,13000,881665.00
2022/07/04,1010,67.35,68.22,67.35,68.22,21800,1478636.00
2022/07/04,1011,68.02,68.04,67.57,67.57,9100,612295.00
2022/07/04,1012,67.78,68.50,67.54,68.50,50300,3415661.00
2022/07/04,1013,68.31,68.31,68.19,68.19,14800,1010653.00
2022/07/04,1014,68.19,68.19,67.67,68.13,17000,1159591.00
2022/07/04,1015,67.65,68.00,67.65,67.65,10700,723718.00
2022/07/04,1016,67.65,67.93,67.65,67.87,14800,1008281.00
2022/07/04,1017,67.81,67.81,67.55,67.65,8100,548369.00
2022/07/04,1018,67.67,67.75,67.53,67.53,11300,759316.00
2022/07/04,1019,67.51,67.87,67.51,67.51,18500,1250447.00
2022/07/04,1020,67.53,67.87,67.53,67.85,33800,2296979.00
2022/07/04,1021,67.87,67.99,67.51,67.99,9800,666090.00
2022/07/04,1022,67.99,68.72,67.99,68.72,23000,1571073.00
2022/07/04,1023,68.72,68.72,68.51,68.66,10200,701970.00
2022/07/04,1024,68.66,69.23,68.66,69.00,50900,3503385.00
2022/07/04,1025,69.01,69.08,68.90,68.98,27300,1881288.00
2022/07/04,1026,68.90,69.26,68.83,69.26,41900,2887591.00
2022/07/04,1027,69.22,69.35,68.65,68.65,10100,703091.00
2022/07/04,1028,68.90,68.90,68.65,68.66,6200,422549.00
2022/07/04,1029,68.85,68.85,68.00,68.05,29400,2014190.00
2022/07/04,1030,68.05,68.44,68.00,68.44,9100,620156.00
2022/07/04,1031,68.43,68.44,68.28,68.44,34100,2333231.00
2022/07/04,1032,68.60,68.60,68.44,68.57,18500,1269405.00
2022/07/04,1033,68.76,69.40,68.70,69.40,29000,2001042.00
2022/07/04,1034,69.38,69.38,69.01,69.28,19700,1361348.00
2022/07/04,1035,69.30,70.07,69.28,70.07,90100,6280533.00
2022/07/04,1036,70.14,70.18,69.50,69.66,67500,4706536.00
2022/07/04,1037,69.50,69.50,68.77,69.00,60700,4191212.00
2022/07/04,1038,68.90,69.60,68.90,69.50,36700,2542894.00
2022/07/04,1039,69.60,69.60,69.18,69.55,17400,1207559.00
2022/07/04,1040,69.55,69.97,69.50,69.97,29700,2074040.00
2022/07/04,1041,70.00,70.30,70.00,70.17,66500,4664206.00
2022/07/04,1042,70.10,70.10,69.87,69.97,16800,1178570.00
2022/07/04,1043,70.08,70.50,70.08,70.50,45700,3213309.00
2022/07/04,1044,70.50,70.84,70.05,70.40,43800,3085111.00
2022/07/04,1045,70.20,70.20,70.01,70.20,18300,1282151.00
2022/07/04,1046,70.20,70.20,70.06,70.06,14200,991216.00
2022/07/04,1047,70.01,70.01,69.60,69.84,41700,2921457.00
2022/07/04,1048,69.83,69.83,69.56,69.56,14400,1004662.00
2022/07/04,1049,69.50,69.50,69.16,69.35,27200,1883287.00
2022/07/04,1050,69.32,69.35,68.88,68.89,24000,1662101.00
2022/07/04,1051,68.83,69.24,68.83,69.24,63400,4374625.00
2022/07/04,1052,69.20,69.23,69.10,69.11,9300,642680.00
2022/07/04,1053,69.23,69.23,69.11,69.20,13900,963966.00
2022/07/04,1054,69.20,69.35,69.20,69.21,9200,632248.00
2022/07/04,1055,69.22,69.50,69.21,69.50,6000,416033.00
2022/07/04,1056,69.50,69.50,69.30,69.35,2300,161100.00
2022/07/04,1057,69.35,69.69,69.35,69.69,10900,755853.00
2022/07/04,1058,69.70,69.90,69.66,69.90,12000,841881.00
2022/07/04,1059,69.90,70.30,69.90,70.30,17800,1249560.00
2022/07/04,1100,70.25,70.25,70.00,70.18,17000,1186419.00
2022/07/04,1101,70.18,70.18,70.09,70.09,2300,160433.00
2022/07/04,1102,70.09,70.09,69.80,70.00,32800,2291748.00
2022/07/04,1103,69.56,70.30,69.56,70.30,19000,1333584.00
2022/07/04,1104,70.22,70.22,70.08,70.09,5900,414657.00
2022/07/04,1105,70.10,70.10,69.81,69.82,11900,835583.00
2022/07/04,1106,69.81,69.81,69.81,69.81,3400,236656.00
2022/07/04,1107,69.81,69.81,69.63,69.66,13400,931468.00
2022/07/04,1108,69.66,69.66,69.42,69.42,6200,428760.00
2022/07/04,1109,69.42,69.65,69.42,69.51,3100,216724.00
2022/07/04,1110,69.65,69.86,69.63,69.66,7600,532304.00
2022/07/04,1111,69.85,69.85,69.65,69.66,6300,436503.00
2022/07/04,1112,69.84,69.84,69.65,69.65,3100,217489.00
2022/07/04,1113,69.65,69.66,69.65,69.66,2900,202691.00
2022/07/04,1114,69.66,69.66,69.50,69.50,2900,200751.00
2022/07/04,1115,69.43,69.44,69.43,69.44,4900,344212.00
2022/07/04,1116,69.44,69.84,69.44,69.60,11500,796246.00
2022/07/04,1117,69.46,69.47,69.46,69.47,1600,113226.00
2022/07/04,1118,69.48,69.66,69.48,69.54,6300,435987.00
2022/07/04,1119,69.54,69.54,69.45,69.45,10000,699543.00
2022/07/04,1120,69.46,69.65,69.45,69.65,10000,688673.00
2022/07/04,1121,69.47,69.65,69.47,69.65,3100,221059.00
2022/07/04,1122,69.65,69.80,69.64,69.64,6100,424459.00
2022/07/04,1123,69.70,69.79,69.70,69.70,6300,434995.00
2022/07/04,1124,69.70,69.70,69.51,69.60,4300,300909.00
2022/07/04,1125,69.60,69.67,69.51,69.67,7700,539582.00
2022/07/04,1126,69.65,69.65,69.51,69.51,5200,361496.00
2022/07/04,1127,69.52,69.65,69.52,69.65,7200,497576.00
2022/07/04,1128,69.63,69.88,69.63,69.88,8100,563562.00
2022/07/04,1129,70.03,71.29,70.00,71.23,126700,8963439.00
2022/07/04,1130,71.20,71.20,70.80,71.04,22900,1629169.00
2022/07/04,1301,71.00,71.00,70.49,70.50,48900,3456578.00
2022/07/04,1302,70.60,71.51,70.40,71.51,36800,2614050.00
2022/07/04,1303,71.53,72.40,71.50,72.12,76400,5500440.00
2022/07/04,1304,72.20,72.20,71.61,71.61,51300,3687688.00
2022/07/04,1305,71.60,71.62,71.32,71.62,19300,1380134.00
2022/07/04,1306,71.65,71.98,71.56,71.94,31200,2239160.00
2022/07/04,1307,71.76,71.76,71.28,71.28,16200,1158519.00
2022/07/04,1308,71.29,71.29,71.00,71.29,3600,251672.00
2022/07/04,1309,71.29,71.49,71.18,71.18,8100,580608.00
2022/07/04,1310,71.17,71.17,70.55,70.70,11600,819472.00
2022/07/04,1311,70.70,70.96,70.70,70.76,9200,650542.00
2022/07/04,1312,70.75,71.03,70.74,71.03,6500,465073.00
2022/07/04,1313,71.30,71.30,71.00,71.00,13000,920481.00
2022/07/04,1314,70.79,70.79,70.48,70.48,8100,578659.00
2022/07/04,1315,70.48,70.48,70.21,70.26,13700,958805.00
2022/07/04,1316,70.68,70.68,70.37,70.40,3600,254417.00
2022/07/04,1317,70.40,70.40,70.36,70.40,4100,287079.00
2022/07/04,1318,70.40,70.40,70.06,70.06,14000,984527.00
2022/07/04,1319,70.06,70.16,70.06,70.14,6400,448696.00
2022/07/04,1320,70.10,70.20,70.06,70.20,9100,642873.00
2022/07/04,1321,70.20,70.20,69.98,70.00,10600,741688.00
2022/07/04,1322,69.98,69.98,69.50,69.50,30700,2134829.00
2022/07/04,1323,69.51,70.21,69.51,70.21,16000,1117257.00
2022/07/04,1324,70.30,70.54,70.30,70.39,13800,972711.00
2022/07/04,1325,70.50,70.50,70.37,70.37,4000,281864.00
2022/07/04,1326,70.46,70.46,70.17,70.17,7600,533927.00
2022/07/04,1327,70.17,70.17,69.95,69.95,31200,2181367.00
2022/07/04,1328,69.80,69.80,69.53,69.67,32900,2297847.00
2022/07/04,1329,69.68,69.78,69.56,69.58,8900,617603.00
2022/07/04,1330,69.60,69.80,69.50,69.50,49700,3460447.00
2022/07/04,1331,69.50,69.99,69.50,69.99,10200,708500.00
2022/07/04,1332,69.99,69.99,69.60,69.80,8200,573238.00
2022/07/04,1333,69.60,69.60,69.59,69.59,7600,525023.00
2022/07/04,1334,69.62,69.62,69.59,69.62,3200,222741.00
2022/07/04,1335,69.62,69.62,69.03,69.03,56200,3908902.00
2022/07/04,1336,69.00,69.16,68.77,68.90,55000,3790871.00
2022/07/04,1337,68.80,68.91,68.69,68.75,42800,2946381.00
2022/07/04,1338,68.80,68.92,68.75,68.92,4300,293096.00
2022/07/04,1339,68.91,68.91,68.77,68.77,10700,738051.00
2022/07/04,1340,68.70,69.00,68.70,69.00,20000,1373234.00
2022/07/04,1341,69.00,69.00,68.99,68.99,2900,205355.00
2022/07/04,1342,68.84,68.84,68.66,68.80,37500,2571585.00
2022/07/04,1343,68.80,69.06,68.75,69.06,6000,414444.00
2022/07/04,1344,69.26,69.26,68.99,69.00,8300,571487.00
2022/07/04,1345,68.78,68.89,68.70,68.70,9700,668277.00
2022/07/04,1346,68.71,69.20,68.71,68.80,6400,445970.00
2022/07/04,1347,68.80,69.21,68.80,69.21,2500,172743.00
2022/07/04,1348,69.00,69.24,69.00,69.00,4900,338067.00
2022/07/04,1349,69.00,69.01,69.00,69.01,1500,100625.00
2022/07/04,1350,69.01,69.01,68.92,68.93,7300,502261.00
2022/07/04,1351,68.93,68.93,68.61,68.61,17100,1175270.00
2022/07/04,1352,68.61,68.61,68.39,68.39,8800,602568.00
2022/07/04,1353,68.39,68.42,68.39,68.42,7900,540607.00
2022/07/04,1354,68.41,68.46,68.38,68.38,10100,691379.00
2022/07/04,1355,68.38,68.46,68.25,68.25,25600,1748761.00
2022/07/04,1356,68.24,68.30,68.20,68.30,14500,992728.00
2022/07/04,1357,68.31,68.60,68.31,68.60,9300,636933.00
2022/07/04,1358,68.49,68.60,68.35,68.35,3300,222454.00
2022/07/04,1359,68.35,68.35,68.20,68.20,14600,996753.00
2022/07/04,1400,68.20,68.20,68.08,68.08,26700,1818420.00
2022/07/04,1401,68.08,68.35,68.08,68.35,12600,862816.00
2022/07/04,1402,68.25,68.30,68.23,68.23,9000,614830.00
2022/07/04,1403,68.23,68.23,68.14,68.14,13100,892040.00
2022/07/04,1404,68.14,68.30,68.14,68.30,7800,531241.00
2022/07/04,1405,68.20,68.50,68.20,68.50,11400,781075.00
2022/07/04,1406,68.51,68.77,68.51,68.74,9400,641777.00
2022/07/04,1407,68.77,68.81,68.68,68.68,3300,229895.00
2022/07/04,1408,68.74,69.21,68.68,69.21,23800,1641887.00
2022/07/04,1409,69.01,69.20,68.99,68.99,13300,921617.00
2022/07/04,1410,68.99,68.99,68.88,68.88,1400,95568.00
2022/07/04,1411,68.89,68.89,68.71,68.71,6500,446275.00
2022/07/04,1412,68.72,68.87,68.72,68.80,2500,172006.00
2022/07/04,1413,68.87,69.16,68.87,69.15,7600,524571.00
2022/07/04,1414,69.15,69.40,69.15,69.17,18400,1274973.00
2022/07/04,1415,69.17,69.17,68.60,68.60,23300,1600938.00
2022/07/04,1416,68.50,68.51,68.30,68.39,67000,4587341.00
2022/07/04,1417,68.40,68.48,68.40,68.48,3200,218052.00
2022/07/04,1418,68.40,68.41,68.30,68.30,12300,842107.00
2022/07/04,1419,68.30,68.30,68.10,68.11,24800,1685141.00
2022/07/04,1420,68.10,68.10,67.61,67.91,33400,2273011.00
2022/07/04,1421,67.70,67.70,67.10,67.10,57200,3852321.00
2022/07/04,1422,67.10,67.66,67.10,67.66,25200,1695189.00
2022/07/04,1423,67.66,67.68,67.50,67.52,28100,1897087.00
2022/07/04,1424,67.48,67.67,67.46,67.67,8700,588199.00
2022/07/04,1425,67.68,67.88,67.67,67.88,15600,1053866.00
2022/07/04,1426,67.84,68.20,67.84,68.20,10100,689647.00
2022/07/04,1427,68.30,68.50,68.30,68.50,19300,1321215.00
2022/07/04,1428,68.50,68.50,68.03,68.05,29400,2008728.00
2022/07/04,1429,68.05,68.10,68.00,68.00,21600,1467886.00
2022/07/04,1430,68.00,68.00,67.70,68.00,20500,1388552.00
2022/07/04,1431,67.78,68.00,67.78,67.90,6000,411344.00
2022/07/04,1432,67.99,68.23,67.99,68.23,15200,1032583.00
2022/07/04,1433,68.23,68.23,67.90,67.90,10100,687300.00
2022/07/04,1434,67.80,67.80,67.70,67.70,14200,961413.00
2022/07/04,1435,67.71,67.71,67.58,67.58,11100,753534.00
2022/07/04,1436,67.55,67.69,67.55,67.68,5700,382296.00
2022/07/04,1437,67.71,67.78,67.68,67.77,5200,354917.00
2022/07/04,1438,67.68,67.80,67.63,67.69,10000,677394.00
2022/07/04,1439,67.66,67.79,67.66,67.76,6500,436909.00
2022/07/04,1440,67.71,67.79,67.71,67.79,500,35231.00
2022/07/04,1441,67.80,67.96,67.70,67.71,8800,592908.00
2022/07/04,1442,67.71,67.71,67.56,67.56,29400,1992519.00
2022/07/04,1443,67.56,67.65,67.50,67.53,19300,1302902.00
2022/07/04,1444,67.55,68.00,67.55,68.00,26600,1805895.00
2022/07/04,1445,68.08,68.98,68.00,68.55,38600,2635937.00
2022/07/04,1446,68.55,68.62,68.18,68.35,10000,686475.00
2022/07/04,1447,68.35,68.36,68.19,68.36,12200,827723.00
2022/07/04,1448,68.30,68.30,68.10,68.15,16900,1153158.00
2022/07/04,1449,68.01,68.15,68.01,68.10,18300,1247275.00
2022/07/04,1450,68.11,68.20,68.11,68.20,19200,1308164.00
2022/07/04,1451,68.20,68.20,68.13,68.13,18200,1243035.00
2022/07/04,1452,68.13,68.25,68.07,68.23,25400,1728709.00
2022/07/04,1453,68.20,68.20,68.00,68.00,34500,2350624.00
2022/07/04,1454,68.00,68.00,67.65,67.65,18800,1273010.00
2022/07/04,1455,67.53,67.70,67.45,67.47,42700,2886975.00
2022/07/04,1456,67.47,67.52,67.41,67.52,55300,3728607.00
2022/07/04,1457,67.52,67.85,67.51,67.60,39900,2694074.00
2022/07/04,1458,67.90,67.90,67.90,67.90,2100,145873.00
2022/07/04,1459,67.90,67.90,67.90,67.90,0,0.00
2022/07/04,1500,67.52,67.52,67.52,67.52,83700,5652572.00
2022/07/05,0931,65.01,66.00,64.60,65.50,328400,21395528.00
2022/07/05,0932,65.34,65.40,65.00,65.00,95400,6213721.00
2022/07/05,0933,65.00,65.01,64.55,64.60,82300,5334352.00
2022/07/05,0934,64.60,66.10,64.20,65.99,121600,7890923.00
2022/07/05,0935,66.09,67.05,65.93,66.97,122400,8135871.00
2022/07/05,0936,66.70,66.70,66.12,66.32,60700,4036634.00
2022/07/05,0937,66.16,66.50,66.00,66.30,19700,1303028.00
2022/07/05,0938,66.30,66.30,65.90,65.91,27900,1846815.00
2022/07/05,0939,65.90,66.05,65.74,66.05,54800,3605275.00
2022/07/05,0940,66.30,66.50,65.99,65.99,61400,4065471.00
2022/07/05,0941,66.00,66.66,66.00,66.66,85300,5664700.00
2022/07/05,0942,66.80,67.50,66.30,66.88,84500,5651461.00
2022/07/05,0943,66.99,67.60,66.57,66.65,53400,3587694.00
2022/07/05,0944,66.66,67.35,66.66,67.19,35100,2362952.00
2022/07/05,0945,67.33,67.80,67.19,67.61,63000,4243119.00
2022/07/05,0946,67.81,67.85,67.30,67.85,101400,6863159.00
2022/07/05,0947,67.61,67.61,67.00,67.00,37800,2543801.00
2022/07/05,0948,66.92,67.49,66.86,67.44,16700,1114427.00
2022/07/05,0949,67.25,67.25,66.89,67.03,17400,1174110.00
2022/07/05,0950,67.00,67.00,66.22,66.79,76700,5095433.00
2022/07/05,0951,66.79,67.10,66.58,67.10,15500,1042436.00
2022/07/05,0952,66.33,66.78,66.05,66.05,69900,4641293.00
2022/07/05,0953,66.20,66.84,66.13,66.63,28300,1882717.00
2022/07/05,0954,66.67,66.85,66.38,66.38,20300,1349061.00
2022/07/05,0955,66.47,66.63,66.25,66.51,42600,2834420.00
2022/07/05,0956,66.51,66.62,66.31,66.41,8000,532530.00
2022/07/05,0957,66.41,66.41,66.25,66.32,23500,1557306.00
2022/07/05,0958,66.15,66.62,66.15,66.51,35400,2343853.00
2022/07/05,0959,66.66,67.20,66.66,67.20,32300,2159079.00
2022/07/05,1000,67.05,67.33,67.05,67.33,26300,1767135.00
2022/07/05,1001,67.33,67.57,67.33,67.57,9700,650189.00
2022/07/05,1002,67.59,67.85,67.58,67.70,39600,2682712.00
2022/07/05,1003,67.85,67.88,67.75,67.85,61900,4196864.00
2022/07/05,1004,67.80,68.11,67.70,68.11,62000,4206862.00
2022/07/05,1005,68.20,68.34,67.70,67.70,37800,2570096.00
2022/07/05,1006,67.71,68.05,67.71,68.00,11800,802777.00
2022/07/05,1007,68.11,68.24,68.11,68.20,54000,3680368.00
2022/07/05,1008,68.19,68.60,68.00,68.60,46000,3141692.00
2022/07/05,1009,68.65,68.97,68.00,68.03,29700,2040864.00
2022/07/05,1010,68.33,68.44,68.06,68.42,17000,1158625.00
2022/07/05,1011,68.34,68.50,68.20,68.20,27000,1846433.00
2022/07/05,1012,68.19,68.19,67.78,67.78,8200,551700.00
2022/07/05,1013,67.83,68.01,67.77,67.97,9800,667340.00
2022/07/05,1014,68.00,68.00,66.85,66.85,66500,4500248.00
2022/07/05,1015,67.00,67.70,67.00,67.52,44700,3003607.00
2022/07/05,1016,67.70,68.43,67.58,68.26,61300,4175164.00
2022/07/05,1017,68.25,68.40,68.18,68.40,18800,1283160.00
2022/07/05,1018,68.40,68.40,68.06,68.06,28000,1905935.00
2022/07/05,1019,68.17,68.17,67.80,67.99,15600,1064761.00
2022/07/05,1020,67.99,68.07,67.80,67.88,28900,1962457.00
2022/07/05,1021,67.88,68.24,67.88,68.24,11400,773286.00
2022/07/05,1022,68.23,68.24,68.05,68.24,7600,521518.00
2022/07/05,1023,68.09,68.19,67.77,67.80,14800,1003830.00
2022/07/05,1024,67.80,67.80,67.60,67.60,8800,594314.00
2022/07/05,1025,67.80,67.94,67.64,67.89,24400,1660263.00
2022/07/05,1026,67.89,67.89,67.67,67.88,8300,559449.00
2022/07/05,1027,67.89,67.94,67.69,67.69,4700,320562.00
2022/07/05,1028,67.68,67.68,67.28,67.30,35000,2364823.00
2022/07/05,1029,67.26,67.26,67.20,67.26,13200,882661.00
2022/07/05,1030,67.29,67.59,67.26,67.59,11600,783704.00
2022/07/05,1031,67.52,67.59,67.31,67.32,8900,602113.00
2022/07/05,1032,67.32,67.56,67.32,67.56,16300,1096810.00
2022/07/05,1033,67.31,67.33,67.22,67.33,22200,1496589.00
2022/07/05,1034,67.41,67.56,67.41,67.56,1500,97353.00
2022/07/05,1035,67.60,67.60,67.41,67.42,10400,702370.00
2022/07/05,1036,67.42,67.44,67.33,67.33,10700,723028.00
2022/07/05,1037,67.31,67.31,67.03,67.10,17300,1164853.00
2022/07/05,1038,67.29,67.30,67.19,67.30,6300,422266.00
2022/07/05,1039,67.30,67.63,67.30,67.63,19100,1286811.00
2022/07/05,1040,67.91,68.20,67.90,68.07,21800,1485014.00
2022/07/05,1041,68.19,68.50,68.19,68.50,30500,2085745.00
2022/07/05,1042,68.50,68.65,68.20,68.22,46400,3179807.00
2022/07/05,1043,68.40,68.56,68.19,68.19,18100,1235444.00
2022/07/05,1044,68.13,68.17,67.91,67.99,23800,1615125.00
2022/07/05,1045,67.70,67.76,67.70,67.76,900,61037.00
2022/07/05,1046,67.93,67.93,67.58,67.65,7500,511091.00
2022/07/05,1047,67.66,67.97,67.66,67.97,8100,547983.00
2022/07/05,1048,67.93,67.94,67.52,67.52,12300,839660.00
2022/07/05,1049,67.51,67.83,67.51,67.83,7200,485468.00
2022/07/05,1050,67.83,68.01,67.67,67.68,22100,1500271.00
2022/07/05,1051,67.54,68.49,67.54,68.49,14000,947445.00
2022/07/05,1052,68.50,68.50,68.29,68.29,15900,1087972.00
2022/07/05,1053,68.29,68.39,68.12,68.30,13300,914043.00
2022/07/05,1054,68.30,68.36,68.24,68.36,3200,211840.00
2022/07/05,1055,68.29,68.29,68.10,68.10,4500,313170.00
2022/07/05,1056,68.00,68.03,67.89,67.90,3700,247426.00
2022/07/05,1057,67.89,68.04,67.89,68.04,7600,519275.00
2022/07/05,1058,67.90,67.90,67.66,67.66,6500,439556.00
2022/07/05,1059,67.67,67.67,67.56,67.61,10300,698485.00
2022/07/05,1100,67.56,67.56,67.33,67.51,7600,513101.00
2022/07/05,1101,67.50,67.51,67.05,67.05,18000,1210010.00
2022/07/05,1102,67.04,67.24,66.90,67.11,49600,3322782.00
2022/07/05,1103,67.24,67.25,67.00,67.24,25100,1688674.00
2022/07/05,1104,67.30,67.65,67.30,67.60,16900,1134317.00
2022/07/05,1105,67.70,68.01,67.40,67.61,22500,1526626.00
2022/07/05,1106,67.61,68.00,67.61,67.75,12000,812708.00
2022/07/05,1107,67.56,67.57,67.45,67.45,7500,507913.00
2022/07/05,1108,67.31,67.41,67.31,67.41,400,26944.00
2022/07/05,1109,67.49,67.49,67.00,67.00,23800,1598399.00
2022/07/05,1110,67.00,67.18,67.00,67.18,19400,1303808.00
2022/07/05,1111,67.22,67.22,67.22,67.22,2400,161324.00
2022/07/05,1112,67.23,67.35,67.23,67.25,2600,171026.00
2022/07/05,1113,67.30,67.30,67.18,67.23,10700,723048.00
2022/07/05,1114,67.06,67.29,67.06,67.16,3400,225902.00
2022/07/05,1115,67.11,67.11,66.88,66.88,19300,1296076.00
2022/07/05,1116,66.89,67.11,66.40,67.11,71400,4753205.00
2022/07/05,1117,67.16,67.27,66.78,67.27,33800,2270659.00
2022/07/05,1118,67.23,67.23,66.99,66.99,8200,548653.00
2022/07/05,1119,66.99,67.03,66.91,66.91,7500,504427.00
2022/07/05,1120,66.90,66.90,66.73,66.73,5700,377981.00
2022/07/05,1121,66.84,66.84,66.08,66.16,27400,1820788.00
2022/07/05,1122,66.15,66.61,66.15,66.61,35200,2329306.00
2022/07/05,1123,66.50,66.50,66.20,66.30,9900,660488.00
2022/07/05,1124,66.39,66.54,66.30,66.38,11000,726731.00
2022/07/05,1125,66.39,66.39,66.33,66.33,5500,367054.00
2022/07/05,1126,66.32,66.32,66.26,66.32,5400,358415.00
2022/07/05,1127,66.32,66.32,66.28,66.28,11500,758937.00
2022/07/05,1128,66.29,66.32,66.27,66.32,3600,241239.00
2022/07/05,1129,66.32,66.32,66.27,66.32,21800,1446651.00
2022/07/05,1130,66.33,66.50,66.33,66.50,3500,233716.00
2022/07/05,1301,66.55,66.73,66.55,66.60,9800,647391.00
2022/07/05,1302,66.56,66.60,66.51,66.51,6500,435392.00
2022/07/05,1303,66.56,66.89,66.56,66.89,11300,755239.00
2022/07/05,1304,66.60,66.80,66.60,66.69,3700,244725.00
2022/07/05,1305,66.60,66.60,66.42,66.54,7800,520297.00
2022/07/05,1306,66.42,66.42,66.41,66.41,3800,249600.00
2022/07/05,1307,66.43,66.58,66.43,66.48,2200,147463.00
2022/07/05,1308,66.48,66.59,66.48,66.49,3000,203009.00
2022/07/05,1309,66.54,66.79,66.54,66.79,4300,281426.00
2022/07/05,1310,66.87,67.33,66.87,67.33,8500,568628.00
2022/07/05,1311,67.33,67.40,67.05,67.05,23400,1575560.00
2022/07/05,1312,67.23,67.23,67.00,67.15,11400,764370.00
2022/07/05,1313,67.15,67.55,67.15,67.55,11300,761589.00
2022/07/05,1314,67.54,67.54,67.31,67.40,7000,477251.00
2022/07/05,1315,67.27,67.27,67.00,67.00,8700,582807.00
2022/07/05,1316,66.98,67.00,66.60,66.80,7800,519722.00
2022/07/05,1317,66.61,66.80,66.61,66.80,1400,91285.00
2022/07/05,1318,67.00,67.26,67.00,67.26,11700,788293.00
2022/07/05,1319,67.26,67.38,67.26,67.38,3700,247959.00
2022/07/05,1320,67.42,67.99,67.42,67.59,33900,2297861.00
2022/07/05,1321,67.59,67.88,67.55,67.88,16200,1098741.00
2022/07/05,1322,67.72,67.88,67.45,67.49,9400,636705.00
2022/07/05,1323,67.60,67.71,67.47,67.71,14800,998749.00
2022/07/05,1324,67.88,68.06,67.62,68.06,30300,2061226.00
2022/07/05,1325,68.00,68.00,67.63,67.80,21300,1443657.00
2022/07/05,1326,67.87,67.90,67.80,67.90,7700,521375.00
2022/07/05,1327,67.80,67.80,67.63,67.63,5900,398905.00
2022/07/05,1328,67.60,67.66,67.50,67.53,14300,966732.00
2022/07/05,1329,67.53,67.53,67.18,67.18,9900,670995.00
2022/07/05,1330,67.18,67.38,67.18,67.38,6400,425431.00
2022/07/05,1331,67.38,67.60,67.38,67.60,4200,285176.00
2022/07/05,1332,67.60,67.66,67.52,67.52,4300,288258.00
2022/07/05,1333,67.79,67.81,67.78,67.81,2100,146907.00
2022/07/05,1334,67.79,67.79,67.39,67.39,9400,634949.00
2022/07/05,1335,67.11,67.36,66.78,66.78,17800,1194569.00
2022/07/05,1336,67.35,67.35,66.94,67.01,9500,633942.00
2022/07/05,1337,67.00,67.01,66.50,66.69,22500,1499403.00
2022/07/05,1338,66.69,66.87,66.50,66.87,8200,550922.00
2022/07/05,1339,66.65,66.79,66.59,66.79,18500,1230691.00
2022/07/05,1340,66.81,66.87,66.61,66.87,12600,843738.00
2022/07/05,1341,66.86,67.25,66.86,67.25,10500,701133.00
2022/07/05,1342,67.24,67.24,66.73,66.87,8800,586885.00
2022/07/05,1343,67.00,67.20,67.00,67.16,8400,567009.00
2022/07/05,1344,67.00,67.00,66.76,66.76,14400,966575.00
2022/07/05,1345,66.84,66.94,66.84,66.84,2100,134244.00
2022/07/05,1346,66.92,66.93,66.90,66.90,3200,216962.00
2022/07/05,1347,66.85,67.00,66.85,67.00,7400,492395.00
2022/07/05,1348,67.00,67.14,67.00,67.14,4600,311096.00
2022/07/05,1349,67.14,67.15,67.05,67.05,1900,128761.00
2022/07/05,1350,67.05,67.05,66.92,66.92,3700,249678.00
2022/07/05,1351,66.92,66.92,66.81,66.81,11200,749627.00
2022/07/05,1352,66.80,66.80,66.48,66.50,17000,1130107.00
2022/07/05,1353,66.47,66.76,66.40,66.76,11400,759195.00
2022/07/05,1354,66.80,66.80,66.66,66.66,7300,482828.00
2022/07/05,1355,66.66,66.66,66.49,66.61,4500,302687.00
2022/07/05,1356,66.66,66.66,66.50,66.50,8500,566588.00
2022/07/05,1357,66.38,66.71,66.38,66.66,8500,567738.00
2022/07/05,1358,66.66,66.71,66.50,66.71,7300,484339.00
2022/07/05,1359,66.50,66.70,66.30,66.30,28700,1906892.00
2022/07/05,1400,66.10,66.34,66.00,66.34,40300,2665232.00
2022/07/05,1401,66.01,66.29,66.01,66.04,24100,1591988.00
2022/07/05,1402,66.04,66.04,65.83,65.85,35100,2313747.00
2022/07/05,1403,65.99,65.99,65.83,65.85,15800,1043723.00
2022/07/05,1404,65.85,66.09,65.83,65.83,14800,975916.00
2022/07/05,1405,66.00,66.00,65.90,66.00,2700,177750.00
2022/07/05,1406,66.00,66.00,65.84,65.84,14600,961116.00
2022/07/05,1407,65.83,65.83,65.70,65.70,32100,2112279.00
2022/07/05,1408,65.65,65.70,65.27,65.27,44700,2923483.00
2022/07/05,1409,65.50,66.07,65.50,65.65,17300,1139972.00
2022/07/05,1410,65.65,65.84,65.65,65.67,8800,576646.00
2022/07/05,1411,65.75,65.82,65.69,65.81,6300,412755.00
2022/07/05,1412,65.82,66.01,65.66,66.01,14400,950863.00
2022/07/05,1413,65.74,65.94,65.63,65.63,9600,631357.00
2022/07/05,1414,65.63,65.63,65.52,65.53,10400,677234.00
2022/07/05,1415,65.53,65.79,65.53,65.79,10000,662132.00
2022/07/05,1416,65.79,65.95,65.79,65.79,3500,224359.00
2022/07/05,1417,65.80,65.80,65.79,65.79,3800,251344.00
2022/07/05,1418,65.72,65.72,65.50,65.50,28800,1891608.00
2022/07/05,1419,65.40,65.40,65.20,65.23,21100,1377019.00
2022/07/05,1420,65.21,65.23,65.20,65.23,30900,2014262.00
2022/07/05,1421,65.23,65.32,65.22,65.22,26800,1749079.00
2022/07/05,1422,65.20,65.20,64.50,65.00,80500,5226747.00
2022/07/05,1423,65.05,65.14,64.89,65.00,33200,2158576.00
2022/07/05,1424,64.99,65.23,64.91,65.00,26600,1732037.00
2022/07/05,1425,65.00,65.02,64.96,64.96,9600,624317.00
2022/07/05,1426,64.92,65.00,64.89,64.89,17400,1131638.00
2022/07/05,1427,64.90,65.00,64.90,65.00,19900,1290329.00
2022/07/05,1428,65.00,65.23,65.00,65.23,6300,412052.00
2022/07/05,1429,65.28,65.43,65.22,65.35,7500,488446.00
2022/07/05,1430,65.44,65.44,65.14,65.14,18500,1209588.00
2022/07/05,1431,65.14,65.27,65.05,65.22,37400,2437901.00
2022/07/05,1432,65.29,65.29,65.14,65.14,19000,1237187.00
2022/07/05,1433,65.14,65.30,65.14,65.30,15000,979300.00
2022/07/05,1434,65.30,65.40,65.30,65.30,3800,246149.00
2022/07/05,1435,65.30,65.30,65.14,65.14,10500,683794.00
2022/07/05,1436,65.19,65.26,65.19,65.26,4400,291894.00
2022/07/05,1437,65.20,65.20,65.17,65.20,3100,198182.00
2022/07/05,1438,65.20,65.20,65.15,65.20,23100,1510188.00
2022/07/05,1439,65.19,65.19,65.10,65.13,7500,484636.00
2022/07/05,1440,65.11,65.14,64.80,64.80,20900,1363395.00
2022/07/05,1441,64.95,65.05,64.90,65.05,13000,844765.00
2022/07/05,1442,65.10,65.26,65.10,65.13,12700,823242.00
2022/07/05,1443,65.20,65.28,65.13,65.13,10900,708419.00
2022/07/05,1444,65.20,65.20,65.20,65.20,3500,233012.00
2022/07/05,1445,65.17,65.21,65.10,65.21,11600,756028.00
2022/07/05,1446,65.25,65.36,65.25,65.36,10800,700152.00
2022/07/05,1447,65.36,65.51,65.36,65.51,8700,573929.00
2022/07/05,1448,65.51,65.90,65.51,65.89,7100,465385.00
2022/07/05,1449,65.89,65.89,65.62,65.68,12000,786640.00
2022/07/05,1450,65.68,65.70,65.68,65.68,7900,519429.00
2022/07/05,1451,65.70,66.00,65.69,65.99,27400,1804306.00
2022/07/05,1452,65.99,65.99,65.80,65.84,18300,1204500.00
2022/07/05,1453,65.84,65.95,65.84,65.88,18300,1206166.00
2022/07/05,1454,65.90,66.12,65.88,66.12,43100,2847840.00
2022/07/05,1455,66.00,66.00,65.74,65.74,35700,2354570.00
2022/07/05,1456,65.74,66.00,65.60,65.99,43600,2871193.00
2022/07/05,1457,65.99,66.20,65.86,65.86,69500,4582069.00
2022/07/05,1458,65.84,65.84,65.84,65.84,1900,130890.00
2022/07/05,1459,65.84,65.84,65.84,65.84,0,0.00
2022/07/05,1500,65.55,65.55,65.55,65.55,84000,5504823.00
2022/07/06,0931,65.50,66.53,65.50,66.40,96900,6402251.00
2022/07/06,0932,66.40,66.47,66.20,66.30,65700,4364046.00
2022/07/06,0933,66.37,67.08,66.37,66.99,107000,7139232.00
2022/07/06,0934,66.99,67.17,66.78,67.17,91300,6116000.00
2022/07/06,0935,67.10,67.10,66.49,66.62,28500,1912027.00
2022/07/06,0936,66.62,66.62,65.81,65.81,41200,2719170.00
2022/07/06,0937,65.82,66.07,65.52,65.80,44200,2909033.00
2022/07/06,0938,66.10,66.51,65.82,66.16,25800,1705517.00
2022/07/06,0939,66.10,66.16,65.87,66.16,9900,659294.00
2022/07/06,0940,66.05,66.29,65.97,66.29,13900,917941.00
2022/07/06,0941,66.22,66.30,65.92,65.92,40700,2690824.00
2022/07/06,0942,65.92,66.48,65.84,66.48,41400,2736189.00
2022/07/06,0943,66.51,66.65,66.00,66.03,26800,1769127.00
2022/07/06,0944,66.03,66.04,65.66,65.72,30100,1985382.00
2022/07/06,0945,65.60,65.60,65.06,65.50,31600,2061030.00
2022/07/06,0946,65.50,65.69,65.50,65.50,18200,1192714.00
2022/07/06,0947,65.50,65.68,65.40,65.68,12600,824335.00
2022/07/06,0948,65.41,65.48,65.20,65.20,36600,2392629.00
2022/07/06,0949,65.16,65.20,65.00,65.02,28500,1857325.00
2022/07/06,0950,65.00,65.00,64.58,64.69,68400,4428170.00
2022/07/06,0951,64.79,65.48,64.79,65.21,18400,1205187.00
2022/07/06,0952,65.47,65.59,65.27,65.51,32500,2122262.00
2022/07/06,0953,65.56,65.72,65.45,65.72,17300,1134240.00
2022/07/06,0954,65.73,66.19,65.61,65.96,35700,2355446.00
2022/07/06,0955,65.90,65.93,65.60,65.80,10900,714697.00
2022/07/06,0956,65.61,65.61,65.55,65.55,10500,690976.00
2022/07/06,0957,65.55,66.00,65.53,66.00,21900,1443120.00
2022/07/06,0958,66.10,66.15,66.00,66.00,36500,2410706.00
2022/07/06,0959,66.00,66.00,65.61,65.71,12400,816180.00
2022/07/06,1000,65.95,65.95,65.80,65.81,3900,256413.00
2022/07/06,1001,65.96,65.96,65.24,65.24,46000,3019392.00
2022/07/06,1002,65.24,65.46,65.00,65.00,30200,1965144.00
2022/07/06,1003,65.03,65.47,65.03,65.32,32900,2146639.00
2022/07/06,1004,65.44,65.44,65.05,65.30,15500,1012325.00
2022/07/06,1005,65.03,65.03,64.35,64.50,117000,7567788.00
2022/07/06,1006,64.50,64.65,64.40,64.50,43600,2814495.00
2022/07/06,1007,64.48,64.51,63.80,64.03,77600,4967422.00
2022/07/06,1008,63.90,64.20,63.79,64.00,76000,4856947.00
2022/07/06,1009,63.79,63.79,63.58,63.71,46200,2940314.00
2022/07/06,1010,63.71,64.00,63.71,64.00,31700,2027045.00
2022/07/06,1011,64.01,64.17,63.58,63.58,87700,5596067.00
2022/07/06,1012,63.75,63.75,63.41,63.50,115700,7353174.00
2022/07/06,1013,63.50,63.75,63.24,63.53,82600,5235457.00
2022/07/06,1014,63.46,63.58,63.23,63.30,30000,1906169.00
2022/07/06,1015,63.20,63.51,62.98,63.51,90000,5675216.00
2022/07/06,1016,63.51,64.01,63.51,64.00,39200,2498929.00
2022/07/06,1017,64.01,64.14,63.89,64.14,20000,1285502.00
2022/07/06,1018,64.10,64.12,63.77,63.77,16900,1077404.00
2022/07/06,1019,63.78,64.18,63.78,64.04,20600,1323541.00
2022/07/06,1020,64.04,64.04,63.94,64.03,8900,567898.00
2022/07/06,1021,64.00,64.17,64.00,64.15,13700,879106.00
2022/07/06,1022,64.15,64.27,64.00,64.27,13000,835103.00
2022/07/06,1023,64.27,64.40,64.27,64.35,11100,713914.00
2022/07/06,1024,64.30,64.35,64.15,64.28,7500,477320.00
2022/07/06,1025,64.16,64.16,63.90,63.96,14700,944065.00
2022/07/06,1026,63.93,64.10,63.30,63.37,22300,1421724.00
2022/07/06,1027,63.43,63.46,63.22,63.22,17200,1089194.00
2022/07/06,1028,63.60,63.62,63.00,63.00,44900,2841562.00
2022/07/06,1029,63.00,63.00,62.58,62.62,52500,3287931.00
2022/07/06,1030,62.62,63.00,62.62,62.89,17100,1081986.00
2022/07/06,1031,63.00,63.22,62.93,63.00,46900,2955704.00
2022/07/06,1032,63.01,63.17,62.90,62.91,28100,1768554.00
2022/07/06,1033,62.87,63.19,62.86,62.91,49800,3133667.00
2022/07/06,1034,62.91,63.01,62.91,63.01,15500,971745.00
2022/07/06,1035,63.01,63.01,62.26,62.38,40000,2506316.00
2022/07/06,1036,62.33,62.48,62.00,62.30,48000,2986503.00
2022/07/06,1037,62.30,62.50,62.30,62.50,36900,2302852.00
2022/07/06,1038,62.69,62.70,62.52,62.70,20800,1305495.00
2022/07/06,1039,62.78,63.01,62.70,62.72,7200,452878.00
2022/07/06,1040,62.70,62.75,62.56,62.56,38000,2378459.00
2022/07/06,1041,62.56,62.60,62.28,62.48,24400,1529780.00
2022/07/06,1042,62.31,62.50,62.30,62.40,18400,1146982.00
2022/07/06,1043,62.30,62.38,62.00,62.30,55600,3450118.00
2022/07/06,1044,62.10,62.30,62.10,62.18,9000,564986.00
2022/07/06,1045,62.20,62.41,62.20,62.30,13100,815173.00
2022/07/06,1046,62.30,62.61,62.30,62.61,21000,1312973.00
2022/07/06,1047,62.50,63.00,62.50,63.00,11300,705971.00
2022/07/06,1048,63.54,63.54,62.70,62.75,5500,343936.00
2022/07/06,1049,62.63,62.63,62.45,62.60,13500,847285.00
2022/07/06,1050,62.63,62.75,62.60,62.60,10400,649666.00
2022/07/06,1051,62.50,62.60,62.44,62.60,6300,392828.00
2022/07/06,1052,62.60,62.60,62.50,62.58,7100,443329.00
2022/07/06,1053,62.75,63.00,62.75,63.00,2000,128981.00
2022/07/06,1054,63.10,63.10,62.88,63.06,4100,259855.00
2022/07/06,1055,62.87,62.87,62.58,62.58,15300,958119.00
2022/07/06,1056,62.60,62.76,62.60,62.76,5500,345738.00
2022/07/06,1057,62.94,63.00,62.71,62.93,9600,603052.00
2022/07/06,1058,63.00,63.08,62.94,63.00,13400,844736.00
2022/07/06,1059,63.00,63.00,62.80,62.81,8200,513862.00
2022/07/06,1100,63.00,63.54,63.00,63.53,6400,407648.00
2022/07/06,1101,63.41,63.58,63.40,63.50,11900,755411.00
2022/07/06,1102,63.40,63.70,63.40,63.70,14600,927977.00
2022/07/06,1103,63.80,64.01,63.80,64.01,33800,2161834.00
2022/07/06,1104,63.75,64.01,63.75,63.80,12200,778239.00
2022/07/06,1105,63.74,63.80,63.70,63.70,23500,1493891.00
2022/07/06,1106,63.70,63.89,63.63,63.89,7200,464516.00
2022/07/06,1107,63.90,64.01,63.90,64.01,10700,679965.00
2022/07/06,1108,64.08,64.30,64.08,64.17,20300,1304068.00
2022/07/06,1109,64.17,64.30,64.05,64.05,17600,1133857.00
2022/07/06,1110,64.00,64.01,63.89,64.01,6500,415974.00
2022/07/06,1111,64.17,64.17,63.73,63.85,7000,446893.00
2022/07/06,1112,63.86,64.14,63.86,64.00,12800,820583.00
2022/07/06,1113,63.91,64.17,63.91,64.16,3600,230944.00
2022/07/06,1114,64.14,64.15,63.94,63.94,1500,91410.00
2022/07/06,1115,63.94,63.94,63.86,63.86,1600,103033.00
2022/07/06,1116,63.64,63.70,63.64,63.65,6800,433920.00
2022/07/06,1117,63.54,63.63,63.54,63.56,3000,189418.00
2022/07/06,1118,63.56,63.56,63.56,63.56,0,0.00
2022/07/06,1119,63.60,63.60,63.60,63.60,6600,420141.00
2022/07/06,1120,63.97,63.97,63.55,63.58,9800,626537.00
2022/07/06,1121,63.65,63.70,63.65,63.70,1300,79730.00
2022/07/06,1122,63.93,63.93,63.93,63.93,1200,76716.00
2022/07/06,1123,63.93,63.93,63.72,63.72,4400,283153.00
2022/07/06,1124,63.65,63.65,63.58,63.58,2100,130273.00
2022/07/06,1125,63.58,63.58,63.54,63.54,1400,89437.00
2022/07/06,1126,63.51,63.51,63.00,63.01,10600,672925.00
2022/07/06,1127,62.85,63.18,62.85,63.17,7200,454145.00
2022/07/06,1128,63.00,63.00,62.86,62.95,5900,368347.00
2022/07/06,1129,62.95,62.96,62.90,62.90,2500,159496.00
2022/07/06,1130,63.33,63.33,63.00,63.06,11500,726124.00
2022/07/06,1301,63.32,63.33,63.00,63.00,46600,2936545.00
2022/07/06,1302,62.98,63.01,62.98,63.01,3900,245505.00
2022/07/06,1303,63.01,63.01,62.98,63.01,13600,860199.00
2022/07/06,1304,63.01,63.01,63.00,63.00,15500,973723.00
2022/07/06,1305,63.01,63.01,63.01,63.01,500,31505.00
2022/07/06,1306,62.98,62.98,62.75,62.78,15600,984003.00
2022/07/06,1307,62.78,62.78,62.75,62.78,4400,274638.00
2022/07/06,1308,62.82,62.90,62.82,62.88,1200,73506.00
2022/07/06,1309,62.90,63.05,62.90,63.05,1900,121918.00
2022/07/06,1310,63.01,63.02,63.01,63.02,700,44112.00
2022/07/06,1311,63.18,63.18,63.18,63.18,300,14026.00
2022/07/06,1312,63.20,63.50,63.20,63.50,5900,375498.00
2022/07/06,1313,63.50,63.50,63.28,63.28,800,50690.00
2022/07/06,1314,63.30,63.50,63.11,63.13,8700,554867.00
2022/07/06,1315,63.28,63.30,63.23,63.23,2000,123876.00
2022/07/06,1316,63.30,63.30,63.30,63.30,3500,220902.00
2022/07/06,1317,63.43,63.43,63.30,63.30,4600,291238.00
2022/07/06,1318,63.48,63.48,63.47,63.47,2500,158378.00
2022/07/06,1319,63.30,63.30,63.15,63.15,8500,539788.00
2022/07/06,1320,63.14,63.14,63.06,63.06,700,41651.00
2022/07/06,1321,63.06,63.20,63.06,63.20,2000,126148.00
2022/07/06,1322,63.05,63.05,63.00,63.00,2100,133406.00
2022/07/06,1323,63.00,63.00,62.91,62.91,4300,275296.00
2022/07/06,1324,62.91,62.91,62.84,62.90,2300,144667.00
2022/07/06,1325,62.90,63.05,62.90,63.05,1300,78341.00
2022/07/06,1326,62.91,62.99,62.91,62.99,1800,113302.00
2022/07/06,1327,63.05,63.15,62.99,62.99,4400,276825.00
2022/07/06,1328,62.99,62.99,62.99,62.99,700,47620.00
2022/07/06,1329,63.05,63.05,62.99,62.99,3100,191025.00
2022/07/06,1330,62.92,63.04,62.92,62.92,5200,332259.00
2022/07/06,1331,62.92,62.92,62.90,62.90,6800,427768.00
2022/07/06,1332,62.84,62.84,62.66,62.66,5900,368357.00
2022/07/06,1333,62.80,62.80,62.67,62.67,10900,680870.00
2022/07/06,1334,62.75,62.79,62.66,62.79,8300,525885.00
2022/07/06,1335,62.80,62.83,62.80,62.80,3600,225087.00
2022/07/06,1336,62.80,62.80,62.80,62.80,4100,253836.00
2022/07/06,1337,62.69,62.80,62.68,62.70,3000,191543.00
2022/07/06,1338,62.88,62.88,62.70,62.88,2100,130179.00
2022/07/06,1339,62.91,63.04,62.71,62.93,3900,245023.00
2022/07/06,1340,63.08,63.10,63.08,63.10,900,60128.00
2022/07/06,1341,63.15,63.15,63.05,63.14,5200,326558.00
2022/07/06,1342,62.94,62.97,62.93,62.96,16800,1059690.00
2022/07/06,1343,62.95,62.95,62.71,62.71,5600,351310.00
2022/07/06,1344,62.75,62.75,62.52,62.52,13700,859829.00
2022/07/06,1345,62.56,62.82,62.52,62.82,12600,788524.00
2022/07/06,1346,62.82,63.01,62.82,63.01,12100,762762.00
2022/07/06,1347,63.10,63.10,63.01,63.01,900,52326.00
2022/07/06,1348,63.01,63.01,62.70,62.70,9800,619585.00
2022/07/06,1349,63.01,63.02,63.01,63.01,12000,756140.00
2022/07/06,1350,63.00,63.00,62.98,62.98,400,25196.00
2022/07/06,1351,62.98,62.98,62.70,62.71,6100,381875.00
2022/07/06,1352,62.90,62.90,62.52,62.52,8900,555778.00
2022/07/06,1353,62.52,62.53,62.50,62.53,6300,393026.00
2022/07/06,1354,62.68,62.68,62.50,62.60,9700,609135.00
2022/07/06,1355,62.51,62.59,62.51,62.59,4100,255471.00
2022/07/06,1356,62.51,62.52,62.49,62.50,25000,1561848.00
2022/07/06,1357,62.50,62.50,62.30,62.30,9300,579059.00
2022/07/06,1358,62.30,62.47,62.23,62.23,10200,639687.00
2022/07/06,1359,62.25,62.25,62.20,62.20,17300,1076085.00
2022/07/06,1400,62.23,62.40,62.23,62.29,3800,233847.00
2022/07/06,1401,62.29,62.29,62.23,62.24,20400,1269125.00
2022/07/06,1402,62.24,62.24,62.20,62.20,5100,321723.00
2022/07/06,1403,62.18,62.18,61.57,61.66,51000,3157007.00
2022/07/06,1404,61.70,62.00,61.68,62.00,18600,1147583.00
2022/07/06,1405,62.00,62.00,61.73,61.73,8900,553117.00
2022/07/06,1406,61.71,61.72,61.00,61.17,109300,6696991.00
2022/07/06,1407,61.17,61.49,61.17,61.49,20600,1266347.00
2022/07/06,1408,61.49,61.49,60.60,60.88,48500,2958191.00
2022/07/06,1409,60.77,61.00,60.77,61.00,39200,2392093.00
2022/07/06,1410,61.00,61.00,60.80,60.88,27800,1692864.00
2022/07/06,1411,61.00,61.00,60.69,60.70,59700,3630547.00
2022/07/06,1412,60.69,60.94,60.65,60.94,18800,1143730.00
2022/07/06,1413,60.94,61.00,60.94,61.00,31200,1902791.00
2022/07/06,1414,61.00,61.11,60.86,61.00,57600,3512224.00
2022/07/06,1415,60.99,61.00,60.88,61.00,7300,445598.00
2022/07/06,1416,61.00,61.00,60.90,60.99,6000,367152.00
2022/07/06,1417,60.92,61.00,60.90,61.00,8900,541313.00
2022/07/06,1418,61.00,61.00,60.93,60.99,3100,191887.00
2022/07/06,1419,61.00,61.00,60.90,60.90,21500,1305890.00
2022/07/06,1420,60.90,60.99,60.89,60.90,16100,986470.00
2022/07/06,1421,60.90,60.99,60.90,60.99,7400,449991.00
2022/07/06,1422,61.00,61.09,60.98,60.98,29600,1801928.00
2022/07/06,1423,60.94,60.94,60.80,60.94,28900,1761126.00
2022/07/06,1424,60.97,60.97,60.90,60.90,10100,615303.00
2022/07/06,1425,60.91,61.00,60.86,60.98,16000,978785.00
2022/07/06,1426,61.00,61.00,60.78,60.78,22700,1376112.00
2022/07/06,1427,60.70,60.78,60.65,60.78,18800,1146226.00
2022/07/06,1428,60.78,60.78,60.50,60.50,30900,1870053.00
2022/07/06,1429,60.50,60.77,60.40,60.51,15000,905156.00
2022/07/06,1430,60.51,60.51,60.50,60.51,15000,908043.00
2022/07/06,1431,60.52,60.90,60.52,60.90,16400,1001495.00
2022/07/06,1432,60.97,60.97,60.86,60.86,6300,381945.00
2022/07/06,1433,60.86,60.86,60.82,60.84,5000,301198.00
2022/07/06,1434,60.86,60.97,60.86,60.97,5800,355760.00
2022/07/06,1435,61.02,61.24,61.02,61.20,13400,820535.00
2022/07/06,1436,61.16,61.30,61.12,61.30,9000,549378.00
2022/07/06,1437,61.30,61.50,61.30,61.50,5700,351146.00
2022/07/06,1438,61.40,61.48,61.40,61.48,15200,931867.00
2022/07/06,1439,61.49,61.50,61.48,61.50,12000,737051.00
2022/07/06,1440,61.53,61.53,61.50,61.53,6600,405862.00
2022/07/06,1441,61.52,61.53,61.50,61.51,9100,563828.00
2022/07/06,1442,61.51,61.51,61.48,61.48,5300,324289.00
2022/07/06,1443,61.48,61.48,61.13,61.13,47000,2876951.00
2022/07/06,1444,61.16,61.40,61.16,61.16,6000,363242.00
2022/07/06,1445,61.16,61.51,61.16,61.50,8700,536458.00
2022/07/06,1446,61.50,61.51,61.40,61.40,10800,663030.00
2022/07/06,1447,61.40,61.40,61.39,61.39,5400,330318.00
2022/07/06,1448,61.38,61.38,61.20,61.20,32600,1999684.00
2022/07/06,1449,61.20,61.20,61.13,61.13,11600,712088.00
2022/07/06,1450,61.13,61.28,61.13,61.28,5500,336290.00
2022/07/06,1451,61.28,61.37,61.20,61.20,14400,878259.00
2022/07/06,1452,61.14,61.21,61.14,61.15,10400,640091.00
2022/07/06,1453,61.20,61.20,61.00,61.00,58000,3545835.00
2022/07/06,1454,61.00,61.00,60.50,60.50,25800,1564792.00
2022/07/06,1455,60.68,60.80,60.68,60.72,24600,1496868.00
2022/07/06,1456,60.72,60.81,60.50,60.50,42900,2602265.00
2022/07/06,1457,60.51,60.70,60.51,60.57,23400,1415800.00
2022/07/06,1458,60.57,60.57,60.57,60.57,0,0.00
2022/07/06,1459,60.57,60.57,60.57,60.57,0,0.00
2022/07/06,1500,60.10,60.10,60.10,60.10,101500,6104658.00
2022/07/07,0931,58.99,60.50,58.52,60.50,150400,8890275.00
2022/07/07,0932,60.50,60.50,60.00,60.01,55500,3339798.00
2022/07/07,0933,60.10,61.20,60.10,60.95,72700,4418582.00
2022/07/07,0934,60.94,61.20,60.53,60.82,84600,5157636.00
2022/07/07,0935,60.83,61.06,60.64,60.91,41100,2500217.00
2022/07/07,0936,60.80,61.38,60.71,61.30,57100,3488493.00
2022/07/07,0937,61.49,62.00,61.47,61.63,113700,7021064.00
2022/07/07,0938,61.78,62.53,61.66,62.34,124700,7734248.00
2022/07/07,0939,62.49,62.96,62.44,62.77,134500,8432764.00
2022/07/07,0940,62.55,62.55,62.02,62.14,85800,5350292.00
2022/07/07,0941,62.07,62.28,61.84,61.84,74900,4656433.00
2022/07/07,0942,61.84,62.49,61.84,62.10,41800,2597671.00
2022/07/07,0943,61.89,61.89,61.30,61.55,45800,2824133.00
2022/07/07,0944,61.50,61.89,61.18,61.18,36900,2272268.00
2022/07/07,0945,61.18,62.00,61.18,61.21,52800,3236248.00
2022/07/07,0946,61.58,61.58,61.28,61.58,30700,1888210.00
2022/07/07,0947,61.20,61.56,61.20,61.56,40200,2465748.00
2022/07/07,0948,61.20,61.20,60.84,61.05,12100,737291.00
2022/07/07,0949,60.91,60.91,60.50,60.67,21700,1314671.00
2022/07/07,0950,60.68,60.99,60.68,60.97,9800,597347.00
2022/07/07,0951,60.67,60.67,60.11,60.32,31400,1901068.00
2022/07/07,0952,60.32,60.60,60.32,60.45,32600,1972415.00
2022/07/07,0953,60.45,60.58,60.35,60.50,13800,832585.00
2022/07/07,0954,60.58,60.81,60.58,60.76,6500,393086.00
2022/07/07,0955,60.72,60.74,60.00,60.35,29700,1791919.00
2022/07/07,0956,60.29,60.83,60.06,60.16,19500,1177754.00
2022/07/07,0957,60.15,60.40,60.15,60.40,16500,988814.00
2022/07/07,0958,60.40,60.50,60.20,60.20,8500,512004.00
2022/07/07,0959,60.20,60.30,60.09,60.30,21000,1265836.00
2022/07/07,1000,60.31,60.35,60.20,60.35,14600,881979.00
2022/07/07,1001,60.20,60.20,60.13,60.13,6800,407181.00
2022/07/07,1002,60.14,60.33,60.14,60.16,12300,737918.00
2022/07/07,1003,60.32,60.58,60.15,60.18,14900,899131.00
2022/07/07,1004,60.18,60.57,60.18,60.21,19300,1162702.00
2022/07/07,1005,60.42,60.50,60.42,60.42,8600,519135.00
2022/07/07,1006,60.22,60.40,60.10,60.10,12200,732948.00
2022/07/07,1007,60.10,60.53,60.10,60.53,35700,2162508.00
2022/07/07,1008,60.51,60.60,60.51,60.60,13200,795226.00
2022/07/07,1009,60.59,60.60,60.53,60.60,7700,471704.00
2022/07/07,1010,60.50,60.53,60.09,60.09,18800,1127628.00
2022/07/07,1011,60.08,60.28,60.08,60.27,13500,817561.00
2022/07/07,1012,60.27,60.36,60.11,60.36,6500,391290.00
2022/07/07,1013,60.12,60.12,60.08,60.10,8900,531649.00
2022/07/07,1014,60.11,60.11,59.97,59.97,13900,832604.00
2022/07/07,1015,59.80,60.11,59.80,60.11,20500,1230596.00
2022/07/07,1016,60.11,60.11,60.08,60.09,10800,649926.00
2022/07/07,1017,60.10,60.10,59.80,59.80,3400,203396.00
2022/07/07,1018,59.80,59.99,59.79,59.85,8900,535468.00
2022/07/07,1019,59.80,59.85,59.79,59.85,12300,732809.00
2022/07/07,1020,59.85,60.22,59.85,60.22,35900,2157176.00
2022/07/07,1021,60.02,60.21,59.93,59.93,6600,395113.00
2022/07/07,1022,59.93,60.21,59.90,60.19,7800,468786.00
2022/07/07,1023,60.19,60.19,60.02,60.02,26100,1563774.00
2022/07/07,1024,60.00,60.10,59.71,60.10,15300,917412.00
2022/07/07,1025,60.10,60.10,59.80,59.80,15100,906411.00
2022/07/07,1026,59.77,59.77,59.60,59.76,35400,2118466.00
2022/07/07,1027,59.56,59.76,59.44,59.45,9200,548626.00
2022/07/07,1028,59.44,59.51,59.30,59.51,37900,2249053.00
2022/07/07,1029,59.54,59.79,59.54,59.78,7000,415319.00
2022/07/07,1030,59.79,59.79,59.57,59.78,14100,840387.00
2022/07/07,1031,59.57,59.57,59.48,59.50,24000,1430830.00
2022/07/07,1032,59.50,59.50,59.26,59.28,19200,1140049.00
2022/07/07,1033,59.30,59.30,59.18,59.20,11400,675689.00
2022/07/07,1034,59.20,59.20,58.99,58.99,14300,843886.00
2022/07/07,1035,58.99,59.15,58.99,59.00,19300,1138157.00
2022/07/07,1036,58.95,59.00,58.60,58.60,47900,2818470.00
2022/07/07,1037,58.62,58.72,58.08,58.72,74900,4380441.00
2022/07/07,1038,58.79,58.97,58.78,58.80,15600,920007.00
2022/07/07,1039,58.80,58.96,58.51,58.51,41800,2451350.00
2022/07/07,1040,58.62,58.78,58.52,58.77,17000,999017.00
2022/07/07,1041,58.77,58.81,58.62,58.69,26800,1570412.00
2022/07/07,1042,58.62,58.88,58.61,58.85,8700,511724.00
2022/07/07,1043,58.79,58.85,58.79,58.85,13400,788155.00
2022/07/07,1044,59.00,59.00,58.84,58.85,12000,709984.00
2022/07/07,1045,58.86,59.44,58.86,59.44,33400,1975077.00
2022/07/07,1046,59.44,59.88,59.31,59.88,31200,1857993.00
2022/07/07,1047,59.88,60.56,59.88,60.10,51000,3069656.00
2022/07/07,1048,60.40,61.10,60.40,61.10,43700,2653045.00
2022/07/07,1049,60.89,61.15,60.53,61.15,35200,2144926.00
2022/07/07,1050,61.05,61.10,60.59,60.94,34100,2071549.00
2022/07/07,1051,60.89,61.10,60.89,60.97,38400,2342900.00
2022/07/07,1052,60.95,61.11,60.70,61.09,46800,2849262.00
2022/07/07,1053,61.00,61.00,60.71,61.00,27600,1679053.00
2022/07/07,1054,61.00,61.65,61.00,61.65,33600,2061816.00
2022/07/07,1055,61.65,61.65,61.30,61.50,35400,2174816.00
2022/07/07,1056,61.50,61.80,61.49,61.80,43800,2692413.00
2022/07/07,1057,61.80,62.30,61.73,62.28,69800,4325853.00
2022/07/07,1058,62.00,62.38,62.00,62.20,57900,3598101.00
2022/07/07,1059,62.20,62.33,62.00,62.04,34600,2156450.00
2022/07/07,1100,62.04,62.04,61.55,61.55,16000,990861.00
2022/07/07,1101,61.63,61.98,61.63,61.98,12500,771017.00
2022/07/07,1102,62.00,62.18,61.98,62.00,15200,940363.00
2022/07/07,1103,61.86,61.88,61.66,61.68,7500,465257.00
2022/07/07,1104,61.93,61.93,61.73,61.80,2300,143534.00
2022/07/07,1105,61.73,61.73,61.55,61.55,10000,613798.00
2022/07/07,1106,61.55,61.55,61.31,61.31,6200,382865.00
2022/07/07,1107,61.32,61.47,61.06,61.06,11100,681249.00
2022/07/07,1108,61.45,61.45,61.20,61.20,2600,158336.00
2022/07/07,1109,61.23,61.55,61.23,61.55,3300,204497.00
2022/07/07,1110,61.40,61.54,61.40,61.53,4500,276741.00
2022/07/07,1111,61.49,61.49,61.40,61.40,3100,185227.00
2022/07/07,1112,61.49,61.49,61.39,61.39,11700,719805.00
2022/07/07,1113,61.40,61.55,61.39,61.55,17900,1101591.00
2022/07/07,1114,61.55,61.55,61.39,61.39,3000,181659.00
2022/07/07,1115,61.39,61.39,60.81,60.81,11200,685934.00
2022/07/07,1116,60.81,61.22,60.81,60.88,15500,943508.00
2022/07/07,1117,60.88,61.14,60.51,60.51,7500,453079.00
2022/07/07,1118,60.49,60.86,60.11,60.20,14400,870561.00
2022/07/07,1119,60.60,60.86,60.60,60.86,33300,2021603.00
2022/07/07,1120,60.35,60.41,60.35,60.41,8200,496274.00
2022/07/07,1121,60.40,60.88,60.40,60.88,21700,1313510.00
2022/07/07,1122,61.00,61.12,60.43,60.43,7100,432329.00
2022/07/07,1123,61.00,61.54,61.00,61.23,9500,583116.00
2022/07/07,1124,61.05,61.19,61.02,61.02,1800,108682.00
2022/07/07,1125,61.02,61.20,61.02,61.20,1700,103860.00
2022/07/07,1126,61.20,61.20,61.20,61.20,400,24480.00
2022/07/07,1127,61.20,61.49,61.20,61.49,1800,108863.00
2022/07/07,1128,61.54,61.55,61.20,61.20,4200,256088.00
2022/07/07,1129,61.22,61.44,61.22,61.44,400,24532.00
2022/07/07,1130,61.47,61.50,61.23,61.50,17300,1064654.00
2022/07/07,1301,61.51,61.90,61.51,61.90,29200,1793394.00
2022/07/07,1302,61.67,61.90,61.67,61.72,3500,219801.00
2022/07/07,1303,61.90,61.93,61.89,61.90,7400,456114.00
2022/07/07,1304,61.95,62.00,61.88,62.00,17500,1083854.00
2022/07/07,1305,62.00,62.19,62.00,62.00,31700,1964921.00
2022/07/07,1306,62.00,62.01,61.90,62.01,16100,999356.00
2022/07/07,1307,62.00,62.38,61.93,62.16,44700,2781429.00
2022/07/07,1308,62.17,62.17,61.76,61.90,14000,868265.00
2022/07/07,1309,61.86,61.89,61.78,61.78,5800,357769.00
2022/07/07,1310,61.88,62.15,61.88,62.15,11300,698971.00
2022/07/07,1311,62.15,62.15,61.94,62.12,7100,441478.00
2022/07/07,1312,62.00,62.12,61.95,62.00,13300,820562.00
2022/07/07,1313,62.00,62.08,61.79,62.03,13300,825630.00
2022/07/07,1314,62.03,62.05,62.00,62.00,7900,491678.00
2022/07/07,1315,61.99,61.99,61.80,61.81,7100,437500.00
2022/07/07,1316,61.99,61.99,61.98,61.98,1500,93134.00
2022/07/07,1317,61.98,61.98,61.92,61.97,1400,84691.00
2022/07/07,1318,61.97,62.00,61.90,62.00,15300,951265.00
2022/07/07,1319,62.06,62.20,62.06,62.19,20800,1293995.00
2022/07/07,1320,62.19,62.38,62.13,62.38,16400,1018592.00
2022/07/07,1321,62.35,62.35,62.19,62.19,8900,556969.00
2022/07/07,1322,62.18,62.24,62.00,62.00,22400,1390141.00
2022/07/07,1323,61.95,61.95,61.73,61.73,8000,494452.00
2022/07/07,1324,61.72,61.73,61.45,61.73,19900,1227052.00
2022/07/07,1325,61.73,61.88,61.46,61.70,21000,1292736.00
2022/07/07,1326,61.94,62.21,61.70,62.21,12100,750307.00
2022/07/07,1327,62.20,62.21,61.99,61.99,17500,1082895.00
2022/07/07,1328,61.99,61.99,61.73,61.73,4300,270765.00
2022/07/07,1329,61.94,61.94,61.90,61.90,1100,66070.00
2022/07/07,1330,61.73,62.20,61.73,62.20,27100,1680169.00
2022/07/07,1331,62.20,62.45,62.20,62.33,56300,3510747.00
2022/07/07,1332,62.33,62.45,62.33,62.37,14400,896996.00
2022/07/07,1333,62.36,62.49,62.30,62.49,48300,3015473.00
2022/07/07,1334,62.48,62.77,62.43,62.76,78700,4917899.00
2022/07/07,1335,62.71,62.71,62.43,62.60,9600,600623.00
2022/07/07,1336,62.53,62.60,62.44,62.53,11800,737963.00
2022/07/07,1337,62.53,62.53,62.39,62.43,11900,743420.00
2022/07/07,1338,62.55,62.55,62.50,62.50,9800,613607.00
2022/07/07,1339,62.50,62.50,62.32,62.48,6100,380254.00
2022/07/07,1340,62.32,62.59,62.32,62.59,17200,1074851.00
2022/07/07,1341,62.60,62.70,62.55,62.55,18800,1176893.00
2022/07/07,1342,62.47,62.58,62.44,62.55,9100,567315.00
2022/07/07,1343,62.55,62.55,62.47,62.47,13600,850554.00
2022/07/07,1344,62.55,63.50,62.54,63.50,79500,5007537.00
2022/07/07,1345,63.41,63.97,63.21,63.72,93200,5928875.00
2022/07/07,1346,63.54,63.72,63.53,63.55,17200,1095219.00
2022/07/07,1347,63.53,63.80,63.53,63.75,30700,1951204.00
2022/07/07,1348,63.73,63.73,63.21,63.38,23600,1498024.00
2022/07/07,1349,63.28,63.50,63.28,63.48,13800,874300.00
2022/07/07,1350,63.40,63.41,63.10,63.10,27400,1735948.00
2022/07/07,1351,63.10,63.37,63.10,63.12,13800,874343.00
2022/07/07,1352,63.12,63.12,63.12,63.12,1900,117529.00
2022/07/07,1353,63.00,63.00,62.88,62.88,7400,464249.00
2022/07/07,1354,62.76,62.76,62.71,62.76,2100,133919.00
2022/07/07,1355,62.88,62.99,62.88,62.99,4200,261469.00
2022/07/07,1356,63.05,63.46,63.05,63.46,9600,606986.00
2022/07/07,1357,63.18,63.41,63.17,63.17,6000,383266.00
2022/07/07,1358,63.15,63.18,63.15,63.18,3900,241967.00
2022/07/07,1359,63.18,63.18,63.01,63.11,7100,449408.00
2022/07/07,1400,63.00,63.11,63.00,63.11,16700,1056317.00
2022/07/07,1401,63.11,63.11,63.01,63.01,3500,218606.00
2022/07/07,1402,63.18,63.18,63.02,63.18,8100,510917.00
2022/07/07,1403,63.17,63.17,63.03,63.03,2400,152943.00
2022/07/07,1404,63.17,63.18,63.17,63.17,4200,265909.00
2022/07/07,1405,63.02,63.18,62.99,63.18,23600,1486858.00
2022/07/07,1406,63.18,63.18,63.00,63.17,7800,489949.00
2022/07/07,1407,63.17,63.17,62.99,62.99,8000,501674.00
2022/07/07,1408,63.00,63.00,62.99,63.00,1000,68665.00
2022/07/07,1409,62.99,62.99,62.88,62.99,5500,341338.00
2022/07/07,1410,62.99,62.99,62.88,62.88,4200,268165.00
2022/07/07,1411,62.80,62.80,62.67,62.78,7500,471214.00
2022/07/07,1412,62.68,62.93,62.68,62.70,8700,541139.00
2022/07/07,1413,62.74,62.74,62.67,62.68,5400,338750.00
2022/07/07,1414,62.68,62.68,62.68,62.68,700,46450.00
2022/07/07,1415,62.67,62.68,62.66,62.66,4800,302829.00
2022/07/07,1416,62.66,62.78,62.66,62.66,13100,817843.00
2022/07/07,1417,62.64,62.64,62.39,62.41,14800,928612.00
2022/07/07,1418,62.57,62.68,62.40,62.40,16800,1050373.00
2022/07/07,1419,62.40,62.40,62.37,62.37,2800,173163.00
2022/07/07,1420,62.39,62.48,62.39,62.43,2300,143579.00
2022/07/07,1421,62.38,62.48,62.38,62.48,1700,105302.00
2022/07/07,1422,62.48,62.48,62.48,62.48,700,43736.00
2022/07/07,1423,62.50,62.50,62.50,62.50,1100,70125.00
2022/07/07,1424,62.50,62.78,62.50,62.78,5600,350758.00
2022/07/07,1425,62.79,62.85,62.79,62.85,3600,226690.00
2022/07/07,1426,62.87,62.88,62.75,62.75,9600,600945.00
2022/07/07,1427,62.75,62.75,62.72,62.72,600,40212.00
2022/07/07,1428,62.56,62.56,62.48,62.50,12900,808147.00
2022/07/07,1429,62.50,62.50,62.50,62.50,2600,156750.00
2022/07/07,1430,62.44,62.44,62.44,62.44,1600,99906.00
2022/07/07,1431,62.50,62.55,62.40,62.55,24700,1544679.00
2022/07/07,1432,62.56,62.56,62.55,62.56,1800,115678.00
2022/07/07,1433,62.56,62.75,62.56,62.75,2900,179842.00
2022/07/07,1434,62.90,63.00,62.89,63.00,10500,657973.00
2022/07/07,1435,63.00,63.00,62.90,62.90,5000,314906.00
2022/07/07,1436,62.90,62.90,62.88,62.88,4700,297275.00
2022/07/07,1437,62.87,62.87,62.84,62.84,3500,221604.00
2022/07/07,1438,62.76,62.76,62.75,62.76,2800,172585.00
2022/07/07,1439,62.76,62.76,62.60,62.60,6800,427050.00
2022/07/07,1440,62.57,62.57,62.20,62.20,11900,744047.00
2022/07/07,1441,62.26,62.26,61.90,61.90,20100,1245412.00
2022/07/07,1442,61.46,62.03,61.46,61.99,22500,1392719.00
2022/07/07,1443,61.99,61.99,61.68,61.68,5400,337193.00
2022/07/07,1444,61.68,62.00,61.66,61.70,9500,586338.00
2022/07/07,1445,61.70,61.88,61.66,61.88,12000,741145.00
2022/07/07,1446,61.88,61.88,61.70,61.70,4300,264888.00
2022/07/07,1447,61.70,61.70,61.66,61.66,2900,178749.00
2022/07/07,1448,61.88,61.88,61.66,61.66,10500,648028.00
2022/07/07,1449,61.68,61.98,61.68,61.98,5100,312151.00
2022/07/07,1450,61.98,61.98,61.68,61.88,12000,747615.00
2022/07/07,1451,61.86,61.86,61.69,61.70,19900,1224928.00
2022/07/07,1452,61.85,61.85,61.68,61.71,3400,207484.00
2022/07/07,1453,61.80,61.80,61.71,61.71,5100,318550.00
2022/07/07,1454,61.76,61.76,61.71,61.73,1000,59818.00
2022/07/07,1455,61.72,61.72,61.62,61.62,25400,1566999.00
2022/07/07,1456,61.70,61.77,61.70,61.74,12400,763988.00
2022/07/07,1457,61.74,61.82,61.70,61.70,11100,688708.00
2022/07/07,1458,61.63,61.63,61.63,61.63,200,12326.00
2022/07/07,1459,61.63,61.63,61.63,61.63,0,0.00
2022/07/07,1500,61.64,61.64,61.64,61.64,31200,1920887.00
2022/07/08,0931,62.68,62.68,61.51,61.51,76800,4787896.00
2022/07/08,0932,61.60,61.66,60.75,60.75,44100,2708763.00
2022/07/08,0933,61.03,61.29,60.10,61.00,59500,3627551.00
2022/07/08,0934,61.02,61.02,60.64,60.80,42000,2550986.00
2022/07/08,0935,60.65,61.48,60.65,61.42,18600,1135654.00
2022/07/08,0936,61.24,62.12,61.15,62.01,50600,3123399.00
2022/07/08,0937,61.99,62.26,61.99,62.13,7200,447737.00
2022/07/08,0938,62.30,62.30,61.74,61.80,20400,1259127.00
2022/07/08,0939,61.82,61.96,61.23,61.23,18700,1159908.00
2022/07/08,0940,61.70,62.33,61.70,62.33,28500,1761886.00
2022/07/08,0941,62.43,62.43,61.86,61.88,11100,687751.00
2022/07/08,0942,61.88,61.88,61.65,61.65,7900,483272.00
2022/07/08,0943,61.67,62.01,61.65,61.94,21700,1342069.00
2022/07/08,0944,62.01,62.07,61.82,62.07,15900,988359.00
2022/07/08,0945,61.88,62.04,61.88,62.04,3100,191803.00
2022/07/08,0946,62.00,62.00,61.50,61.70,23100,1422138.00
2022/07/08,0947,61.41,62.06,61.41,61.94,24800,1533709.00
2022/07/08,0948,61.88,62.06,61.70,62.06,18500,1142446.00
2022/07/08,0949,62.05,62.15,61.67,62.11,15800,983847.00
2022/07/08,0950,62.16,62.30,62.11,62.30,11600,716283.00
2022/07/08,0951,62.30,62.99,62.30,62.83,29800,1867145.00
2022/07/08,0952,63.00,63.27,63.00,63.05,33800,2137612.00
2022/07/08,0953,63.00,63.40,63.00,63.05,29600,1866184.00
2022/07/08,0954,63.00,63.10,62.73,62.73,31500,1982364.00
2022/07/08,0955,62.99,62.99,62.60,62.60,20900,1312035.00
2022/07/08,0956,62.60,62.79,62.60,62.79,7100,441706.00
2022/07/08,0957,62.80,62.80,62.51,62.68,3400,213715.00
2022/07/08,0958,62.51,62.51,61.72,62.17,22800,1420538.00
2022/07/08,0959,61.91,62.50,61.91,62.30,5400,336192.00
2022/07/08,1000,62.00,62.00,62.00,62.00,8300,513252.00
2022/07/08,1001,62.00,62.19,62.00,62.00,10700,665295.00
2022/07/08,1002,62.03,62.03,61.80,61.80,15800,977645.00
2022/07/08,1003,61.75,61.75,61.67,61.70,8500,524618.00
2022/07/08,1004,61.68,61.85,61.23,61.23,15700,970558.00
2022/07/08,1005,61.20,61.62,61.20,61.31,24700,1514008.00
2022/07/08,1006,61.33,61.55,61.33,61.40,5700,351180.00
2022/07/08,1007,61.53,61.53,61.00,61.00,32200,1969036.00
2022/07/08,1008,61.00,61.00,60.77,60.80,51300,3115159.00
2022/07/08,1009,60.91,61.31,60.91,61.27,3200,197588.00
2022/07/08,1010,61.00,61.17,60.81,60.81,10100,616041.00
2022/07/08,1011,60.80,60.80,60.56,60.56,30700,1865364.00
2022/07/08,1012,60.56,61.00,60.55,60.70,21000,1278362.00
2022/07/08,1013,60.78,60.79,60.68,60.68,7500,452167.00
2022/07/08,1014,60.71,60.71,60.70,60.71,10600,646094.00
2022/07/08,1015,60.82,60.82,60.50,60.50,24000,1455069.00
2022/07/08,1016,60.50,60.70,60.34,60.60,11700,705950.00
2022/07/08,1017,61.16,61.16,60.88,61.10,11500,703370.00
2022/07/08,1018,61.10,61.10,60.80,60.91,9000,544145.00
2022/07/08,1019,60.81,61.04,60.81,61.00,10100,616295.00
2022/07/08,1020,61.00,61.00,60.81,60.81,13400,819179.00
2022/07/08,1021,60.81,60.91,60.80,60.91,15100,919211.00
2022/07/08,1022,60.90,60.94,60.90,60.91,4900,297965.00
2022/07/08,1023,60.99,61.00,60.92,60.92,4900,297221.00
2022/07/08,1024,60.93,61.00,60.93,61.00,4200,253664.00
2022/07/08,1025,61.00,61.06,61.00,61.05,2000,122088.00
2022/07/08,1026,61.20,61.20,60.96,60.96,7800,476801.00
2022/07/08,1027,60.94,60.94,60.72,60.80,14400,875036.00
2022/07/08,1028,60.71,60.77,60.71,60.76,3500,212576.00
2022/07/08,1029,60.70,60.75,60.50,60.75,13600,828835.00
2022/07/08,1030,60.60,60.75,60.56,60.56,3100,185478.00
2022/07/08,1031,60.55,60.60,60.50,60.50,11400,688418.00
2022/07/08,1032,60.60,60.60,60.50,60.60,7900,478630.00
2022/07/08,1033,60.61,60.63,60.51,60.55,11300,684948.00
2022/07/08,1034,60.50,60.55,60.35,60.35,23900,1445138.00
2022/07/08,1035,60.29,60.36,60.20,60.25,18100,1096009.00
2022/07/08,1036,60.20,60.25,60.10,60.10,27400,1644926.00
2022/07/08,1037,60.25,60.25,60.12,60.12,27300,1648325.00
2022/07/08,1038,60.18,60.18,60.10,60.17,8600,514107.00
2022/07/08,1039,60.17,60.17,59.55,59.62,31100,1862147.00
2022/07/08,1040,59.61,59.93,59.61,59.74,29500,1763920.00
2022/07/08,1041,59.89,60.00,59.86,59.88,5200,311404.00
2022/07/08,1042,59.88,59.88,59.64,59.66,8400,499989.00
2022/07/08,1043,59.70,59.85,59.69,59.79,24200,1446403.00
2022/07/08,1044,59.79,59.85,59.50,59.50,30100,1798733.00
2022/07/08,1045,59.39,59.59,59.39,59.59,25600,1523786.00
2022/07/08,1046,59.58,59.58,59.30,59.30,17600,1044284.00
2022/07/08,1047,59.26,59.50,59.26,59.50,28600,1694640.00
2022/07/08,1048,59.49,59.49,59.30,59.33,44600,2646823.00
2022/07/08,1049,59.30,59.58,59.25,59.27,24100,1429729.00
2022/07/08,1050,59.58,59.58,59.30,59.36,12200,724613.00
2022/07/08,1051,59.39,59.43,59.25,59.25,25800,1530231.00
2022/07/08,1052,59.25,59.25,59.10,59.12,23900,1413547.00
2022/07/08,1053,59.25,59.50,59.11,59.40,29800,1769862.00
2022/07/08,1054,59.40,59.50,59.40,59.50,2100,124025.00
2022/07/08,1055,59.58,60.00,59.58,60.00,9200,550855.00
2022/07/08,1056,60.00,60.01,59.73,59.73,2200,128730.00
2022/07/08,1057,59.73,59.73,59.42,59.42,8200,489469.00
2022/07/08,1058,59.50,59.50,59.45,59.50,10800,641660.00
2022/07/08,1059,59.42,59.42,59.34,59.35,8800,524457.00
2022/07/08,1100,59.35,59.35,59.16,59.16,6900,406953.00
2022/07/08,1101,59.18,59.32,59.18,59.32,12400,736081.00
2022/07/08,1102,59.32,59.43,59.32,59.43,1100,65598.00
2022/07/08,1103,59.43,59.50,59.43,59.50,1200,71359.00
2022/07/08,1104,59.43,59.43,59.30,59.30,7400,441591.00
2022/07/08,1105,59.30,59.30,59.30,59.30,0,0.00
2022/07/08,1106,59.32,59.39,59.20,59.32,26100,1544186.00
2022/07/08,1107,59.20,59.20,58.98,59.00,69200,4087210.00
2022/07/08,1108,58.99,59.00,58.88,58.88,22200,1309523.00
2022/07/08,1109,58.90,59.03,58.88,59.00,150600,8884099.00
2022/07/08,1110,59.00,59.28,59.00,59.19,14100,832625.00
2022/07/08,1111,59.25,59.33,59.00,59.00,19200,1133946.00
2022/07/08,1112,58.94,59.30,58.94,59.06,4600,271125.00
2022/07/08,1113,59.30,59.37,59.26,59.32,15600,919352.00
2022/07/08,1114,59.32,59.50,59.32,59.50,3000,178226.00
2022/07/08,1115,59.72,59.72,59.72,59.72,5300,317266.00
2022/07/08,1116,59.70,59.71,59.70,59.71,600,35822.00
2022/07/08,1117,59.72,59.72,59.56,59.56,2900,176097.00
2022/07/08,1118,59.55,59.55,59.49,59.49,2200,130914.00
2022/07/08,1119,59.56,59.56,59.49,59.49,4500,264675.00
2022/07/08,1120,59.70,59.70,59.68,59.68,1400,86143.00
2022/07/08,1121,59.68,59.72,59.68,59.72,6500,382977.00
2022/07/08,1122,59.72,59.72,59.72,59.72,700,46462.00
2022/07/08,1123,59.72,59.72,59.57,59.57,3300,195350.00
2022/07/08,1124,59.94,60.29,59.94,60.29,5000,299707.00
2022/07/08,1125,60.43,60.43,60.00,60.20,10100,606500.00
2022/07/08,1126,60.20,60.30,60.20,60.29,4000,245355.00
2022/07/08,1127,60.30,60.46,60.00,60.00,24900,1495182.00
2022/07/08,1128,60.00,60.44,60.00,60.38,28800,1732273.00
2022/07/08,1129,60.38,60.51,60.38,60.51,11200,680449.00
2022/07/08,1130,60.51,60.53,60.49,60.49,15100,914432.00
2022/07/08,1301,60.49,60.50,60.00,60.00,10700,644729.00
2022/07/08,1302,60.01,60.01,60.01,60.01,1000,57610.00
2022/07/08,1303,60.01,60.02,60.01,60.02,2300,139236.00
2022/07/08,1304,60.03,60.29,60.03,60.29,1700,102356.00
2022/07/08,1305,60.29,60.29,60.16,60.20,4700,281537.00
2022/07/08,1306,60.23,60.76,60.23,60.76,9400,566195.00
2022/07/08,1307,60.76,61.26,60.72,61.21,22200,1357078.00
2022/07/08,1308,61.21,61.60,61.13,61.60,18100,1103951.00
2022/07/08,1309,61.64,61.64,61.40,61.40,24600,1514245.00
2022/07/08,1310,61.40,61.40,61.20,61.35,8600,532353.00
2022/07/08,1311,61.35,61.35,61.20,61.32,4700,287860.00
2022/07/08,1312,61.33,61.50,61.33,61.50,7500,458245.00
2022/07/08,1313,61.50,61.50,61.33,61.44,4700,288847.00
2022/07/08,1314,61.44,61.44,61.25,61.25,3700,226889.00
2022/07/08,1315,61.25,61.31,61.00,61.29,9600,589374.00
2022/07/08,1316,61.27,61.27,61.00,61.20,7900,478604.00
2022/07/08,1317,61.20,61.21,61.08,61.08,3100,189900.00
2022/07/08,1318,61.08,61.08,61.01,61.01,4900,302560.00
2022/07/08,1319,61.00,61.00,61.00,61.00,500,30500.00
2022/07/08,1320,60.79,60.79,60.70,60.70,1700,103314.00
2022/07/08,1321,60.79,60.79,60.50,60.50,20300,1225988.00
2022/07/08,1322,60.33,60.50,60.30,60.50,9600,583747.00
2022/07/08,1323,60.53,60.53,60.50,60.50,2200,130846.00
2022/07/08,1324,60.37,60.37,60.33,60.37,900,54323.00
2022/07/08,1325,60.29,60.29,60.29,60.29,4900,298291.00
2022/07/08,1326,60.29,60.29,60.29,60.29,1200,72046.00
2022/07/08,1327,60.17,60.17,60.17,60.17,2600,156759.00
2022/07/08,1328,60.18,60.20,60.18,60.20,4000,240730.00
2022/07/08,1329,60.21,60.21,60.21,60.21,500,25409.00
2022/07/08,1330,60.21,60.21,60.17,60.17,4400,265346.00
2022/07/08,1331,60.17,60.17,60.17,60.17,1000,60170.00
2022/07/08,1332,60.32,60.32,60.32,60.32,1000,60139.00
2022/07/08,1333,60.26,60.34,60.26,60.32,8900,541030.00
2022/07/08,1334,60.32,60.32,60.32,60.32,0,0.00
2022/07/08,1335,60.32,60.32,60.32,60.32,0,0.00
2022/07/08,1336,60.32,60.32,60.32,60.32,3500,206210.00
2022/07/08,1337,60.16,60.16,60.12,60.12,8900,538252.00
2022/07/08,1338,60.12,60.12,60.02,60.02,1600,96065.00
2022/07/08,1339,60.01,60.01,59.99,59.99,4900,292445.00
2022/07/08,1340,60.00,60.12,60.00,60.12,14200,854512.00
2022/07/08,1341,60.12,60.12,60.12,60.12,800,46593.00
2022/07/08,1342,60.00,60.00,59.91,59.91,2800,167982.00
2022/07/08,1343,59.99,60.03,59.99,60.03,3700,221218.00
2022/07/08,1344,60.03,60.03,60.03,60.03,100,9005.00
2022/07/08,1345,59.99,59.99,59.99,59.99,200,11998.00
2022/07/08,1346,60.03,60.05,59.97,60.05,6800,405801.00
2022/07/08,1347,60.11,60.12,60.11,60.12,2800,171534.00
2022/07/08,1348,60.12,60.12,60.12,60.12,0,0.00
2022/07/08,1349,60.12,60.12,60.12,60.12,0,0.00
2022/07/08,1350,60.06,60.06,60.02,60.06,3200,190965.00
2022/07/08,1351,59.92,60.00,59.92,60.00,3100,186138.00
2022/07/08,1352,60.00,60.00,59.99,59.99,1200,68213.00
2022/07/08,1353,59.98,59.98,59.90,59.90,3100,185807.00
2022/07/08,1354,59.89,59.90,59.89,59.90,500,33183.00
2022/07/08,1355,59.88,59.88,59.87,59.87,1000,59040.00
2022/07/08,1356,59.87,59.87,59.58,59.58,7100,422556.00
2022/07/08,1357,59.74,60.00,59.74,60.00,3700,224480.00
2022/07/08,1358,60.20,60.30,60.02,60.02,10100,608392.00
2022/07/08,1359,59.96,60.24,59.96,60.24,5900,354380.00
2022/07/08,1400,60.00,60.00,60.00,60.00,200,12000.00
2022/07/08,1401,60.30,60.30,59.87,60.00,6100,366425.00
2022/07/08,1402,60.00,60.00,59.88,59.88,1800,107952.00
2022/07/08,1403,59.89,59.97,59.89,59.97,300,17983.00
2022/07/08,1404,59.97,59.97,59.64,59.64,3400,202740.00
2022/07/08,1405,59.66,59.66,59.66,59.66,5900,349088.00
2022/07/08,1406,60.00,60.00,60.00,60.00,1000,62940.00
2022/07/08,1407,60.00,60.02,59.81,59.81,1900,110327.00
2022/07/08,1408,59.81,59.81,59.70,59.71,9200,551875.00
2022/07/08,1409,59.81,59.81,59.81,59.81,2200,131582.00
2022/07/08,1410,59.95,59.95,59.71,59.71,9900,589627.00
2022/07/08,1411,59.68,59.70,59.68,59.68,2100,127868.00
2022/07/08,1412,59.68,59.68,59.68,59.68,500,29064.00
2022/07/08,1413,59.68,59.68,59.64,59.64,1800,109758.00
2022/07/08,1414,59.60,59.60,59.59,59.59,3800,225807.00
2022/07/08,1415,59.58,59.61,59.56,59.61,7600,451162.00
2022/07/08,1416,59.56,59.61,59.55,59.61,2300,136567.00
2022/07/08,1417,59.62,59.72,59.62,59.72,500,27085.00
2022/07/08,1418,59.72,59.74,59.62,59.74,2500,150826.00
2022/07/08,1419,59.74,59.74,59.74,59.74,100,4540.00
2022/07/08,1420,59.74,59.81,59.74,59.81,3500,210700.00
2022/07/08,1421,59.70,59.70,59.56,59.56,3700,223634.00
2022/07/08,1422,59.56,59.56,59.56,59.56,1800,108459.00
2022/07/08,1423,59.80,59.80,59.79,59.79,700,41858.00
2022/07/08,1424,59.62,59.62,59.18,59.18,36400,2158190.00
2022/07/08,1425,59.39,59.39,59.20,59.20,19100,1128748.00
2022/07/08,1426,59.39,59.39,59.39,59.39,800,51075.00
2022/07/08,1427,59.39,59.55,59.38,59.55,4100,240614.00
2022/07/08,1428,59.27,59.27,59.27,59.27,500,29635.00
2022/07/08,1429,60.00,60.00,59.99,59.99,11600,696553.00
2022/07/08,1430,59.99,59.99,59.99,59.99,1000,58850.00
2022/07/08,1431,59.50,59.50,59.44,59.44,4200,251010.00
2022/07/08,1432,59.37,59.44,59.37,59.44,800,46349.00
2022/07/08,1433,59.35,59.35,59.29,59.30,6200,370954.00
2022/07/08,1434,59.30,59.30,59.20,59.30,14100,832525.00
2022/07/08,1435,59.30,59.30,59.15,59.18,11700,695714.00
2022/07/08,1436,59.18,59.20,59.18,59.18,2700,156571.00
2022/07/08,1437,59.19,59.26,59.18,59.26,4700,278038.00
2022/07/08,1438,59.19,59.22,59.19,59.22,1200,75083.00
2022/07/08,1439,59.21,59.22,59.20,59.22,4600,271358.00
2022/07/08,1440,59.23,59.23,59.14,59.14,11500,679904.00
2022/07/08,1441,59.10,59.12,58.86,58.86,60600,3572186.00
2022/07/08,1442,58.91,58.91,58.66,58.84,26500,1558506.00
2022/07/08,1443,58.61,58.80,58.50,58.50,37500,2200476.00
2022/07/08,1444,58.33,58.52,58.33,58.52,16200,940534.00
2022/07/08,1445,58.50,58.67,58.50,58.50,34600,2029945.00
2022/07/08,1446,58.50,58.67,58.48,58.67,57600,3365762.00
2022/07/08,1447,58.50,58.59,58.00,58.00,87800,5112535.00
2022/07/08,1448,58.18,58.36,58.00,58.34,34100,1987651.00
2022/07/08,1449,58.33,58.33,57.70,57.70,78600,4552429.00
2022/07/08,1450,57.80,58.00,57.72,58.00,23200,1340559.00
2022/07/08,1451,58.18,58.18,57.85,58.00,21200,1232430.00
2022/07/08,1452,58.00,58.25,58.00,58.25,21700,1261867.00
2022/07/08,1453,58.00,58.40,57.89,58.25,33000,1910663.00
2022/07/08,1454,57.91,58.19,57.81,57.81,23500,1360609.00
2022/07/08,1455,57.80,57.80,57.75,57.77,17800,1028401.00
2022/07/08,1456,57.77,57.77,57.50,57.50,56000,3231692.00
2022/07/08,1457,57.50,57.66,57.18,57.18,37600,2164091.00
2022/07/08,1458,57.18,57.18,57.18,57.18,0,0.00
2022/07/08,1459,57.18,57.18,57.18,57.18,0,0.00
2022/07/08,1500,57.14,57.14,57.14,57.14,58300,3327605.00
:
