2022/07/06,0931,33.48,33.99,32.66,32.80,5637200,188330896.00
2022/07/06,0932,32.89,34.00,32.80,33.87,1661400,55374620.00
2022/07/06,0933,33.68,33.81,33.11,33.11,665800,22348842.00
2022/07/06,0934,33.09,33.09,32.18,32.18,709800,23277336.00
2022/07/06,0935,32.15,32.15,31.51,31.80,839800,26719308.00
2022/07/06,0936,31.90,32.68,31.89,32.61,728800,23535188.00
2022/07/06,0937,32.63,32.70,32.03,32.03,481300,15607976.00
2022/07/06,0938,32.00,32.50,32.00,32.20,758500,24475288.00
2022/07/06,0939,32.21,32.30,31.90,31.90,505700,16251510.00
2022/07/06,0940,31.80,31.80,31.58,31.69,444900,14088274.00
2022/07/06,0941,31.80,31.88,31.69,31.70,569900,18097020.00
2022/07/06,0942,31.62,31.85,31.58,31.85,558800,17696860.00
2022/07/06,0943,31.82,32.11,31.82,32.07,594000,19004696.00
2022/07/06,0944,32.08,32.10,31.88,31.88,436400,13970015.00
2022/07/06,0945,31.84,32.11,31.84,32.06,437900,14029756.00
2022/07/06,0946,32.06,32.20,32.06,32.06,432400,13887749.00
2022/07/06,0947,32.01,32.01,31.67,31.70,416500,13272420.00
2022/07/06,0948,31.66,31.80,31.66,31.68,449200,14256030.00
2022/07/06,0949,31.69,31.69,31.57,31.58,372800,11791051.00
2022/07/06,0950,31.60,31.60,31.22,31.25,383700,12077645.00
2022/07/06,0951,31.23,31.23,31.00,31.01,505700,15738696.00
2022/07/06,0952,31.01,31.01,30.70,30.89,536100,16539359.00
2022/07/06,0953,31.00,31.00,30.66,30.68,683500,21085574.00
2022/07/06,0954,30.67,30.89,30.61,30.89,676800,20787464.00
2022/07/06,0955,30.95,31.48,30.95,31.48,360600,11248269.00
2022/07/06,0956,31.50,31.50,31.06,31.16,294200,9207522.00
2022/07/06,0957,31.11,31.20,30.99,31.00,354300,11015549.00
2022/07/06,0958,31.00,31.00,30.65,30.65,252200,7759238.00
2022/07/06,0959,30.68,30.80,30.57,30.75,442000,13564990.00
2022/07/06,1000,30.75,30.86,30.74,30.82,346100,10656544.00
2022/07/06,1001,30.85,31.05,30.83,30.90,407900,12633551.00
2022/07/06,1002,30.86,30.90,30.76,30.76,332600,10258309.00
2022/07/06,1003,30.75,30.76,30.66,30.66,293300,9002304.00
2022/07/06,1004,30.65,30.65,30.30,30.36,381300,11637942.00
2022/07/06,1005,30.32,30.96,30.32,30.91,446000,13601022.00
2022/07/06,1006,30.91,31.05,30.91,31.00,277500,8606280.00
2022/07/06,1007,30.99,31.03,30.79,30.79,201000,6218355.00
2022/07/06,1008,30.80,30.80,30.56,30.56,290400,8913435.00
2022/07/06,1009,30.53,30.61,30.49,30.61,587100,17935428.00
2022/07/06,1010,30.70,31.11,30.63,31.11,654000,20140964.00
2022/07/06,1011,31.18,31.86,31.16,31.80,549400,17355582.00
2022/07/06,1012,31.70,31.77,31.39,31.48,257300,8131122.00
2022/07/06,1013,31.40,32.06,31.38,32.06,549700,17460004.00
2022/07/06,1014,32.08,32.19,31.78,31.94,377300,12115961.00
2022/07/06,1015,31.91,31.97,31.52,31.52,346900,11057075.00
2022/07/06,1016,31.51,31.88,31.50,31.88,290700,9212140.00
2022/07/06,1017,31.90,31.95,31.85,31.85,204800,6534436.00
2022/07/06,1018,31.84,31.84,31.65,31.65,229000,7263405.00
2022/07/06,1019,31.65,32.10,31.62,32.10,468600,14916801.00
2022/07/06,1020,32.12,32.32,32.00,32.00,324300,10438786.00
2022/07/06,1021,32.00,32.10,31.91,32.00,214100,6854955.00
2022/07/06,1022,32.00,32.00,31.81,31.82,88900,2832931.00
2022/07/06,1023,31.80,31.81,31.72,31.73,159900,5079812.00
2022/07/06,1024,31.72,31.81,31.63,31.64,294100,9327543.00
2022/07/06,1025,31.64,31.65,31.53,31.63,244300,7721225.00
2022/07/06,1026,31.63,31.66,31.55,31.57,120000,3792575.00
2022/07/06,1027,31.57,31.60,31.51,31.51,163900,5170596.00
2022/07/06,1028,31.51,31.51,31.42,31.50,156100,4912452.00
2022/07/06,1029,31.51,32.00,31.49,32.00,267400,8490778.00
2022/07/06,1030,32.00,32.00,31.82,31.82,141400,4508281.00
2022/07/06,1031,31.72,31.90,31.72,31.84,335100,10646603.00
2022/07/06,1032,31.83,31.90,31.78,31.90,194300,6184897.00
2022/07/06,1033,31.87,31.90,31.83,31.83,160600,5121745.00
2022/07/06,1034,31.80,31.90,31.80,31.82,106200,3382007.00
2022/07/06,1035,31.85,32.15,31.85,31.95,390800,12508074.00
2022/07/06,1036,31.90,31.90,31.50,31.53,237900,7536246.00
2022/07/06,1037,31.58,32.05,31.57,32.05,226100,7184103.00
2022/07/06,1038,32.05,32.20,32.05,32.18,325200,10458759.00
2022/07/06,1039,32.07,32.16,32.00,32.16,150200,4825748.00
2022/07/06,1040,32.17,32.46,32.16,32.40,246000,7942132.00
2022/07/06,1041,32.40,32.55,32.21,32.55,264600,8581444.00
2022/07/06,1042,32.57,32.57,32.40,32.40,215800,7019098.00
2022/07/06,1043,32.41,32.52,32.31,32.51,220500,7153049.00
2022/07/06,1044,32.51,32.52,32.23,32.30,137800,4470738.00
2022/07/06,1045,32.23,32.24,32.00,32.04,179400,5767822.00
2022/07/06,1046,32.01,32.15,31.97,32.11,190300,6095382.00
2022/07/06,1047,32.11,32.13,32.02,32.10,109600,3519532.00
2022/07/06,1048,32.08,32.31,32.02,32.19,109300,3517034.00
2022/07/06,1049,32.12,32.16,32.00,32.10,226900,7281802.00
2022/07/06,1050,32.10,32.33,32.01,32.30,231800,7462229.00
2022/07/06,1051,32.25,32.55,32.25,32.55,260500,8440106.00
2022/07/06,1052,32.52,32.57,32.44,32.56,191500,6229011.00
2022/07/06,1053,32.50,32.61,32.48,32.48,179200,5826429.00
2022/07/06,1054,32.49,32.49,32.31,32.31,115600,3751850.00
2022/07/06,1055,32.31,32.31,32.18,32.18,123600,3988022.00
2022/07/06,1056,32.18,32.18,31.96,32.00,146600,4700990.00
2022/07/06,1057,31.99,31.99,31.85,31.87,157700,5029433.00
2022/07/06,1058,31.90,31.91,31.84,31.85,229100,7304609.00
2022/07/06,1059,31.85,31.85,31.70,31.72,228100,7252390.00
2022/07/06,1100,31.72,31.77,31.68,31.76,224000,7097091.00
2022/07/06,1101,31.77,31.91,31.77,31.89,122900,3913675.00
2022/07/06,1102,31.90,31.90,31.70,31.72,155900,4953857.00
2022/07/06,1103,31.71,31.72,31.51,31.52,125100,3956805.00
2022/07/06,1104,31.50,31.52,31.42,31.42,157800,4970547.00
2022/07/06,1105,31.44,31.50,31.42,31.43,173600,5458691.00
2022/07/06,1106,31.44,31.60,31.41,31.53,102000,3210415.00
2022/07/06,1107,31.54,31.68,31.54,31.64,99500,3146195.00
2022/07/06,1108,31.64,31.64,31.58,31.58,68800,2172237.00
2022/07/06,1109,31.58,31.62,31.57,31.62,99900,3155463.00
2022/07/06,1110,31.62,31.74,31.62,31.74,128000,4056659.00
2022/07/06,1111,31.76,32.04,31.75,32.04,178700,5706716.00
2022/07/06,1112,32.00,32.04,31.90,31.99,120000,3836013.00
2022/07/06,1113,31.96,32.02,31.90,31.90,116000,3707732.00
2022/07/06,1114,31.90,31.90,31.79,31.88,76100,2424365.00
2022/07/06,1115,31.87,32.00,31.87,32.00,129300,4127629.00
2022/07/06,1116,32.00,32.02,31.68,31.76,213000,6770695.00
2022/07/06,1117,31.76,31.81,31.76,31.80,91600,2914101.00
2022/07/06,1118,31.79,31.80,31.72,31.72,107200,3407117.00
2022/07/06,1119,31.69,31.70,31.62,31.62,102700,3250119.00
2022/07/06,1120,31.62,31.67,31.60,31.67,115900,3667329.00
2022/07/06,1121,31.66,31.70,31.66,31.68,67600,2142828.00
2022/07/06,1122,31.68,31.72,31.68,31.70,92700,2937623.00
2022/07/06,1123,31.70,31.71,31.63,31.67,102200,3240526.00
2022/07/06,1124,31.70,31.96,31.70,31.96,135100,4299963.00
2022/07/06,1125,31.96,32.39,31.96,32.39,301700,9698120.00
2022/07/06,1126,32.40,32.50,32.40,32.45,358500,11643390.00
2022/07/06,1127,32.46,33.62,32.46,33.62,780200,25761448.00
2022/07/06,1128,33.61,33.80,33.16,33.25,324600,10883363.00
2022/07/06,1129,33.26,34.62,33.25,34.59,654000,22165280.00
2022/07/06,1130,34.68,35.50,34.68,35.40,485200,16981652.00
2022/07/06,1301,35.89,38.37,35.89,38.00,687800,25303094.00
2022/07/06,1302,38.00,38.00,35.80,35.80,372200,13805931.00
2022/07/06,1303,36.00,36.98,35.80,36.52,368500,13405192.00
2022/07/06,1304,36.40,36.40,35.80,35.80,179200,6473608.00
2022/07/06,1305,35.78,36.11,35.55,36.11,201000,7209298.00
2022/07/06,1306,36.10,36.10,35.80,35.80,91000,3275274.00
2022/07/06,1307,35.83,35.97,35.83,35.97,139700,5008162.00
2022/07/06,1308,35.97,36.08,35.81,35.81,159200,5733050.00
2022/07/06,1309,35.80,35.80,35.40,35.40,117600,4174973.00
2022/07/06,1310,35.35,35.45,35.20,35.45,143600,5076851.00
2022/07/06,1311,35.39,35.45,35.39,35.43,56800,2013147.00
2022/07/06,1312,35.42,35.43,35.00,35.00,138300,4889486.00
2022/07/06,1313,35.00,35.03,34.77,34.93,191400,6682267.00
2022/07/06,1314,34.93,35.01,34.90,35.00,122200,4273491.00
2022/07/06,1315,35.01,35.15,35.00,35.09,106700,3746084.00
2022/07/06,1316,35.10,35.15,35.10,35.11,69500,2439071.00
2022/07/06,1317,35.11,35.30,35.11,35.30,96300,3387200.00
2022/07/06,1318,35.25,35.81,35.25,35.81,73700,2619746.00
2022/07/06,1319,35.90,36.29,35.81,36.29,178800,6445622.00
2022/07/06,1320,36.38,36.66,35.97,35.98,237200,8648926.00
2022/07/06,1321,35.98,35.98,35.67,35.70,99100,3560218.00
2022/07/06,1322,35.69,35.69,35.55,35.62,26800,956463.00
2022/07/06,1323,35.62,35.63,35.55,35.57,35200,1250788.00
2022/07/06,1324,35.60,35.98,35.60,35.98,61300,2189504.00
2022/07/06,1325,35.90,35.90,35.62,35.62,73200,2620175.00
2022/07/06,1326,35.62,35.80,35.55,35.55,60400,2151101.00
2022/07/06,1327,35.63,35.63,35.21,35.21,53300,1890705.00
2022/07/06,1328,35.21,35.21,35.02,35.02,68000,2384674.00
2022/07/06,1329,35.02,35.02,34.80,34.85,132900,4648053.00
2022/07/06,1330,34.85,34.91,34.70,34.70,78100,2726309.00
2022/07/06,1331,34.70,34.70,34.55,34.55,62500,2165632.00
2022/07/06,1332,34.54,34.54,34.27,34.27,44200,1521482.00
2022/07/06,1333,34.23,34.28,33.95,34.00,133100,4541727.00
2022/07/06,1334,34.00,34.25,34.00,34.25,74700,2546512.00
2022/07/06,1335,34.24,34.44,34.24,34.24,114700,3943064.00
2022/07/06,1336,34.37,34.37,34.01,34.03,58500,1997441.00
2022/07/06,1337,34.01,34.08,34.00,34.03,145000,4933769.00
2022/07/06,1338,34.03,34.05,33.92,33.92,98600,3354321.00
2022/07/06,1339,33.91,33.96,33.76,33.76,143900,4874233.00
2022/07/06,1340,33.76,33.76,33.55,33.60,143600,4832882.00
2022/07/06,1341,33.60,33.80,33.60,33.69,103800,3491585.00
2022/07/06,1342,33.70,33.70,33.52,33.52,133200,4480016.00
2022/07/06,1343,33.55,33.55,33.17,33.17,167300,5582427.00
2022/07/06,1344,33.30,33.30,33.15,33.21,104800,3481116.00
2022/07/06,1345,33.18,33.50,33.17,33.48,207200,6893661.00
2022/07/06,1346,33.48,33.48,33.33,33.35,125100,4180348.00
2022/07/06,1347,33.35,33.36,33.26,33.30,88700,2955081.00
2022/07/06,1348,33.27,33.31,33.22,33.22,164900,5483252.00
2022/07/06,1349,33.22,33.23,33.10,33.10,74100,2460245.00
2022/07/06,1350,33.07,33.07,33.00,33.00,100300,3309154.00
2022/07/06,1351,32.98,33.01,32.83,32.85,96700,3184186.00
2022/07/06,1352,32.88,32.88,32.63,32.70,206500,6768088.00
2022/07/06,1353,32.70,33.30,32.70,33.26,125800,4143304.00
2022/07/06,1354,33.30,33.65,33.26,33.65,116400,3881492.00
2022/07/06,1355,33.65,34.12,33.65,34.10,89600,3035435.00
2022/07/06,1356,34.15,34.38,33.85,33.85,149800,5110940.00
2022/07/06,1357,34.00,34.00,33.05,33.06,102500,3415718.00
2022/07/06,1358,33.06,33.33,33.06,33.33,147200,4875894.00
2022/07/06,1359,33.37,33.43,33.33,33.40,106100,3542228.00
2022/07/06,1400,33.43,33.43,33.21,33.21,38200,1274857.00
2022/07/06,1401,33.22,33.22,32.90,32.90,141100,4668952.00
2022/07/06,1402,32.90,32.95,32.90,32.90,143600,4726907.00
2022/07/06,1403,32.91,33.10,32.90,33.10,92100,3036690.00
2022/07/06,1404,33.10,33.13,32.96,32.96,65500,2166465.00
2022/07/06,1405,32.98,33.02,32.93,32.97,112000,3693382.00
2022/07/06,1406,33.01,33.13,32.98,33.09,125200,4136530.00
2022/07/06,1407,33.05,33.20,33.03,33.05,132200,4374468.00
2022/07/06,1408,33.10,33.11,33.05,33.11,116200,3843300.00
2022/07/06,1409,33.11,33.20,33.06,33.12,154200,5107764.00
2022/07/06,1410,33.13,33.24,33.10,33.10,102100,3382668.00
2022/07/06,1411,33.07,33.07,32.96,32.96,123100,4068390.00
2022/07/06,1412,32.94,32.94,32.91,32.91,121100,3988203.00
2022/07/06,1413,32.92,32.94,32.91,32.93,115000,3787206.00
2022/07/06,1414,32.93,33.03,32.93,33.02,139800,4613472.00
2022/07/06,1415,33.01,33.02,32.95,32.95,120900,3990256.00
2022/07/06,1416,32.94,33.04,32.94,32.96,136800,4514032.00
2022/07/06,1417,32.95,33.01,32.93,33.00,106800,3520811.00
2022/07/06,1418,32.98,33.02,32.96,33.00,150600,4970043.00
2022/07/06,1419,33.01,33.03,32.96,33.00,202500,6680377.00
2022/07/06,1420,32.97,32.98,32.95,32.96,91500,3015961.00
2022/07/06,1421,32.97,32.97,32.93,32.94,106500,3507413.00
2022/07/06,1422,32.94,33.00,32.92,33.00,125000,4118641.00
2022/07/06,1423,32.95,32.97,32.93,32.94,94100,3102743.00
2022/07/06,1424,32.95,32.95,32.92,32.92,120900,3980085.00
2022/07/06,1425,32.92,32.97,32.92,32.93,108400,3572350.00
2022/07/06,1426,32.93,33.00,32.92,33.00,159200,5244800.00
2022/07/06,1427,33.02,33.40,33.02,33.40,91800,3044047.00
2022/07/06,1428,33.49,34.30,33.49,34.26,184300,6244694.00
2022/07/06,1429,34.30,34.36,34.16,34.36,171500,5879923.00
2022/07/06,1430,34.30,34.60,34.30,34.50,75200,2589982.00
2022/07/06,1431,34.57,35.07,34.57,35.03,339600,11861379.00
2022/07/06,1432,34.57,34.60,34.04,34.04,83100,2861106.00
2022/07/06,1433,34.04,34.04,33.86,33.87,76500,2595676.00
2022/07/06,1434,33.86,33.86,33.57,33.68,72700,2449298.00
2022/07/06,1435,33.70,34.01,33.70,34.01,96700,3277886.00
2022/07/06,1436,33.91,33.91,33.68,33.80,153800,5196384.00
2022/07/06,1437,33.80,33.93,33.80,33.88,58300,1975368.00
2022/07/06,1438,33.90,33.90,33.78,33.78,91500,3093554.00
2022/07/06,1439,33.78,33.81,33.68,33.68,88000,2974110.00
2022/07/06,1440,33.70,33.70,33.50,33.57,55500,1866951.00
2022/07/06,1441,33.57,33.61,33.53,33.55,36600,1229032.00
2022/07/06,1442,33.55,33.57,33.54,33.54,64600,2167409.00
2022/07/06,1443,33.54,33.59,33.53,33.58,56900,1910129.00
2022/07/06,1444,33.58,33.61,33.55,33.55,74500,2502819.00
2022/07/06,1445,33.58,33.60,33.55,33.60,118100,3964437.00
2022/07/06,1446,33.60,33.65,33.60,33.62,124200,4173991.00
2022/07/06,1447,33.66,33.92,33.66,33.91,57200,1931048.00
2022/07/06,1448,33.95,34.10,33.95,34.10,95900,3262669.00
2022/07/06,1449,34.11,34.25,34.11,34.25,66100,2258886.00
2022/07/06,1450,34.30,34.73,34.25,34.60,179600,6201868.00
2022/07/06,1451,34.78,34.80,34.58,34.80,199100,6907293.00
2022/07/06,1452,34.80,34.86,34.66,34.66,130000,4521050.00
2022/07/06,1453,34.62,34.62,34.20,34.20,180800,6229849.00
2022/07/06,1454,34.20,34.20,33.50,33.50,116600,3932073.00
2022/07/06,1455,33.48,33.48,33.39,33.43,261600,8736723.00
2022/07/06,1456,33.43,33.66,33.43,33.66,202500,6787868.00
2022/07/06,1457,33.64,33.99,33.64,33.99,200500,6772915.00
2022/07/06,1458,33.98,33.98,33.98,33.98,7100,241336.00
2022/07/06,1459,33.98,33.98,33.98,33.98,0,0.00
2022/07/06,1500,34.08,34.08,34.08,34.08,492300,16779936.00
2022/07/07,0931,32.08,32.08,31.40,31.41,3086700,98492656.00
2022/07/07,0932,31.38,31.70,31.22,31.67,1513600,47623436.00
2022/07/07,0933,31.76,31.96,30.80,30.85,1261600,39686376.00
2022/07/07,0934,30.81,31.39,30.55,31.38,1065700,33059832.00
2022/07/07,0935,31.36,31.47,31.29,31.47,575800,18061924.00
2022/07/07,0936,31.47,31.47,31.05,31.30,575100,17946196.00
2022/07/07,0937,31.33,31.50,31.00,31.00,592500,18535876.00
2022/07/07,0938,30.98,31.59,30.98,31.32,447900,14010746.00
2022/07/07,0939,31.32,31.39,31.25,31.37,281500,8813989.00
2022/07/07,0940,31.31,31.37,31.05,31.22,379100,11832544.00
2022/07/07,0941,31.22,31.24,31.00,31.00,594600,18497004.00
2022/07/07,0942,31.07,31.55,31.05,31.50,323700,10165623.00
2022/07/07,0943,31.66,31.66,30.88,30.91,551100,17140576.00
2022/07/07,0944,30.88,31.34,30.88,31.33,432700,13412292.00
2022/07/07,0945,31.34,31.34,31.02,31.03,216800,6752843.00
2022/07/07,0946,31.03,31.07,30.81,30.87,407800,12619223.00
2022/07/07,0947,30.89,30.95,30.47,30.50,689300,21170552.00
2022/07/07,0948,30.46,30.46,29.52,29.95,1042000,31275378.00
2022/07/07,0949,29.98,29.98,29.68,29.87,863200,25769788.00
2022/07/07,0950,29.89,30.05,29.85,30.05,749900,22450994.00
2022/07/07,0951,30.06,30.12,29.70,29.70,640800,19186330.00
2022/07/07,0952,29.78,30.01,29.73,30.01,353400,10539628.00
2022/07/07,0953,30.00,30.08,29.90,30.00,429000,12861136.00
2022/07/07,0954,29.99,30.03,29.83,29.92,237100,7095923.00
2022/07/07,0955,29.92,30.00,29.83,29.98,283200,8469587.00
2022/07/07,0956,30.01,30.27,29.97,30.27,293200,8817084.00
2022/07/07,0957,30.29,30.29,30.10,30.12,305100,9212297.00
2022/07/07,0958,30.17,30.17,29.79,29.79,270800,8100276.00
2022/07/07,0959,29.77,29.82,29.71,29.82,200900,5977570.00
2022/07/07,1000,29.83,29.89,29.77,29.77,289700,8635459.00
2022/07/07,1001,29.76,29.99,29.73,29.99,217800,6497813.00
2022/07/07,1002,29.98,29.98,29.60,29.66,601300,17882092.00
2022/07/07,1003,29.70,29.90,29.70,29.88,260800,7777871.00
2022/07/07,1004,29.88,29.88,29.63,29.66,308900,9179236.00
2022/07/07,1005,29.52,29.52,29.01,29.04,657500,19259404.00
2022/07/07,1006,29.09,29.42,29.09,29.42,271200,7915320.00
2022/07/07,1007,29.49,29.49,29.40,29.40,264800,7794691.00
2022/07/07,1008,29.40,29.45,29.32,29.41,257500,7565485.00
2022/07/07,1009,29.42,29.51,29.42,29.51,99100,2920305.00
2022/07/07,1010,29.56,29.60,29.32,29.34,248500,7325704.00
2022/07/07,1011,29.30,29.30,29.14,29.18,268100,7837346.00
2022/07/07,1012,29.17,29.40,29.17,29.29,208100,6093828.00
2022/07/07,1013,29.29,29.40,29.29,29.39,132000,3872231.00
2022/07/07,1014,29.41,29.42,29.34,29.42,237300,6969855.00
2022/07/07,1015,29.45,29.70,29.41,29.66,100100,2961071.00
2022/07/07,1016,29.70,29.87,29.70,29.80,262500,7817899.00
2022/07/07,1017,29.77,29.77,29.55,29.64,212100,6295125.00
2022/07/07,1018,29.66,29.70,29.59,29.61,147600,4376634.00
2022/07/07,1019,29.65,29.72,29.62,29.70,137300,4074144.00
2022/07/07,1020,29.69,29.72,29.61,29.62,128300,3805076.00
2022/07/07,1021,29.61,29.61,29.42,29.42,130700,3859959.00
2022/07/07,1022,29.41,29.61,29.41,29.60,126300,3725131.00
2022/07/07,1023,29.59,29.61,29.40,29.42,117100,3456938.00
2022/07/07,1024,29.45,29.63,29.42,29.63,72300,2132270.00
2022/07/07,1025,29.63,29.67,29.59,29.67,101100,2992241.00
2022/07/07,1026,29.60,29.75,29.58,29.71,79900,2367764.00
2022/07/07,1027,29.71,29.83,29.70,29.83,90900,2702651.00
2022/07/07,1028,29.80,29.88,29.80,29.84,176000,5253538.00
2022/07/07,1029,29.85,29.85,29.60,29.65,92800,2763721.00
2022/07/07,1030,29.66,29.79,29.61,29.66,69900,2075218.00
2022/07/07,1031,29.63,29.63,29.45,29.45,109500,3239420.00
2022/07/07,1032,29.45,29.58,29.43,29.58,58600,1727748.00
2022/07/07,1033,29.58,29.78,29.58,29.68,45900,1363168.00
2022/07/07,1034,29.70,29.75,29.65,29.67,65200,1934370.00
2022/07/07,1035,29.68,29.68,29.62,29.65,58200,1726654.00
2022/07/07,1036,29.67,29.80,29.60,29.80,69000,2052740.00
2022/07/07,1037,29.80,29.94,29.80,29.94,111900,3336639.00
2022/07/07,1038,29.94,29.96,29.80,29.83,142900,4273633.00
2022/07/07,1039,29.80,29.80,29.63,29.66,32900,979067.00
2022/07/07,1040,29.63,29.66,29.50,29.50,106200,3140488.00
2022/07/07,1041,29.49,29.50,29.46,29.48,103100,3037361.00
2022/07/07,1042,29.48,29.63,29.48,29.63,85200,2519856.00
2022/07/07,1043,29.65,29.73,29.65,29.73,48500,1438128.00
2022/07/07,1044,29.73,29.77,29.67,29.67,62900,1869860.00
2022/07/07,1045,29.66,29.66,29.60,29.62,49600,1469602.00
2022/07/07,1046,29.63,29.63,29.40,29.40,282800,8342070.00
2022/07/07,1047,29.38,29.38,29.25,29.30,173100,5077480.00
2022/07/07,1048,29.30,29.32,29.20,29.26,266300,7785429.00
2022/07/07,1049,29.26,29.50,29.26,29.45,44300,1307348.00
2022/07/07,1050,29.46,29.46,29.35,29.38,102100,2997757.00
2022/07/07,1051,29.44,29.44,29.37,29.44,58000,1706120.00
2022/07/07,1052,29.46,29.46,29.34,29.34,100000,2939930.00
2022/07/07,1053,29.38,29.39,29.34,29.35,81900,2405274.00
2022/07/07,1054,29.36,29.40,29.29,29.30,98800,2898808.00
2022/07/07,1055,29.29,29.29,29.10,29.20,184100,5375548.00
2022/07/07,1056,29.19,29.32,29.19,29.30,163700,4788388.00
2022/07/07,1057,29.30,29.33,29.25,29.33,42100,1232666.00
2022/07/07,1058,29.39,29.44,29.33,29.40,38400,1128990.00
2022/07/07,1059,29.44,29.45,29.38,29.45,40300,1186510.00
2022/07/07,1100,29.45,29.45,29.39,29.39,30800,905710.00
2022/07/07,1101,29.39,29.39,29.28,29.28,95600,2802467.00
2022/07/07,1102,29.27,29.39,29.27,29.36,74500,2180501.00
2022/07/07,1103,29.35,29.40,29.33,29.40,42400,1248767.00
2022/07/07,1104,29.39,29.45,29.33,29.44,42600,1251096.00
2022/07/07,1105,29.41,29.42,29.32,29.33,79200,2326070.00
2022/07/07,1106,29.30,29.30,29.05,29.05,238700,6963241.00
2022/07/07,1107,29.02,29.02,28.80,29.00,613200,17765304.00
2022/07/07,1108,28.91,29.18,28.91,29.18,99800,2897582.00
2022/07/07,1109,29.18,29.19,28.98,29.09,150700,4379534.00
2022/07/07,1110,29.12,29.12,28.93,29.06,162300,4704531.00
2022/07/07,1111,29.01,29.36,29.00,29.20,91700,2670377.00
2022/07/07,1112,29.18,29.18,29.12,29.13,40400,1176829.00
2022/07/07,1113,29.19,29.32,29.19,29.30,127300,3719796.00
2022/07/07,1114,29.29,29.36,29.29,29.29,49400,1448341.00
2022/07/07,1115,29.29,29.30,29.09,29.20,89800,2620405.00
2022/07/07,1116,29.22,29.28,29.10,29.20,58200,1700458.00
2022/07/07,1117,29.20,29.20,29.10,29.12,123400,3596419.00
2022/07/07,1118,29.12,29.18,29.07,29.18,38000,1106381.00
2022/07/07,1119,29.18,29.27,29.18,29.27,36800,1076594.00
2022/07/07,1120,29.26,29.34,29.18,29.33,99000,2897945.00
2022/07/07,1121,29.21,29.22,29.18,29.21,62500,1826637.00
2022/07/07,1122,29.18,29.38,29.18,29.36,56100,1643230.00
2022/07/07,1123,29.38,29.44,29.36,29.44,39100,1149879.00
2022/07/07,1124,29.46,29.58,29.46,29.50,74000,2184929.00
2022/07/07,1125,29.49,29.49,29.38,29.41,37000,1087718.00
2022/07/07,1126,29.43,29.49,29.38,29.42,87700,2585834.00
2022/07/07,1127,29.42,29.50,29.40,29.41,36000,1060605.00
2022/07/07,1128,29.42,29.49,29.40,29.42,34500,1016129.00
2022/07/07,1129,29.43,29.50,29.29,29.48,85400,2511524.00
2022/07/07,1130,29.49,29.50,29.42,29.50,44600,1313893.00
2022/07/07,1301,29.54,29.54,29.31,29.35,258800,7623944.00
2022/07/07,1302,29.32,29.40,29.30,29.40,52200,1533415.00
2022/07/07,1303,29.33,29.40,29.26,29.26,78600,2303757.00
2022/07/07,1304,29.26,29.26,29.14,29.15,70200,2048695.00
2022/07/07,1305,29.15,29.30,29.15,29.30,76400,2229865.00
2022/07/07,1306,29.24,29.30,29.24,29.26,64900,1898893.00
2022/07/07,1307,29.27,29.30,29.26,29.30,48100,1409001.00
2022/07/07,1308,29.25,29.27,29.22,29.27,71100,2079585.00
2022/07/07,1309,29.25,29.28,29.25,29.26,41300,1210424.00
2022/07/07,1310,29.26,29.31,29.25,29.28,34200,1000083.00
2022/07/07,1311,29.27,29.27,29.17,29.17,69100,2020100.00
2022/07/07,1312,29.20,29.20,29.11,29.17,111600,3252437.00
2022/07/07,1313,29.15,29.21,29.15,29.19,33800,984674.00
2022/07/07,1314,29.20,29.25,29.19,29.25,66200,1937014.00
2022/07/07,1315,29.25,29.50,29.25,29.50,71000,2083836.00
2022/07/07,1316,29.52,29.77,29.52,29.63,193600,5740638.00
2022/07/07,1317,29.63,29.78,29.60,29.78,85300,2537084.00
2022/07/07,1318,29.80,29.80,29.60,29.60,113900,3382762.00
2022/07/07,1319,29.61,29.74,29.61,29.74,62500,1854327.00
2022/07/07,1320,29.80,29.80,29.50,29.50,94600,2809756.00
2022/07/07,1321,29.50,29.52,29.40,29.43,49100,1446940.00
2022/07/07,1322,29.41,29.41,29.29,29.30,75400,2212447.00
2022/07/07,1323,29.30,29.30,29.22,29.30,39200,1146087.00
2022/07/07,1324,29.29,29.30,29.26,29.26,86500,2533166.00
2022/07/07,1325,29.28,29.39,29.28,29.32,35300,1035783.00
2022/07/07,1326,29.32,29.39,29.31,29.39,31100,912586.00
2022/07/07,1327,29.39,29.48,29.30,29.31,41300,1213717.00
2022/07/07,1328,29.31,29.47,29.26,29.26,80300,2352899.00
2022/07/07,1329,29.30,29.30,29.23,29.28,28600,838533.00
2022/07/07,1330,29.30,29.34,29.28,29.30,41100,1203355.00
2022/07/07,1331,29.30,29.36,29.30,29.31,30300,888676.00
2022/07/07,1332,29.30,29.32,29.29,29.29,71000,2081887.00
2022/07/07,1333,29.29,29.29,29.17,29.20,112700,3293075.00
2022/07/07,1334,29.20,29.28,29.20,29.28,36700,1071926.00
2022/07/07,1335,29.27,29.29,29.23,29.29,28700,841919.00
2022/07/07,1336,29.29,29.47,29.29,29.41,24400,718005.00
2022/07/07,1337,29.46,29.59,29.46,29.51,42300,1246537.00
2022/07/07,1338,29.51,29.53,29.38,29.39,57200,1682961.00
2022/07/07,1339,29.38,29.49,29.37,29.42,31200,918161.00
2022/07/07,1340,29.30,29.42,29.27,29.29,44000,1290697.00
2022/07/07,1341,29.30,29.38,29.20,29.21,183600,5370605.00
2022/07/07,1342,29.20,29.21,29.13,29.13,160300,4677722.00
2022/07/07,1343,29.15,29.28,29.13,29.28,74900,2181980.00
2022/07/07,1344,29.18,29.20,29.10,29.10,132800,3870696.00
2022/07/07,1345,29.10,29.10,28.97,28.99,302300,8773903.00
2022/07/07,1346,28.99,29.11,28.99,29.09,324400,9408545.00
2022/07/07,1347,29.09,29.13,29.03,29.06,74200,2155988.00
2022/07/07,1348,29.06,29.14,29.06,29.13,94300,2747446.00
2022/07/07,1349,29.14,29.30,29.14,29.30,171700,5024529.00
2022/07/07,1350,29.29,29.36,29.29,29.36,36000,1056798.00
2022/07/07,1351,29.35,29.41,29.35,29.41,62600,1837964.00
2022/07/07,1352,29.36,29.36,29.15,29.15,145200,4244250.00
2022/07/07,1353,29.14,29.15,29.11,29.11,54800,1594858.00
2022/07/07,1354,29.12,29.16,29.11,29.14,93000,2708587.00
2022/07/07,1355,29.14,29.16,29.03,29.03,87400,2542665.00
2022/07/07,1356,29.02,29.10,29.01,29.06,126700,3678411.00
2022/07/07,1357,29.09,29.15,29.03,29.06,71600,2080771.00
2022/07/07,1358,29.06,29.10,29.05,29.08,85000,2470407.00
2022/07/07,1359,29.08,29.12,29.06,29.06,77100,2241316.00
2022/07/07,1400,29.08,29.09,29.03,29.06,90300,2623115.00
2022/07/07,1401,29.06,29.09,29.02,29.06,74500,2163617.00
2022/07/07,1402,29.06,29.08,29.01,29.07,110700,3214405.00
2022/07/07,1403,29.06,29.16,29.06,29.16,32600,948767.00
2022/07/07,1404,29.17,29.18,29.10,29.17,38200,1114377.00
2022/07/07,1405,29.03,29.17,29.03,29.10,86300,2510401.00
2022/07/07,1406,29.15,29.15,29.10,29.12,35600,1034377.00
2022/07/07,1407,29.13,29.13,29.09,29.10,85300,2483915.00
2022/07/07,1408,29.10,29.10,29.05,29.05,96900,2819510.00
2022/07/07,1409,29.10,29.12,29.05,29.07,36700,1066736.00
2022/07/07,1410,29.06,29.07,28.99,29.00,312600,9068258.00
2022/07/07,1411,29.00,29.02,28.96,28.97,95800,2778778.00
2022/07/07,1412,28.97,29.03,28.96,29.01,121200,3509218.00
2022/07/07,1413,29.03,29.11,29.03,29.07,109800,3192846.00
2022/07/07,1414,29.07,29.07,28.97,28.97,107200,3110562.00
2022/07/07,1415,28.96,28.96,28.84,28.84,254000,7342730.00
2022/07/07,1416,28.83,28.83,28.58,28.63,399300,11474186.00
2022/07/07,1417,28.68,28.80,28.63,28.75,189000,5432319.00
2022/07/07,1418,28.72,28.77,28.63,28.66,289900,8313004.00
2022/07/07,1419,28.67,28.82,28.67,28.73,103200,2968044.00
2022/07/07,1420,28.80,28.80,28.75,28.80,84600,2434920.00
2022/07/07,1421,28.80,28.80,28.75,28.77,115600,3327563.00
2022/07/07,1422,28.77,28.90,28.76,28.90,226900,6534188.00
2022/07/07,1423,28.90,29.09,28.87,29.09,162700,4709446.00
2022/07/07,1424,29.07,29.10,28.98,28.98,82700,2405089.00
2022/07/07,1425,28.97,28.98,28.88,28.93,58900,1701130.00
2022/07/07,1426,28.91,28.92,28.79,28.79,84700,2446505.00
2022/07/07,1427,28.88,28.98,28.88,28.98,65100,1879927.00
2022/07/07,1428,28.98,28.99,28.89,28.89,105100,3041256.00
2022/07/07,1429,28.88,28.88,28.79,28.80,59500,1716389.00
2022/07/07,1430,28.79,28.85,28.78,28.78,70700,2033909.00
2022/07/07,1431,28.79,28.84,28.79,28.83,57600,1659216.00
2022/07/07,1432,28.84,28.90,28.84,28.90,70200,2026861.00
2022/07/07,1433,28.86,28.92,28.86,28.88,72500,2092712.00
2022/07/07,1434,28.89,28.89,28.79,28.79,80100,2309603.00
2022/07/07,1435,28.79,28.81,28.79,28.80,169200,4872137.00
2022/07/07,1436,28.80,28.87,28.80,28.86,57200,1649818.00
2022/07/07,1437,28.90,29.08,28.86,29.05,134600,3900465.00
2022/07/07,1438,29.05,29.08,29.02,29.06,33600,976599.00
2022/07/07,1439,29.08,29.14,29.06,29.14,55900,1625937.00
2022/07/07,1440,29.15,29.20,29.15,29.19,149100,4351684.00
2022/07/07,1441,29.19,29.19,29.10,29.11,84000,2449124.00
2022/07/07,1442,29.11,29.16,29.11,29.16,48700,1419854.00
2022/07/07,1443,29.17,29.17,29.14,29.15,75100,2188577.00
2022/07/07,1444,29.13,29.18,29.13,29.17,63000,1836815.00
2022/07/07,1445,29.18,29.26,29.17,29.26,112000,3271443.00
2022/07/07,1446,29.24,29.34,29.24,29.34,109500,3208481.00
2022/07/07,1447,29.36,29.70,29.36,29.70,152600,4507785.00
2022/07/07,1448,29.78,30.08,29.78,30.08,265700,7962277.00
2022/07/07,1449,30.09,30.15,29.85,29.87,308200,9253353.00
2022/07/07,1450,29.87,30.20,29.85,30.19,188900,5671867.00
2022/07/07,1451,30.08,30.10,29.65,29.65,173000,5187459.00
2022/07/07,1452,29.70,29.70,29.50,29.52,178500,5276829.00
2022/07/07,1453,29.52,29.68,29.52,29.61,67300,1993691.00
2022/07/07,1454,29.61,29.67,29.43,29.43,128500,3803637.00
2022/07/07,1455,29.40,29.50,29.34,29.50,243300,7164170.00
2022/07/07,1456,29.49,29.49,29.29,29.30,200600,5895155.00
2022/07/07,1457,29.30,29.30,29.10,29.10,177000,5172981.00
2022/07/07,1458,29.10,29.10,29.10,29.10,0,0.00
2022/07/07,1459,29.10,29.10,29.10,29.10,0,0.00
2022/07/07,1500,29.10,29.10,29.10,29.10,491300,14295725.00
2022/07/08,0931,28.49,28.79,28.26,28.79,1076400,30611172.00
2022/07/08,0932,28.80,29.25,28.80,29.00,547200,15888443.00
2022/07/08,0933,28.98,29.25,28.92,29.25,398700,11585065.00
2022/07/08,0934,29.28,29.40,29.17,29.26,265900,7779391.00
2022/07/08,0935,29.27,29.33,29.00,29.00,374500,10932921.00
2022/07/08,0936,29.00,29.15,28.87,29.00,348500,10104522.00
2022/07/08,0937,29.01,29.20,29.01,29.09,259400,7552604.00
2022/07/08,0938,29.07,29.33,29.07,29.33,257100,7515920.00
2022/07/08,0939,29.33,29.35,29.08,29.11,288800,8442160.00
2022/07/08,0940,29.11,29.35,29.05,29.35,215300,6282178.00
2022/07/08,0941,29.40,29.53,29.39,29.53,351100,10347868.00
2022/07/08,0942,29.54,29.86,29.54,29.72,440900,13090245.00
2022/07/08,0943,29.66,29.76,29.55,29.76,236800,7018400.00
2022/07/08,0944,29.70,29.71,29.46,29.50,207300,6143923.00
2022/07/08,0945,29.55,29.78,29.47,29.76,207200,6131649.00
2022/07/08,0946,29.79,29.82,29.68,29.70,454300,13526408.00
2022/07/08,0947,29.69,30.10,29.64,30.08,482300,14398939.00
2022/07/08,0948,30.16,30.33,30.08,30.15,684700,20671822.00
2022/07/08,0949,30.15,30.20,29.89,29.90,304900,9173789.00
2022/07/08,0950,29.91,30.15,29.91,30.00,264500,7945197.00
2022/07/08,0951,29.95,29.95,29.71,29.87,174900,5224799.00
2022/07/08,0952,29.87,29.87,29.70,29.87,180800,5383732.00
2022/07/08,0953,29.87,29.87,29.67,29.69,194300,5778722.00
2022/07/08,0954,29.70,29.73,29.48,29.50,300200,8888858.00
2022/07/08,0955,29.50,29.62,29.48,29.48,196500,5804212.00
2022/07/08,0956,29.47,29.62,29.47,29.49,160300,4741109.00
2022/07/08,0957,29.51,29.51,29.21,29.23,300400,8806724.00
2022/07/08,0958,29.24,29.32,29.11,29.29,115900,3381120.00
2022/07/08,0959,29.33,29.50,29.20,29.20,192800,5651692.00
2022/07/08,1000,29.18,29.20,29.06,29.16,257700,7504862.00
2022/07/08,1001,29.18,29.45,29.16,29.45,161100,4717686.00
2022/07/08,1002,29.40,29.46,29.29,29.39,109800,3223163.00
2022/07/08,1003,29.39,29.39,29.15,29.15,136600,3999538.00
2022/07/08,1004,29.15,29.28,29.15,29.28,63400,1850238.00
2022/07/08,1005,29.27,29.29,29.18,29.18,136400,3985343.00
2022/07/08,1006,29.17,29.19,29.06,29.06,137300,4003004.00
2022/07/08,1007,29.06,29.06,28.92,29.04,225000,6520367.00
2022/07/08,1008,29.04,29.10,29.04,29.10,82300,2393618.00
2022/07/08,1009,29.10,29.19,29.10,29.13,59200,1724902.00
2022/07/08,1010,29.20,29.20,29.04,29.04,99600,2899128.00
2022/07/08,1011,29.02,29.09,28.97,29.07,131800,3826893.00
2022/07/08,1012,29.08,29.10,29.06,29.06,51700,1502899.00
2022/07/08,1013,29.10,29.18,29.10,29.18,52400,1527464.00
2022/07/08,1014,29.18,29.23,29.18,29.19,74800,2184765.00
2022/07/08,1015,29.19,29.19,29.12,29.19,32000,932583.00
2022/07/08,1016,29.19,29.19,29.10,29.11,94200,2744591.00
2022/07/08,1017,29.10,29.10,29.08,29.09,72700,2115127.00
2022/07/08,1018,29.09,29.09,28.97,28.97,99000,2872202.00
2022/07/08,1019,28.98,28.98,28.90,28.92,187900,5435129.00
2022/07/08,1020,28.96,28.96,28.85,28.90,99300,2867905.00
2022/07/08,1021,28.96,29.05,28.90,29.05,37300,1082413.00
2022/07/08,1022,29.05,29.09,28.87,28.89,139400,4034188.00
2022/07/08,1023,28.90,28.99,28.89,28.93,92600,2678638.00
2022/07/08,1024,28.93,28.98,28.90,28.90,140700,4067820.00
2022/07/08,1025,28.88,28.88,28.69,28.69,223500,6433701.00
2022/07/08,1026,28.69,28.74,28.61,28.74,193200,5541021.00
2022/07/08,1027,28.75,28.80,28.72,28.75,252400,7251357.00
2022/07/08,1028,28.73,28.80,28.70,28.76,244200,7015511.00
2022/07/08,1029,28.76,28.89,28.76,28.89,42400,1222796.00
2022/07/08,1030,28.90,28.92,28.80,28.83,81000,2337487.00
2022/07/08,1031,28.83,28.85,28.79,28.84,86300,2486880.00
2022/07/08,1032,28.85,28.87,28.84,28.87,64500,1861908.00
2022/07/08,1033,28.86,28.89,28.82,28.84,62400,1798711.00
2022/07/08,1034,28.85,28.88,28.82,28.86,25900,747563.00
2022/07/08,1035,28.85,28.90,28.82,28.87,56600,1632947.00
2022/07/08,1036,28.83,28.83,28.69,28.69,116200,3340617.00
2022/07/08,1037,28.70,28.77,28.69,28.77,48300,1388389.00
2022/07/08,1038,28.77,28.86,28.77,28.86,32100,923625.00
2022/07/08,1039,28.86,28.87,28.85,28.86,22200,639473.00
2022/07/08,1040,28.85,28.85,28.78,28.78,73700,2125905.00
2022/07/08,1041,28.78,28.78,28.72,28.72,35400,1016860.00
2022/07/08,1042,28.72,28.77,28.70,28.77,81500,2341104.00
2022/07/08,1043,28.77,28.78,28.73,28.75,28500,818670.00
2022/07/08,1044,28.75,28.80,28.75,28.80,52500,1509662.00
2022/07/08,1045,28.83,29.00,28.83,29.00,42100,1218984.00
2022/07/08,1046,29.01,29.12,29.00,29.00,68400,1986336.00
2022/07/08,1047,29.05,29.06,28.96,29.05,77900,2261172.00
2022/07/08,1048,29.06,29.06,28.90,28.90,67000,1938411.00
2022/07/08,1049,28.90,28.96,28.90,28.96,8600,249733.00
2022/07/08,1050,28.97,28.97,28.88,28.88,36200,1045914.00
2022/07/08,1051,28.85,28.93,28.85,28.90,25100,725819.00
2022/07/08,1052,28.90,28.97,28.90,28.97,35800,1034264.00
2022/07/08,1053,28.94,28.94,28.80,28.80,52500,1517728.00
2022/07/08,1054,28.83,28.86,28.80,28.83,17100,492805.00
2022/07/08,1055,28.87,28.94,28.85,28.94,12700,365682.00
2022/07/08,1056,28.97,28.98,28.86,28.87,41300,1195109.00
2022/07/08,1057,28.86,28.86,28.80,28.86,32900,948959.00
2022/07/08,1058,28.81,28.86,28.80,28.82,24200,694845.00
2022/07/08,1059,28.82,28.86,28.80,28.83,40400,1165140.00
2022/07/08,1100,28.80,28.85,28.80,28.81,16200,468002.00
2022/07/08,1101,28.81,28.85,28.79,28.83,53600,1542006.00
2022/07/08,1102,28.83,28.83,28.76,28.77,52400,1508727.00
2022/07/08,1103,28.75,28.76,28.70,28.70,77800,2234859.00
2022/07/08,1104,28.72,28.76,28.69,28.72,43000,1234159.00
2022/07/08,1105,28.72,28.72,28.51,28.51,196600,5628470.00
2022/07/08,1106,28.52,28.71,28.51,28.66,128800,3677110.00
2022/07/08,1107,28.70,28.70,28.61,28.61,48800,1398606.00
2022/07/08,1108,28.61,28.66,28.61,28.66,32600,933786.00
2022/07/08,1109,28.66,28.75,28.64,28.75,35100,1007508.00
2022/07/08,1110,28.78,28.86,28.75,28.83,21800,628438.00
2022/07/08,1111,28.81,28.83,28.73,28.73,20300,583496.00
2022/07/08,1112,28.72,28.74,28.70,28.70,15700,449492.00
2022/07/08,1113,28.70,28.85,28.68,28.85,19700,568514.00
2022/07/08,1114,28.85,29.10,28.85,29.03,50500,1465850.00
2022/07/08,1115,29.05,29.05,28.99,29.00,34800,1009179.00
2022/07/08,1116,29.00,29.03,28.96,28.96,14300,413303.00
2022/07/08,1117,28.96,28.96,28.90,28.96,28500,826070.00
2022/07/08,1118,28.96,29.00,28.96,29.00,5400,157833.00
2022/07/08,1119,29.00,29.07,29.00,29.07,18300,529227.00
2022/07/08,1120,29.10,29.12,29.00,29.05,29200,850477.00
2022/07/08,1121,29.06,29.09,29.02,29.06,36400,1057618.00
2022/07/08,1122,29.06,29.12,29.06,29.12,14300,416245.00
2022/07/08,1123,29.12,29.18,29.12,29.16,61300,1786957.00
2022/07/08,1124,29.13,29.16,29.09,29.11,16900,490082.00
2022/07/08,1125,29.14,29.15,29.08,29.08,40300,1174403.00
2022/07/08,1126,29.05,29.06,29.00,29.00,31400,909584.00
2022/07/08,1127,28.99,29.00,28.96,28.96,4600,134593.00
2022/07/08,1128,28.92,28.99,28.91,28.91,8000,232231.00
2022/07/08,1129,28.91,28.96,28.90,28.91,24300,701130.00
2022/07/08,1130,28.90,28.91,28.89,28.90,17100,494067.00
2022/07/08,1301,28.90,28.90,28.64,28.64,179800,5166012.00
2022/07/08,1302,28.68,28.75,28.62,28.75,77700,2223104.00
2022/07/08,1303,28.75,28.77,28.75,28.77,9000,259949.00
2022/07/08,1304,28.88,28.90,28.70,28.70,100800,2897690.00
2022/07/08,1305,28.70,28.85,28.70,28.85,43100,1242979.00
2022/07/08,1306,28.85,28.88,28.83,28.84,29700,854841.00
2022/07/08,1307,28.83,28.86,28.80,28.86,13100,378563.00
2022/07/08,1308,28.88,28.88,28.85,28.85,22500,650649.00
2022/07/08,1309,28.80,28.80,28.70,28.71,23100,663618.00
2022/07/08,1310,28.70,28.80,28.70,28.74,39800,1141401.00
2022/07/08,1311,28.74,28.80,28.74,28.80,8000,231138.00
2022/07/08,1312,28.82,28.83,28.77,28.80,7200,206697.00
2022/07/08,1313,28.77,28.84,28.77,28.77,17000,490047.00
2022/07/08,1314,28.84,28.85,28.77,28.80,23600,680032.00
2022/07/08,1315,28.80,28.84,28.78,28.83,11700,336243.00
2022/07/08,1316,28.83,28.88,28.79,28.88,30500,879855.00
2022/07/08,1317,28.82,28.93,28.80,28.93,9800,283824.00
2022/07/08,1318,28.87,28.93,28.87,28.87,16000,462439.00
2022/07/08,1319,28.87,29.02,28.87,29.02,32400,935869.00
2022/07/08,1320,29.02,29.10,28.96,28.96,55300,1607854.00
2022/07/08,1321,28.96,28.96,28.88,28.95,44900,1298817.00
2022/07/08,1322,29.00,29.02,28.96,29.02,12000,348530.00
2022/07/08,1323,29.00,29.00,28.90,28.95,23800,689502.00
2022/07/08,1324,28.95,28.95,28.90,28.93,17700,511119.00
2022/07/08,1325,28.96,28.96,28.82,28.82,46700,1348966.00
2022/07/08,1326,28.81,28.87,28.77,28.80,46700,1343893.00
2022/07/08,1327,28.78,28.78,28.65,28.68,68100,1956370.00
2022/07/08,1328,28.66,28.76,28.64,28.76,45800,1315367.00
2022/07/08,1329,28.76,28.76,28.65,28.65,78400,2248901.00
2022/07/08,1330,28.67,28.87,28.67,28.87,27200,781056.00
2022/07/08,1331,28.87,28.87,28.80,28.80,8100,233225.00
2022/07/08,1332,28.83,28.90,28.76,28.80,31400,902883.00
2022/07/08,1333,28.87,29.10,28.81,29.10,46500,1348138.00
2022/07/08,1334,29.09,29.09,28.97,29.00,49300,1434336.00
2022/07/08,1335,29.00,29.00,28.99,28.99,11900,344149.00
2022/07/08,1336,28.97,29.02,28.96,28.96,16200,471335.00
2022/07/08,1337,29.02,29.02,28.97,28.97,19600,567097.00
2022/07/08,1338,28.97,28.97,28.95,28.95,14700,424437.00
2022/07/08,1339,28.95,28.95,28.90,28.90,17200,498857.00
2022/07/08,1340,28.90,28.91,28.86,28.90,49100,1416440.00
2022/07/08,1341,28.85,28.85,28.82,28.82,22100,637525.00
2022/07/08,1342,28.84,28.87,28.80,28.87,34100,983985.00
2022/07/08,1343,28.87,28.91,28.87,28.90,32400,935045.00
2022/07/08,1344,28.91,29.02,28.91,29.02,60300,1748065.00
2022/07/08,1345,29.03,29.13,29.03,29.10,66200,1925945.00
2022/07/08,1346,29.01,29.13,29.01,29.03,36800,1070149.00
2022/07/08,1347,29.03,29.13,29.03,29.13,41200,1198876.00
2022/07/08,1348,29.12,29.46,29.12,29.45,136300,3989057.00
2022/07/08,1349,29.43,29.43,29.27,29.35,116600,3425105.00
2022/07/08,1350,29.33,29.47,29.33,29.43,132800,3903355.00
2022/07/08,1351,29.43,29.62,29.43,29.59,215900,6374586.00
2022/07/08,1352,29.55,29.55,29.33,29.37,90800,2674142.00
2022/07/08,1353,29.38,29.38,29.21,29.25,52600,1541511.00
2022/07/08,1354,29.26,29.34,29.24,29.24,23100,677604.00
2022/07/08,1355,29.24,29.33,29.24,29.33,34800,1019506.00
2022/07/08,1356,29.33,29.34,29.30,29.30,18500,541691.00
2022/07/08,1357,29.28,29.32,29.28,29.28,37600,1103028.00
2022/07/08,1358,29.27,29.36,29.27,29.36,35400,1036536.00
2022/07/08,1359,29.36,29.38,29.34,29.37,18700,549554.00
2022/07/08,1400,29.36,29.36,29.15,29.15,46400,1356763.00
2022/07/08,1401,29.15,29.17,29.14,29.17,25400,741877.00
2022/07/08,1402,29.16,29.21,29.16,29.20,37200,1085972.00
2022/07/08,1403,29.14,29.26,29.14,29.24,45400,1326677.00
2022/07/08,1404,29.22,29.25,29.22,29.25,30700,895083.00
2022/07/08,1405,29.20,29.20,29.15,29.16,7700,223453.00
2022/07/08,1406,29.16,29.19,29.16,29.19,14400,421430.00
2022/07/08,1407,29.18,29.18,29.04,29.04,105000,3060489.00
2022/07/08,1408,29.04,29.04,29.01,29.02,27400,793677.00
2022/07/08,1409,29.02,29.07,29.02,29.07,11500,333433.00
2022/07/08,1410,29.07,29.14,29.07,29.14,23500,684627.00
2022/07/08,1411,29.14,29.14,29.09,29.09,19900,580609.00
2022/07/08,1412,29.08,29.12,29.08,29.12,15000,436571.00
2022/07/08,1413,29.12,29.13,29.10,29.10,21400,620733.00
2022/07/08,1414,29.08,29.11,29.08,29.09,20200,589519.00
2022/07/08,1415,29.09,29.10,29.03,29.03,44800,1302649.00
2022/07/08,1416,29.03,29.03,28.72,28.72,104300,3011230.00
2022/07/08,1417,28.71,28.98,28.70,28.98,49500,1424324.00
2022/07/08,1418,28.92,29.03,28.92,29.03,75500,2188278.00
2022/07/08,1419,29.03,29.03,29.00,29.00,31800,920933.00
2022/07/08,1420,29.00,29.03,28.95,28.95,73700,2137807.00
2022/07/08,1421,28.92,29.00,28.92,28.92,43400,1256827.00
2022/07/08,1422,28.92,29.08,28.91,29.08,25100,728251.00
2022/07/08,1423,29.09,29.10,29.08,29.10,10000,292279.00
2022/07/08,1424,29.10,29.13,29.08,29.08,25100,730497.00
2022/07/08,1425,29.02,29.11,29.02,29.10,16600,481661.00
2022/07/08,1426,29.09,29.09,29.02,29.09,5800,168357.00
2022/07/08,1427,29.03,29.09,29.03,29.08,5600,163569.00
2022/07/08,1428,29.08,29.08,29.00,29.00,22500,654117.00
2022/07/08,1429,28.92,28.92,28.81,28.81,35000,1008467.00
2022/07/08,1430,28.81,28.86,28.80,28.86,28700,826906.00
2022/07/08,1431,28.87,28.90,28.86,28.90,16400,473554.00
2022/07/08,1432,28.90,28.90,28.70,28.70,185500,5337663.00
2022/07/08,1433,28.70,28.78,28.69,28.78,40800,1170650.00
2022/07/08,1434,28.78,28.82,28.78,28.82,25200,725414.00
2022/07/08,1435,28.82,28.85,28.79,28.79,41900,1208712.00
2022/07/08,1436,28.78,28.78,28.74,28.74,51900,1490722.00
2022/07/08,1437,28.74,28.74,28.71,28.73,68800,1977397.00
2022/07/08,1438,28.74,28.85,28.74,28.85,20500,589339.00
2022/07/08,1439,28.91,28.94,28.82,28.82,26400,762424.00
2022/07/08,1440,28.80,28.82,28.75,28.81,26700,769122.00
2022/07/08,1441,28.82,28.88,28.81,28.88,12100,350162.00
2022/07/08,1442,28.84,28.90,28.83,28.89,52100,1503747.00
2022/07/08,1443,28.89,28.99,28.88,28.98,38700,1117822.00
2022/07/08,1444,28.99,29.00,28.90,28.90,46900,1360075.00
2022/07/08,1445,28.88,28.88,28.78,28.78,73900,2130470.00
2022/07/08,1446,28.77,28.79,28.71,28.71,90900,2611626.00
2022/07/08,1447,28.71,28.77,28.69,28.77,86200,2474452.00
2022/07/08,1448,28.80,28.80,28.74,28.76,25800,741946.00
2022/07/08,1449,28.78,28.78,28.69,28.69,76100,2187523.00
2022/07/08,1450,28.69,28.75,28.64,28.74,123000,3526909.00
2022/07/08,1451,28.73,28.86,28.73,28.81,90000,2592725.00
2022/07/08,1452,28.81,28.81,28.70,28.70,61200,1761028.00
2022/07/08,1453,28.69,28.73,28.65,28.73,115900,3323445.00
2022/07/08,1454,28.73,28.73,28.62,28.62,159500,4569136.00
2022/07/08,1455,28.62,28.67,28.62,28.67,139000,3979794.00
2022/07/08,1456,28.65,28.69,28.63,28.63,103900,2979211.00
2022/07/08,1457,28.63,28.65,28.55,28.56,230600,6593267.00
2022/07/08,1458,28.56,28.56,28.56,28.56,0,0.00
2022/07/08,1459,28.56,28.56,28.56,28.56,0,0.00
2022/07/08,1500,28.50,28.50,28.50,28.50,445400,12692503.00
数据来源:通达信
