2022/07/08,0931,58.00,58.00,55.00,55.03,962600,54897268.00
2022/07/08,0932,54.92,54.92,53.02,53.25,195500,10484605.00
2022/07/08,0933,53.36,55.02,53.36,54.40,196000,10659447.00
2022/07/08,0934,54.50,54.50,53.36,53.40,131300,7104870.00
2022/07/08,0935,53.40,53.75,53.21,53.21,143600,7670437.00
2022/07/08,0936,53.21,53.21,52.89,52.89,131700,6986573.00
2022/07/08,0937,52.90,54.01,52.89,54.01,131300,7002736.00
2022/07/08,0938,54.01,54.20,53.44,53.50,77000,4149558.00
2022/07/08,0939,53.49,53.56,53.42,53.42,74300,3969360.00
2022/07/08,0940,53.40,53.40,52.86,52.86,68300,3625116.00
2022/07/08,0941,52.85,52.90,52.10,52.30,79500,4180023.00
2022/07/08,0942,52.20,52.30,51.80,51.88,144600,7529340.00
2022/07/08,0943,51.91,51.98,51.35,51.35,123200,6387706.00
2022/07/08,0944,51.13,51.13,50.56,50.82,130500,6645652.00
2022/07/08,0945,50.82,50.82,50.38,50.50,154300,7815780.00
2022/07/08,0946,50.35,50.35,49.13,49.50,192200,9573959.00
2022/07/08,0947,49.50,50.34,49.50,50.19,204100,10207480.00
2022/07/08,0948,50.34,51.00,50.34,50.61,91900,4650976.00
2022/07/08,0949,50.62,50.62,50.20,50.21,86800,4374069.00
2022/07/08,0950,50.20,50.21,50.00,50.08,114900,5760599.00
2022/07/08,0951,50.06,50.10,50.00,50.03,83000,4149733.00
2022/07/08,0952,50.03,50.03,49.88,49.88,116900,5849091.00
2022/07/08,0953,49.80,49.81,49.38,49.38,83600,4139363.00
2022/07/08,0954,49.40,50.00,49.40,49.90,123500,6124772.00
2022/07/08,0955,50.01,50.01,49.71,49.73,66500,3320800.00
2022/07/08,0956,49.71,49.81,49.71,49.75,76900,3823719.00
2022/07/08,0957,49.75,49.81,49.61,49.69,128600,6393163.00
2022/07/08,0958,49.72,49.75,49.69,49.71,41500,2064831.00
2022/07/08,0959,49.73,49.73,49.70,49.70,85000,4226862.00
2022/07/08,1000,49.61,49.65,49.60,49.61,113100,5612191.00
2022/07/08,1001,49.58,49.58,49.26,49.26,91200,4507361.00
2022/07/08,1002,49.23,49.24,49.16,49.18,123400,6073508.00
2022/07/08,1003,49.17,49.26,49.16,49.25,85900,4225236.00
2022/07/08,1004,49.25,49.26,49.20,49.20,43500,2141694.00
2022/07/08,1005,49.20,49.20,49.17,49.20,43400,2135345.00
2022/07/08,1006,49.20,49.71,49.20,49.71,78800,3883190.00
2022/07/08,1007,49.71,50.35,49.71,50.00,55300,2764484.00
2022/07/08,1008,49.99,50.00,49.68,49.78,42100,2099869.00
2022/07/08,1009,49.70,49.86,49.52,49.67,26300,1303683.00
2022/07/08,1010,49.67,49.90,49.65,49.68,41300,2055640.00
2022/07/08,1011,49.80,49.90,49.69,49.90,41700,2073484.00
2022/07/08,1012,49.73,50.49,49.73,50.49,58600,2924880.00
2022/07/08,1013,50.82,51.13,50.49,51.00,50400,2564417.00
2022/07/08,1014,51.18,51.33,50.53,50.80,61400,3129872.00
2022/07/08,1015,50.70,50.70,50.40,50.55,39000,1966521.00
2022/07/08,1016,50.52,50.91,50.51,50.91,81300,4119130.00
2022/07/08,1017,50.55,51.01,50.55,51.01,61100,3102835.00
2022/07/08,1018,51.02,51.58,51.00,51.40,63100,3238399.00
2022/07/08,1019,51.33,51.33,50.90,51.16,40700,2076621.00
2022/07/08,1020,51.19,51.33,51.16,51.31,20300,1039966.00
2022/07/08,1021,51.28,51.30,51.16,51.26,39000,1999760.00
2022/07/08,1022,51.25,51.25,51.08,51.08,28100,1434853.00
2022/07/08,1023,51.18,51.18,50.88,51.00,43400,2217026.00
2022/07/08,1024,50.85,50.85,50.69,50.78,18400,931681.00
2022/07/08,1025,50.70,50.87,50.70,50.85,25900,1316678.00
2022/07/08,1026,50.85,50.98,50.83,50.83,16200,827192.00
2022/07/08,1027,50.83,50.83,50.73,50.73,9500,480939.00
2022/07/08,1028,50.73,50.78,50.72,50.78,14100,712221.00
2022/07/08,1029,50.75,50.80,50.57,50.57,27900,1416220.00
2022/07/08,1030,50.58,50.58,50.52,50.56,17100,867632.00
2022/07/08,1031,50.51,50.62,50.17,50.62,50700,2554215.00
2022/07/08,1032,50.53,50.64,50.25,50.59,18500,932756.00
2022/07/08,1033,50.59,50.70,50.53,50.70,22600,1144716.00
2022/07/08,1034,50.70,50.72,50.64,50.72,14500,732544.00
2022/07/08,1035,50.79,50.89,50.66,50.72,12200,622740.00
2022/07/08,1036,50.69,50.75,50.63,50.75,12900,653349.00
2022/07/08,1037,50.72,50.72,50.63,50.63,11100,562365.00
2022/07/08,1038,50.66,50.66,50.19,50.19,24700,1247139.00
2022/07/08,1039,50.20,50.25,50.12,50.13,17600,881488.00
2022/07/08,1040,50.13,50.15,50.10,50.11,18600,934022.00
2022/07/08,1041,50.11,50.11,50.01,50.01,37200,1860961.00
2022/07/08,1042,50.02,50.02,49.80,49.87,31800,1586404.00
2022/07/08,1043,49.90,49.98,49.87,49.98,43900,2194060.00
2022/07/08,1044,50.03,50.03,49.90,49.91,14800,738571.00
2022/07/08,1045,49.90,49.97,49.82,49.84,19700,983239.00
2022/07/08,1046,49.85,49.85,49.83,49.85,19700,980117.00
2022/07/08,1047,49.86,49.86,49.66,49.71,51200,2548553.00
2022/07/08,1048,49.63,49.71,49.60,49.68,33200,1649531.00
2022/07/08,1049,49.68,49.68,49.54,49.54,38900,1929746.00
2022/07/08,1050,49.54,50.00,49.52,49.96,48500,2414349.00
2022/07/08,1051,49.67,50.05,49.66,50.05,31300,1564832.00
2022/07/08,1052,50.06,50.58,50.00,50.58,41200,2071559.00
2022/07/08,1053,50.56,50.56,50.11,50.46,8000,404093.00
2022/07/08,1054,50.49,50.54,50.16,50.50,35700,1800266.00
2022/07/08,1055,50.54,50.66,50.50,50.50,37700,1907402.00
2022/07/08,1056,50.26,50.50,50.20,50.49,37600,1894812.00
2022/07/08,1057,50.50,50.50,50.15,50.15,18000,903129.00
2022/07/08,1058,50.20,50.20,50.00,50.00,24500,1225055.00
2022/07/08,1059,50.00,50.05,49.96,50.05,34200,1712998.00
2022/07/08,1100,50.05,50.50,49.88,49.90,20300,1016055.00
2022/07/08,1101,50.02,50.19,49.90,50.19,19900,998139.00
2022/07/08,1102,50.10,50.46,50.00,50.06,32200,1615228.00
2022/07/08,1103,50.46,50.46,50.10,50.30,35800,1797413.00
2022/07/08,1104,50.12,50.15,50.00,50.10,30200,1511059.00
2022/07/08,1105,50.00,50.10,49.92,49.92,16400,821406.00
2022/07/08,1106,49.91,50.42,49.90,50.42,69700,3488499.00
2022/07/08,1107,49.89,50.39,49.89,50.39,55500,2780540.00
2022/07/08,1108,50.40,50.40,49.99,50.37,41700,2089717.00
2022/07/08,1109,50.39,50.41,50.01,50.41,12200,612309.00
2022/07/08,1110,50.03,50.40,50.03,50.05,9300,462802.00
2022/07/08,1111,50.38,50.38,49.99,50.00,37100,1859266.00
2022/07/08,1112,50.00,50.36,50.00,50.00,18700,934029.00
2022/07/08,1113,50.22,50.28,50.01,50.22,9800,492653.00
2022/07/08,1114,50.00,50.22,50.00,50.01,10300,515684.00
2022/07/08,1115,50.12,50.29,50.00,50.10,20500,1025202.00
2022/07/08,1116,50.10,50.35,49.99,50.01,16800,841292.00
2022/07/08,1117,50.35,50.35,49.99,50.35,19000,952585.00
2022/07/08,1118,50.00,50.36,50.00,50.36,12200,611620.00
2022/07/08,1119,50.35,50.40,50.02,50.30,25700,1295245.00
2022/07/08,1120,50.07,50.44,50.03,50.42,11800,593123.00
2022/07/08,1121,50.05,50.44,50.04,50.44,32200,1614693.00
2022/07/08,1122,50.05,50.40,50.05,50.10,8700,438279.00
2022/07/08,1123,50.10,50.44,50.01,50.43,52500,2631528.00
2022/07/08,1124,50.05,50.44,50.01,50.02,26700,1339853.00
2022/07/08,1125,50.42,50.42,50.05,50.41,12700,638629.00
2022/07/08,1126,50.41,50.41,50.08,50.09,11400,576857.00
2022/07/08,1127,50.08,50.42,50.03,50.42,16700,832526.00
2022/07/08,1128,50.42,50.44,50.05,50.40,25800,1299583.00
2022/07/08,1129,50.41,50.44,50.08,50.08,13000,654497.00
2022/07/08,1130,50.40,50.44,50.03,50.03,61800,3096746.00
2022/07/08,1301,50.03,50.03,49.93,50.03,97200,4857510.00
2022/07/08,1302,50.01,50.10,50.01,50.03,23600,1181795.00
2022/07/08,1303,50.00,50.01,49.88,49.89,34800,1737674.00
2022/07/08,1304,49.88,49.89,49.61,49.66,65600,3267896.00
2022/07/08,1305,49.66,49.78,49.59,49.65,29900,1482492.00
2022/07/08,1306,49.65,49.78,49.65,49.77,22900,1139931.00
2022/07/08,1307,49.78,49.88,49.77,49.88,4400,215838.00
2022/07/08,1308,49.91,49.97,49.85,49.97,6500,328276.00
2022/07/08,1309,49.97,50.10,49.97,50.00,30900,1545802.00
2022/07/08,1310,50.00,50.00,49.99,49.99,21000,1046473.00
2022/07/08,1311,50.00,50.00,49.88,49.88,12800,639296.00
2022/07/08,1312,49.86,49.86,49.71,49.81,35600,1773873.00
2022/07/08,1313,49.80,49.81,49.58,49.77,21100,1045963.00
2022/07/08,1314,49.81,49.93,49.62,49.93,10200,510331.00
2022/07/08,1315,49.93,49.95,49.61,49.61,22400,1113265.00
2022/07/08,1316,49.62,49.95,49.62,49.75,15800,784567.00
2022/07/08,1317,49.71,49.90,49.71,49.90,9200,459304.00
2022/07/08,1318,49.89,49.89,49.75,49.75,23800,1189331.00
2022/07/08,1319,49.77,49.77,49.71,49.74,7700,379158.00
2022/07/08,1320,49.70,49.70,49.63,49.67,24100,1198441.00
2022/07/08,1321,49.67,49.69,49.63,49.65,26600,1324341.00
2022/07/08,1322,49.62,49.66,49.62,49.63,11200,551270.00
2022/07/08,1323,49.62,49.66,49.62,49.63,13600,678687.00
2022/07/08,1324,49.61,49.63,49.60,49.60,43600,2160957.00
2022/07/08,1325,49.58,49.59,49.50,49.50,41900,2078293.00
2022/07/08,1326,49.57,49.59,49.50,49.59,14400,713129.00
2022/07/08,1327,49.52,49.52,49.40,49.40,56700,2807057.00
2022/07/08,1328,49.40,49.40,49.23,49.24,66000,3254261.00
2022/07/08,1329,49.30,49.36,49.25,49.35,13200,647017.00
2022/07/08,1330,49.35,49.44,49.35,49.40,10800,532739.00
2022/07/08,1331,49.40,49.56,49.40,49.45,11600,576118.00
2022/07/08,1332,49.43,49.45,49.37,49.38,21200,1047692.00
2022/07/08,1333,49.40,49.45,49.36,49.45,51200,2529070.00
2022/07/08,1334,49.44,49.45,49.39,49.39,29100,1435187.00
2022/07/08,1335,49.33,49.36,49.30,49.30,20600,1016068.00
2022/07/08,1336,49.33,49.37,49.30,49.34,16200,799596.00
2022/07/08,1337,49.35,49.39,49.33,49.39,18000,888831.00
2022/07/08,1338,49.36,49.40,49.35,49.40,12300,609210.00
2022/07/08,1339,49.40,49.40,49.34,49.36,11600,573977.00
2022/07/08,1340,49.36,49.39,49.35,49.39,15200,748133.00
2022/07/08,1341,49.39,49.39,49.32,49.32,23500,1158274.00
2022/07/08,1342,49.32,49.33,49.31,49.33,17600,868238.00
2022/07/08,1343,49.33,49.40,49.31,49.40,19500,962404.00
2022/07/08,1344,49.40,49.47,49.40,49.45,34500,1704444.00
2022/07/08,1345,49.50,49.79,49.50,49.79,19400,966199.00
2022/07/08,1346,49.79,50.00,49.78,49.78,44200,2203938.00
2022/07/08,1347,49.68,49.77,49.47,49.77,6300,316808.00
2022/07/08,1348,49.77,49.80,49.77,49.80,8200,404721.00
2022/07/08,1349,49.78,49.90,49.78,49.90,13100,653276.00
2022/07/08,1350,49.80,49.94,49.49,49.49,19300,959885.00
2022/07/08,1351,49.47,49.50,49.38,49.40,9000,443496.00
2022/07/08,1352,49.40,49.50,49.40,49.50,21300,1055708.00
2022/07/08,1353,49.50,49.50,49.49,49.50,15900,783628.00
2022/07/08,1354,49.49,49.49,49.38,49.40,40900,2025356.00
2022/07/08,1355,49.40,49.40,49.35,49.35,25200,1239487.00
2022/07/08,1356,49.35,49.35,49.16,49.17,77000,3792407.00
2022/07/08,1357,49.16,49.16,49.02,49.05,69000,3388619.00
2022/07/08,1358,49.04,49.13,49.03,49.08,34300,1685062.00
2022/07/08,1359,49.08,49.20,49.08,49.11,34000,1669396.00
2022/07/08,1400,49.09,49.20,49.09,49.10,17300,848094.00
2022/07/08,1401,49.10,49.20,49.10,49.20,19000,933597.00
2022/07/08,1402,49.20,49.20,49.12,49.13,18800,924380.00
2022/07/08,1403,49.13,49.20,49.12,49.15,18500,911326.00
2022/07/08,1404,49.13,49.16,49.12,49.12,22900,1121463.00
2022/07/08,1405,49.12,49.13,49.11,49.12,26000,1281250.00
2022/07/08,1406,49.12,49.13,49.10,49.10,47100,2308978.00
2022/07/08,1407,49.11,49.11,49.09,49.10,25700,1263730.00
2022/07/08,1408,49.10,49.10,49.08,49.08,39500,1937917.00
2022/07/08,1409,49.07,49.10,49.05,49.06,31100,1525695.00
2022/07/08,1410,49.06,49.08,49.03,49.03,33000,1622327.00
2022/07/08,1411,49.06,49.08,49.03,49.05,8300,405370.00
2022/07/08,1412,49.05,49.08,49.00,49.03,94500,4631991.00
2022/07/08,1413,49.03,49.04,49.01,49.01,20500,1005854.00
2022/07/08,1414,49.02,49.10,49.01,49.10,31600,1549555.00
2022/07/08,1415,49.10,49.37,49.10,49.30,85800,4225129.00
2022/07/08,1416,49.30,49.40,49.15,49.30,97000,4782900.00
2022/07/08,1417,49.40,49.86,49.40,49.60,38300,1903749.00
2022/07/08,1418,49.60,49.60,49.40,49.50,119700,5925282.00
2022/07/08,1419,49.54,49.70,49.54,49.70,39300,1949071.00
2022/07/08,1420,49.73,50.14,49.68,50.14,82700,4125810.00
2022/07/08,1421,50.13,50.46,50.13,50.40,90800,4564676.00
2022/07/08,1422,50.46,51.29,50.46,51.29,118100,6002777.00
2022/07/08,1423,51.29,51.38,51.00,51.00,134500,6887374.00
2022/07/08,1424,51.31,51.80,51.31,51.80,115800,5957212.00
2022/07/08,1425,51.81,52.70,51.50,52.60,82300,4301826.00
2022/07/08,1426,52.60,53.20,52.60,53.00,100200,5302218.00
2022/07/08,1427,53.30,53.30,52.00,52.13,134100,7005326.00
2022/07/08,1428,52.05,52.67,52.05,52.55,42400,2220818.00
2022/07/08,1429,52.77,52.99,52.67,52.99,35900,1895018.00
2022/07/08,1430,53.00,53.91,53.00,53.50,52500,2796248.00
2022/07/08,1431,53.53,54.45,53.53,54.34,77700,4203725.00
2022/07/08,1432,54.34,54.39,53.51,53.90,86600,4675345.00
2022/07/08,1433,53.90,53.93,53.66,53.90,107300,5781664.00
2022/07/08,1434,53.96,54.53,53.96,54.53,40100,2182476.00
2022/07/08,1435,54.53,54.94,54.53,54.94,44300,2422043.00
2022/07/08,1436,54.94,55.00,54.92,54.98,44000,2422978.00
2022/07/08,1437,54.98,54.98,54.38,54.38,51100,2795796.00
2022/07/08,1438,54.48,54.48,53.68,53.80,61000,3296044.00
2022/07/08,1439,53.68,53.68,53.46,53.60,31400,1683214.00
2022/07/08,1440,53.70,53.90,53.70,53.80,32200,1735129.00
2022/07/08,1441,53.81,53.95,53.80,53.88,27000,1452169.00
2022/07/08,1442,53.87,53.87,53.60,53.60,27000,1452577.00
2022/07/08,1443,53.60,53.70,53.50,53.50,31900,1711163.00
2022/07/08,1444,53.50,53.53,53.01,53.01,60200,3200173.00
2022/07/08,1445,53.01,53.02,53.01,53.01,64300,3413758.00
2022/07/08,1446,53.02,53.02,53.00,53.00,62500,3311590.00
2022/07/08,1447,53.00,53.38,52.90,53.38,115700,6131762.00
2022/07/08,1448,53.50,53.50,53.20,53.41,28400,1518544.00
2022/07/08,1449,53.40,53.41,53.05,53.10,44300,2355961.00
2022/07/08,1450,53.09,53.34,53.09,53.26,38700,2055503.00
2022/07/08,1451,53.35,53.40,53.30,53.40,36400,1944807.00
2022/07/08,1452,53.37,53.56,53.35,53.56,22900,1224939.00
2022/07/08,1453,53.51,53.70,53.50,53.70,38600,2065834.00
2022/07/08,1454,53.50,53.84,53.50,53.83,47700,2560194.00
2022/07/08,1455,53.80,53.84,53.80,53.84,68000,3656975.00
2022/07/08,1456,53.81,53.82,53.80,53.80,42900,2307707.00
2022/07/08,1457,53.80,53.81,53.80,53.80,102600,5524495.00
2022/07/08,1458,53.80,53.80,53.80,53.80,3100,164090.00
2022/07/08,1459,53.80,53.80,53.80,53.80,0,0.00
2022/07/08,1500,53.80,53.80,53.80,53.80,68000,3658023.00
数据来源:通达信
