2022/06/30,0931,23.10,25.50,23.10,25.50,14900,349104.50
2022/06/30,0932,25.50,25.50,25.50,25.50,0,0.00
2022/06/30,0933,25.50,25.50,25.50,25.50,0,0.00
2022/06/30,0934,25.50,25.50,25.50,25.50,0,0.00
2022/06/30,0935,25.50,25.50,25.50,25.50,0,0.00
2022/06/30,0936,25.50,25.50,25.50,25.50,0,0.00
2022/06/30,0937,25.50,25.50,25.50,25.50,0,0.00
2022/06/30,0938,25.50,25.50,25.50,25.50,0,0.00
2022/06/30,0939,25.50,25.50,25.50,25.50,0,0.00
2022/06/30,0940,25.50,25.50,25.50,25.50,0,0.00
2022/06/30,0941,25.50,25.50,25.50,25.50,0,0.00
2022/06/30,0942,25.50,25.50,25.50,25.50,0,0.00
2022/06/30,0943,25.50,25.50,25.50,25.50,0,0.00
2022/06/30,0944,25.50,25.50,25.50,25.50,0,0.00
2022/06/30,0945,25.50,25.50,25.50,25.50,0,0.00
2022/06/30,0946,25.50,25.50,25.50,25.50,0,0.00
2022/06/30,0947,25.50,25.50,25.50,25.50,0,0.00
2022/06/30,0948,25.50,25.50,25.50,25.50,0,0.00
2022/06/30,0949,25.50,25.50,25.50,25.50,0,0.00
2022/06/30,0950,25.50,25.50,25.50,25.50,0,0.00
2022/06/30,0951,25.50,25.50,25.50,25.50,0,0.00
2022/06/30,0952,25.50,25.50,25.50,25.50,0,0.00
2022/06/30,0953,25.50,25.50,25.50,25.50,0,0.00
2022/06/30,0954,25.50,25.50,25.50,25.50,0,0.00
2022/06/30,0955,25.50,25.50,25.50,25.50,0,0.00
2022/06/30,0956,25.50,25.50,25.50,25.50,0,0.00
2022/06/30,0957,25.50,25.50,25.50,25.50,0,0.00
2022/06/30,0958,25.50,25.50,25.50,25.50,0,0.00
2022/06/30,0959,25.50,25.50,25.50,25.50,0,0.00
2022/06/30,1000,25.50,25.50,25.50,25.50,0,0.00
2022/06/30,1001,27.72,27.72,27.72,27.72,191000,5292108.50
2022/06/30,1002,27.72,27.72,27.72,27.72,18300,508717.44
2022/06/30,1003,27.72,27.72,27.72,27.72,21500,595980.00
2022/06/30,1004,27.72,27.72,27.72,27.72,13700,378294.88
2022/06/30,1005,27.72,27.72,27.72,27.72,7600,211226.41
2022/06/30,1006,27.72,27.72,27.72,27.72,9600,267220.81
2022/06/30,1007,27.72,27.72,27.72,27.72,7800,216770.41
2022/06/30,1008,27.72,27.72,27.72,27.72,9200,253915.20
2022/06/30,1009,27.72,27.72,27.72,27.72,4900,135828.00
2022/06/30,1010,27.72,27.72,27.72,27.72,5500,152460.00
2022/06/30,1011,27.72,27.72,27.72,27.72,7400,206125.92
2022/06/30,1012,27.72,27.72,27.72,27.72,6000,166320.00
2022/06/30,1013,27.72,27.72,27.72,27.72,2400,66528.00
2022/06/30,1014,27.72,27.72,27.72,27.72,6500,180069.13
2022/06/30,1015,27.72,27.72,27.72,27.72,2800,77616.00
2022/06/30,1016,27.72,27.72,27.72,27.72,5100,141372.00
2022/06/30,1017,27.72,27.72,27.72,27.72,3900,108357.48
2022/06/30,1018,27.72,27.72,27.72,27.72,2700,74844.00
2022/06/30,1019,27.72,27.72,27.72,27.72,3300,91476.00
2022/06/30,1020,27.72,27.72,27.72,27.72,2100,58212.00
2022/06/30,1021,27.72,27.72,27.72,27.72,5300,146916.00
2022/06/30,1022,27.72,27.72,27.72,27.72,4300,116922.96
2022/06/30,1023,27.72,27.72,27.72,27.72,4600,127761.48
2022/06/30,1024,27.72,27.72,27.72,27.72,300,8316.00
2022/06/30,1025,27.72,27.72,27.72,27.72,1900,52917.48
2022/06/30,1026,27.72,27.72,27.72,27.72,2000,55689.48
2022/06/30,1027,27.72,27.72,27.72,27.72,2200,61233.48
2022/06/30,1028,27.72,27.72,27.72,27.72,2200,60984.00
2022/06/30,1029,27.72,27.72,27.72,27.72,1200,32155.20
2022/06/30,1030,27.72,27.72,27.72,27.72,1400,40471.20
2022/06/30,1031,27.72,27.72,27.72,27.72,3400,94248.00
2022/06/30,1032,27.72,27.72,27.72,27.72,2600,71573.04
2022/06/30,1033,27.72,27.72,27.72,27.72,3000,83409.48
2022/06/30,1034,27.72,27.72,27.72,27.72,1000,27720.00
2022/06/30,1035,27.72,27.72,27.72,27.72,3400,94248.00
2022/06/30,1036,27.72,27.72,27.72,27.72,1400,38808.00
2022/06/30,1037,27.72,27.72,27.72,27.72,1500,41580.00
2022/06/30,1038,27.72,27.72,27.72,27.72,1000,27720.00
2022/06/30,1039,27.72,27.72,27.72,27.72,1700,47124.00
2022/06/30,1040,27.72,27.72,27.72,27.72,3600,100290.96
2022/06/30,1041,27.72,27.72,27.72,27.72,1900,52917.48
2022/06/30,1042,27.72,27.72,27.72,27.72,1400,38808.00
2022/06/30,1043,27.72,27.72,27.72,27.72,1300,36036.00
2022/06/30,1044,27.72,27.72,27.72,27.72,500,13860.00
2022/06/30,1045,27.72,27.72,27.72,27.72,700,19404.00
2022/06/30,1046,27.72,27.72,27.72,27.72,3000,83160.00
2022/06/30,1047,27.72,27.72,27.72,27.72,2500,69300.00
2022/06/30,1048,27.72,27.72,27.72,27.72,1300,36036.00
2022/06/30,1049,27.72,27.72,27.72,27.72,1400,38808.00
2022/06/30,1050,27.72,27.72,27.72,27.72,1800,49896.00
2022/06/30,1051,27.72,27.72,27.72,27.72,300,8316.00
2022/06/30,1052,27.72,27.72,27.72,27.72,2800,75592.44
2022/06/30,1053,27.72,27.72,27.72,27.72,500,13860.00
2022/06/30,1054,27.72,27.72,27.72,27.72,800,22176.00
2022/06/30,1055,27.72,27.72,27.72,27.72,900,25197.48
2022/06/30,1056,27.72,27.72,27.72,27.72,1800,49896.00
2022/06/30,1057,27.72,27.72,27.72,27.72,1000,27720.00
2022/06/30,1058,27.72,27.72,27.72,27.72,900,25197.48
2022/06/30,1059,27.72,27.72,27.72,27.72,1100,30492.00
2022/06/30,1100,27.72,27.72,27.72,27.72,1000,27720.00
2022/06/30,1101,27.72,27.72,27.72,27.72,1000,27720.00
2022/06/30,1102,27.72,27.72,27.72,27.72,500,13860.00
2022/06/30,1103,27.72,27.72,27.72,27.72,1000,27720.00
2022/06/30,1104,27.72,27.72,27.72,27.72,500,13860.00
2022/06/30,1105,27.72,27.72,27.72,27.72,500,13860.00
2022/06/30,1106,27.72,27.72,27.72,27.72,2300,63756.00
2022/06/30,1107,27.72,27.72,27.72,27.72,1500,41580.00
2022/06/30,1108,27.72,27.72,27.72,27.72,1100,30492.00
2022/06/30,1109,27.72,27.72,27.72,27.72,1000,27720.00
2022/06/30,1110,27.72,27.72,27.72,27.72,0,0.00
2022/06/30,1111,27.72,27.72,27.72,27.72,0,0.00
2022/06/30,1112,27.72,27.72,27.72,27.72,500,13860.00
2022/06/30,1113,27.72,27.72,27.72,27.72,1500,41580.00
2022/06/30,1114,27.72,27.72,27.72,27.72,100,2772.00
2022/06/30,1115,27.72,27.72,27.72,27.72,500,13860.00
2022/06/30,1116,27.72,27.72,27.72,27.72,500,13860.00
2022/06/30,1117,27.72,27.72,27.72,27.72,1000,27720.00
2022/06/30,1118,27.72,27.72,27.72,27.72,0,0.00
2022/06/30,1119,27.72,27.72,27.72,27.72,1000,27720.00
2022/06/30,1120,27.72,27.72,27.72,27.72,1200,33264.00
2022/06/30,1121,27.72,27.72,27.72,27.72,500,13860.00
2022/06/30,1122,27.72,27.72,27.72,27.72,100,4435.20
2022/06/30,1123,27.72,27.72,27.72,27.72,700,19404.00
2022/06/30,1124,27.72,27.72,27.72,27.72,400,11088.00
2022/06/30,1125,27.72,27.72,27.72,27.72,100,415.80
2022/06/30,1126,27.72,27.72,27.72,27.72,1000,27720.00
2022/06/30,1127,27.72,27.72,27.72,27.72,900,24948.00
2022/06/30,1128,27.72,27.72,27.72,27.72,700,21954.24
2022/06/30,1129,27.72,27.72,27.72,27.72,600,16632.00
2022/06/30,1130,27.72,27.72,27.72,27.72,0,0.00
2022/06/30,1301,27.72,27.72,27.72,27.72,6300,173527.20
2022/06/30,1302,27.72,27.72,27.72,27.72,1600,44601.48
2022/06/30,1303,27.72,27.72,27.72,27.72,1000,27720.00
2022/06/30,1304,27.72,27.72,27.72,27.72,0,0.00
2022/06/30,1305,27.72,27.72,27.72,27.72,1100,30492.00
2022/06/30,1306,27.72,27.72,27.72,27.72,500,13860.00
2022/06/30,1307,27.72,27.72,27.72,27.72,1000,27720.00
2022/06/30,1308,27.72,27.72,27.72,27.72,2000,55440.00
2022/06/30,1309,27.72,27.72,27.72,27.72,500,14109.48
2022/06/30,1310,27.72,27.72,27.72,27.72,4300,118170.36
2022/06/30,1311,27.72,27.72,27.72,27.72,1800,49896.00
2022/06/30,1312,27.72,27.72,27.72,27.72,2700,75093.48
2022/06/30,1313,27.72,27.72,27.72,27.72,400,11088.00
2022/06/30,1314,27.72,27.72,27.72,27.72,1900,53555.04
2022/06/30,1315,27.72,27.72,27.72,27.72,1300,36285.48
2022/06/30,1316,27.72,27.72,27.72,27.72,1100,30492.00
2022/06/30,1317,27.72,27.72,27.72,27.72,2400,65419.20
2022/06/30,1318,27.72,27.72,27.72,27.72,2500,68523.84
2022/06/30,1319,27.72,27.72,27.72,27.72,1900,53416.44
2022/06/30,1320,27.72,27.72,27.72,27.72,500,13860.00
2022/06/30,1321,27.72,27.72,27.72,27.72,1000,27720.00
2022/06/30,1322,27.72,27.72,27.72,27.72,800,23284.80
2022/06/30,1323,27.72,27.72,27.72,27.72,2000,55440.00
2022/06/30,1324,27.72,27.72,27.72,27.72,2300,63672.84
2022/06/30,1325,27.72,27.72,27.72,27.72,700,19404.00
2022/06/30,1326,27.72,27.72,27.72,27.72,300,8316.00
2022/06/30,1327,27.72,27.72,27.72,27.72,500,13860.00
2022/06/30,1328,27.72,27.72,27.72,27.72,600,16632.00
2022/06/30,1329,27.72,27.72,27.72,27.72,1000,27720.00
2022/06/30,1330,27.72,27.72,27.72,27.72,600,16632.00
2022/06/30,1331,27.72,27.72,27.72,27.72,0,0.00
2022/06/30,1332,27.72,27.72,27.72,27.72,1300,36534.96
2022/06/30,1333,27.72,27.72,27.72,27.72,100,2772.00
2022/06/30,1334,27.72,27.72,27.72,27.72,1100,30492.00
2022/06/30,1335,27.72,27.72,27.72,27.72,0,0.00
2022/06/30,1336,27.72,27.72,27.72,27.72,1400,36784.44
2022/06/30,1337,27.72,27.72,27.72,27.72,1000,27720.00
2022/06/30,1338,27.72,27.72,27.72,27.72,500,15523.20
2022/06/30,1339,27.72,27.72,27.72,27.72,0,0.00
2022/06/30,1340,27.72,27.72,27.72,27.72,200,4435.20
2022/06/30,1341,27.72,27.72,27.72,27.72,1000,27720.00
2022/06/30,1342,27.72,27.72,27.72,27.72,700,19404.00
2022/06/30,1343,27.72,27.72,27.72,27.72,0,0.00
2022/06/30,1344,27.72,27.72,27.72,27.72,500,13860.00
2022/06/30,1345,27.72,27.72,27.72,27.72,0,0.00
2022/06/30,1346,27.72,27.72,27.72,27.72,1500,41580.00
2022/06/30,1347,27.72,27.72,27.72,27.72,2000,56936.88
2022/06/30,1348,27.72,27.72,27.72,27.72,1100,30492.00
2022/06/30,1349,27.72,27.72,27.72,27.72,100,2772.00
2022/06/30,1350,27.72,27.72,27.72,27.72,600,16632.00
2022/06/30,1351,27.72,27.72,27.72,27.72,0,0.00
2022/06/30,1352,27.72,27.72,27.72,27.72,0,0.00
2022/06/30,1353,27.72,27.72,27.72,27.72,1100,30492.00
2022/06/30,1354,27.72,27.72,27.72,27.72,700,19404.00
2022/06/30,1355,27.72,27.72,27.72,27.72,2300,63756.00
2022/06/30,1356,27.72,27.72,27.72,27.72,0,0.00
2022/06/30,1357,27.72,27.72,27.72,27.72,500,13860.00
2022/06/30,1358,27.72,27.72,27.72,27.72,900,24948.00
2022/06/30,1359,27.72,27.72,27.72,27.72,1000,27720.00
2022/06/30,1400,27.72,27.72,27.72,27.72,1500,41580.00
2022/06/30,1401,27.72,27.72,27.72,27.72,1200,33264.00
2022/06/30,1402,27.72,27.72,27.72,27.72,0,0.00
2022/06/30,1403,27.72,27.72,27.72,27.72,2500,67525.92
2022/06/30,1404,27.72,27.72,27.72,27.72,1600,44352.00
2022/06/30,1405,27.72,27.72,27.72,27.72,600,16632.00
2022/06/30,1406,27.72,27.72,27.72,27.72,700,19404.00
2022/06/30,1407,27.72,27.72,27.72,27.72,0,0.00
2022/06/30,1408,27.72,27.72,27.72,27.72,1200,33264.00
2022/06/30,1409,27.72,27.72,27.72,27.72,600,16632.00
2022/06/30,1410,27.72,27.72,27.72,27.72,500,13860.00
2022/06/30,1411,27.72,27.72,27.72,27.72,500,13860.00
2022/06/30,1412,27.72,27.72,27.72,27.72,300,8316.00
2022/06/30,1413,27.72,27.72,27.72,27.72,500,13860.00
2022/06/30,1414,27.72,27.72,27.72,27.72,300,9840.60
2022/06/30,1415,27.72,27.72,27.72,27.72,300,8316.00
2022/06/30,1416,27.72,27.72,27.72,27.72,0,0.00
2022/06/30,1417,27.72,27.72,27.72,27.72,300,8316.00
2022/06/30,1418,27.72,27.72,27.72,27.72,1000,27720.00
2022/06/30,1419,27.72,27.72,27.72,27.72,1200,33264.00
2022/06/30,1420,27.72,27.72,27.72,27.72,0,0.00
2022/06/30,1421,27.72,27.72,27.72,27.72,200,5544.00
2022/06/30,1422,27.72,27.72,27.72,27.72,400,11337.48
2022/06/30,1423,27.72,27.72,27.72,27.72,500,13860.00
2022/06/30,1424,27.72,27.72,27.72,27.72,1000,27720.00
2022/06/30,1425,27.72,27.72,27.72,27.72,200,5544.00
2022/06/30,1426,27.72,27.72,27.72,27.72,900,24948.00
2022/06/30,1427,27.72,27.72,27.72,27.72,3300,90450.36
2022/06/30,1428,27.72,27.72,27.72,27.72,800,22674.96
2022/06/30,1429,27.72,27.72,27.72,27.72,3200,88648.56
2022/06/30,1430,27.72,27.72,27.72,27.72,800,22176.00
2022/06/30,1431,27.72,27.72,27.72,27.72,2100,58212.00
2022/06/30,1432,27.72,27.72,27.72,27.72,500,14442.12
2022/06/30,1433,27.72,27.72,27.72,27.72,200,5544.00
2022/06/30,1434,27.72,27.72,27.72,27.72,1000,27720.00
2022/06/30,1435,27.72,27.72,27.72,27.72,500,13860.00
2022/06/30,1436,27.72,27.72,27.72,27.72,1600,44352.00
2022/06/30,1437,27.72,27.72,27.72,27.72,900,24948.00
2022/06/30,1438,27.72,27.72,27.72,27.72,500,13860.00
2022/06/30,1439,27.72,27.72,27.72,27.72,500,13860.00
2022/06/30,1440,27.72,27.72,27.72,27.72,3600,99792.00
2022/06/30,1441,27.72,27.72,27.72,27.72,2900,77865.48
2022/06/30,1442,27.72,27.72,27.72,27.72,1500,41580.00
2022/06/30,1443,27.72,27.72,27.72,27.72,3500,97020.00
2022/06/30,1444,27.72,27.72,27.72,27.72,800,22176.00
2022/06/30,1445,27.72,27.72,27.72,27.72,4400,121968.00
2022/06/30,1446,27.72,27.72,27.72,27.72,0,0.00
2022/06/30,1447,27.72,27.72,27.72,27.72,3900,108108.00
2022/06/30,1448,27.72,27.72,27.72,27.72,2400,66528.00
2022/06/30,1449,27.72,27.72,27.72,27.72,2500,69300.00
2022/06/30,1450,27.72,27.72,27.72,27.72,1000,27720.00
2022/06/30,1451,27.72,27.72,27.72,27.72,1500,43797.60
2022/06/30,1452,27.72,27.72,27.72,27.72,5600,155232.00
2022/06/30,1453,27.72,27.72,27.72,27.72,8600,238392.00
2022/06/30,1454,27.72,27.72,27.72,27.72,2900,80388.00
2022/06/30,1455,27.72,27.72,27.72,27.72,6500,180180.00
2022/06/30,1456,27.72,27.72,27.72,27.72,12800,354816.00
2022/06/30,1457,27.72,27.72,27.72,27.72,6400,177408.00
2022/06/30,1458,27.72,27.72,27.72,27.72,0,0.00
2022/06/30,1459,27.72,27.72,27.72,27.72,0,0.00
2022/06/30,1500,27.72,27.72,27.72,27.72,5100,141372.00
2022/07/01,0931,30.49,30.49,30.49,30.49,71300,2174546.75
2022/07/01,0932,30.49,30.49,30.49,30.49,5500,167695.00
2022/07/01,0933,30.49,30.49,30.49,30.49,6100,186263.41
2022/07/01,0934,30.49,30.49,30.49,30.49,2700,81103.40
2022/07/01,0935,30.49,30.49,30.49,30.49,4000,123789.40
2022/07/01,0936,30.49,30.49,30.49,30.49,2400,71956.40
2022/07/01,0937,30.49,30.49,30.49,30.49,1800,54882.00
2022/07/01,0938,30.49,30.49,30.49,30.49,1500,45735.00
2022/07/01,0939,30.49,30.49,30.49,30.49,700,21343.00
2022/07/01,0940,30.49,30.49,30.49,30.49,2600,78054.40
2022/07/01,0941,30.49,30.49,30.49,30.49,500,16403.62
2022/07/01,0942,30.49,30.49,30.49,30.49,800,24392.00
2022/07/01,0943,30.49,30.49,30.49,30.49,1800,54882.00
2022/07/01,0944,30.49,30.49,30.49,30.49,1500,45735.00
2022/07/01,0945,30.49,30.49,30.49,30.49,1000,30490.00
2022/07/01,0946,30.49,30.49,30.49,30.49,1400,41466.40
2022/07/01,0947,30.49,30.49,30.49,30.49,1100,33539.00
2022/07/01,0948,30.49,30.49,30.49,30.49,3300,102385.41
2022/07/01,0949,30.49,30.49,30.49,30.49,800,24392.00
2022/07/01,0950,30.49,30.49,30.49,30.49,2900,88421.00
2022/07/01,0951,30.49,30.49,30.49,30.49,1200,36588.00
2022/07/01,0952,30.49,30.49,30.49,30.49,300,9147.00
2022/07/01,0953,30.49,30.49,30.49,30.49,600,18294.00
2022/07/01,0954,30.49,30.49,30.49,30.49,500,15245.00
2022/07/01,0955,30.49,30.49,30.49,30.49,1000,30490.00
2022/07/01,0956,30.49,30.49,30.49,30.49,100,3049.00
2022/07/01,0957,30.49,30.49,30.49,30.49,1100,33539.00
2022/07/01,0958,30.49,30.49,30.49,30.49,1000,30490.00
2022/07/01,0959,30.49,30.49,30.49,30.49,1300,40094.35
2022/07/01,1000,30.49,30.49,30.49,30.49,300,9147.00
2022/07/01,1001,30.49,30.49,30.49,30.49,500,15245.00
2022/07/01,1002,30.49,30.49,30.49,30.49,200,6098.00
2022/07/01,1003,30.49,30.49,30.49,30.49,700,21343.00
2022/07/01,1004,30.49,30.49,30.49,30.49,100,3049.00
2022/07/01,1005,30.49,30.49,30.49,30.49,700,21343.00
2022/07/01,1006,30.49,30.49,30.49,30.49,0,0.00
2022/07/01,1007,30.49,30.49,30.49,30.49,200,6098.00
2022/07/01,1008,30.49,30.49,30.49,30.49,100,3049.00
2022/07/01,1009,30.49,30.49,30.49,30.49,500,15245.00
2022/07/01,1010,30.49,30.49,30.49,30.49,0,0.00
2022/07/01,1011,30.49,30.49,30.49,30.49,300,9147.00
2022/07/01,1012,30.49,30.49,30.49,30.49,0,0.00
2022/07/01,1013,30.49,30.49,30.49,30.49,0,0.00
2022/07/01,1014,30.49,30.49,30.49,30.49,500,15245.00
2022/07/01,1015,30.49,30.49,30.49,30.49,0,0.00
2022/07/01,1016,30.49,30.49,30.49,30.49,0,0.00
2022/07/01,1017,30.49,30.49,30.49,30.49,0,0.00
2022/07/01,1018,30.49,30.49,30.49,30.49,800,24392.00
2022/07/01,1019,30.49,30.49,30.49,30.49,0,0.00
2022/07/01,1020,30.49,30.49,30.49,30.49,0,0.00
2022/07/01,1021,30.49,30.49,30.49,30.49,0,0.00
2022/07/01,1022,30.49,30.49,30.49,30.49,300,9147.00
2022/07/01,1023,30.49,30.49,30.49,30.49,300,9147.00
2022/07/01,1024,30.49,30.49,30.49,30.49,1300,39637.00
2022/07/01,1025,30.49,30.49,30.49,30.49,0,0.00
2022/07/01,1026,30.49,30.49,30.49,30.49,500,15245.00
2022/07/01,1027,30.49,30.49,30.49,30.49,0,0.00
2022/07/01,1028,30.49,30.49,30.49,30.49,100,3049.00
2022/07/01,1029,30.49,30.49,30.49,30.49,300,9147.00
2022/07/01,1030,30.49,30.49,30.49,30.49,0,0.00
2022/07/01,1031,30.49,30.49,30.49,30.49,0,0.00
2022/07/01,1032,30.49,30.49,30.49,30.49,0,0.00
2022/07/01,1033,30.49,30.49,30.49,30.49,100,3323.41
2022/07/01,1034,30.49,30.49,30.49,30.49,0,0.00
2022/07/01,1035,30.49,30.49,30.49,30.49,500,12470.41
2022/07/01,1036,30.49,30.49,30.49,30.49,0,0.00
2022/07/01,1037,30.49,30.49,30.49,30.49,0,0.00
2022/07/01,1038,30.49,30.49,30.49,30.49,700,21343.00
2022/07/01,1039,30.49,30.49,30.49,30.49,500,15245.00
2022/07/01,1040,30.49,30.49,30.49,30.49,0,0.00
2022/07/01,1041,30.49,30.49,30.49,30.49,100,3049.00
2022/07/01,1042,30.49,30.49,30.49,30.49,0,0.00
2022/07/01,1043,30.49,30.49,30.49,30.49,0,0.00
2022/07/01,1044,30.49,30.49,30.49,30.49,0,0.00
2022/07/01,1045,30.49,30.49,30.49,30.49,0,0.00
2022/07/01,1046,30.49,30.49,30.49,30.49,0,0.00
2022/07/01,1047,30.49,30.49,30.49,30.49,0,0.00
2022/07/01,1048,30.49,30.49,30.49,30.49,0,0.00
2022/07/01,1049,30.49,30.49,30.49,30.49,500,15245.00
2022/07/01,1050,30.49,30.49,30.49,30.49,0,0.00
2022/07/01,1051,30.49,30.49,30.49,30.49,0,0.00
2022/07/01,1052,30.49,30.49,30.49,30.49,0,0.00
2022/07/01,1053,30.49,30.49,30.49,30.49,0,0.00
2022/07/01,1054,30.49,30.49,30.49,30.49,0,0.00
2022/07/01,1055,30.49,30.49,30.49,30.49,600,18294.00
2022/07/01,1056,30.49,30.49,30.49,30.49,0,0.00
2022/07/01,1057,30.49,30.49,30.49,30.49,200,6098.00
2022/07/01,1058,30.49,30.49,30.49,30.49,1200,36588.00
2022/07/01,1059,30.49,30.49,30.49,30.49,500,15245.00
2022/07/01,1100,30.49,30.49,30.49,30.49,100,3049.00
2022/07/01,1101,30.49,30.49,30.49,30.49,200,7470.05
2022/07/01,1102,30.49,30.49,30.49,30.49,0,0.00
2022/07/01,1103,30.49,30.49,30.49,30.49,200,6098.00
2022/07/01,1104,30.49,30.49,30.49,30.49,0,0.00
2022/07/01,1105,30.49,30.49,30.49,30.49,0,0.00
2022/07/01,1106,30.49,30.49,30.49,30.49,0,0.00
2022/07/01,1107,30.49,30.49,30.49,30.49,0,0.00
2022/07/01,1108,30.49,30.49,30.49,30.49,0,0.00
2022/07/01,1109,30.49,30.49,30.49,30.49,0,0.00
2022/07/01,1110,30.49,30.49,30.49,30.49,0,0.00
2022/07/01,1111,30.49,30.49,30.49,30.49,0,0.00
2022/07/01,1112,30.49,30.49,30.49,30.49,500,15245.00
2022/07/01,1113,30.49,30.49,30.49,30.49,0,0.00
2022/07/01,1114,30.49,30.49,30.49,30.49,0,0.00
2022/07/01,1115,30.49,30.49,30.49,30.49,0,0.00
2022/07/01,1116,30.49,30.49,30.49,30.49,200,6098.00
2022/07/01,1117,30.49,30.49,30.49,30.49,0,0.00
2022/07/01,1118,30.49,30.49,30.49,30.49,0,0.00
2022/07/01,1119,30.49,30.49,30.49,30.49,0,0.00
2022/07/01,1120,30.49,30.49,30.49,30.49,0,0.00
2022/07/01,1121,30.49,30.49,30.49,30.49,0,0.00
2022/07/01,1122,30.49,30.49,30.49,30.49,0,0.00
2022/07/01,1123,30.49,30.49,30.49,30.49,0,0.00
2022/07/01,1124,30.49,30.49,30.49,30.49,200,6098.00
2022/07/01,1125,30.49,30.49,30.49,30.49,500,15245.00
2022/07/01,1126,30.49,30.49,30.49,30.49,0,0.00
2022/07/01,1127,30.49,30.49,30.49,30.49,200,7500.54
2022/07/01,1128,30.49,30.49,30.49,30.49,300,7500.54
2022/07/01,1129,30.49,30.49,30.49,30.49,300,9756.80
2022/07/01,1130,30.49,30.49,30.49,30.49,0,0.00
2022/07/01,1301,30.49,30.49,30.49,30.49,2900,88421.00
2022/07/01,1302,30.49,30.49,30.49,30.49,0,0.00
2022/07/01,1303,30.49,30.49,30.49,30.49,0,0.00
2022/07/01,1304,30.49,30.49,30.49,30.49,0,0.00
2022/07/01,1305,30.49,30.49,30.49,30.49,0,0.00
2022/07/01,1306,30.49,30.49,30.49,30.49,0,0.00
2022/07/01,1307,30.49,30.49,30.49,30.49,500,15245.00
2022/07/01,1308,30.49,30.49,30.49,30.49,0,0.00
2022/07/01,1309,30.49,30.49,30.49,30.49,100,3049.00
2022/07/01,1310,30.49,30.49,30.49,30.49,0,0.00
2022/07/01,1311,30.49,30.49,30.49,30.49,0,0.00
2022/07/01,1312,30.49,30.49,30.49,30.49,500,15245.00
2022/07/01,1313,30.49,30.49,30.49,30.49,0,0.00
2022/07/01,1314,30.49,30.49,30.49,30.49,0,0.00
2022/07/01,1315,30.49,30.49,30.49,30.49,100,3049.00
2022/07/01,1316,30.49,30.49,30.49,30.49,0,0.00
2022/07/01,1317,30.49,30.49,30.49,30.49,0,0.00
2022/07/01,1318,30.49,30.49,30.49,30.49,500,15245.00
2022/07/01,1319,30.49,30.49,30.49,30.49,100,3049.00
2022/07/01,1320,30.49,30.49,30.49,30.49,0,0.00
2022/07/01,1321,30.49,30.49,30.49,30.49,0,0.00
2022/07/01,1322,30.49,30.49,30.49,30.49,500,15245.00
2022/07/01,1323,30.49,30.49,30.49,30.49,0,0.00
2022/07/01,1324,30.49,30.49,30.49,30.49,500,15245.00
2022/07/01,1325,30.49,30.49,30.49,30.49,300,9147.00
2022/07/01,1326,30.49,30.49,30.49,30.49,0,0.00
2022/07/01,1327,30.49,30.49,30.49,30.49,400,12196.00
2022/07/01,1328,30.49,30.49,30.49,30.49,0,0.00
2022/07/01,1329,30.49,30.49,30.49,30.49,0,0.00
2022/07/01,1330,30.49,30.49,30.49,30.49,0,0.00
2022/07/01,1331,30.49,30.49,30.49,30.49,100,3049.00
2022/07/01,1332,30.49,30.49,30.49,30.49,0,0.00
2022/07/01,1333,30.49,30.49,30.49,30.49,0,0.00
2022/07/01,1334,30.49,30.49,30.49,30.49,0,0.00
2022/07/01,1335,30.49,30.49,30.49,30.49,1000,30490.00
2022/07/01,1336,30.49,30.49,30.49,30.49,0,0.00
2022/07/01,1337,30.49,30.49,30.49,30.49,0,0.00
2022/07/01,1338,30.49,30.49,30.49,30.49,200,6098.00
2022/07/01,1339,30.49,30.49,30.49,30.49,0,0.00
2022/07/01,1340,30.49,30.49,30.49,30.49,0,0.00
2022/07/01,1341,30.49,30.49,30.49,30.49,0,0.00
2022/07/01,1342,30.49,30.49,30.49,30.49,0,0.00
2022/07/01,1343,30.49,30.49,30.49,30.49,0,0.00
2022/07/01,1344,30.49,30.49,30.49,30.49,900,27441.00
2022/07/01,1345,30.49,30.49,30.49,30.49,0,0.00
2022/07/01,1346,30.49,30.49,30.49,30.49,0,0.00
2022/07/01,1347,30.49,30.49,30.49,30.49,300,9695.82
2022/07/01,1348,30.49,30.49,30.49,30.49,400,12470.41
2022/07/01,1349,30.49,30.49,30.49,30.49,100,3049.00
2022/07/01,1350,30.49,30.49,30.49,30.49,1000,30490.00
2022/07/01,1351,30.49,30.49,30.49,30.49,500,15245.00
2022/07/01,1352,30.49,30.49,30.49,30.49,0,0.00
2022/07/01,1353,30.49,30.49,30.49,30.49,0,0.00
2022/07/01,1354,30.49,30.49,30.49,30.49,0,0.00
2022/07/01,1355,30.49,30.49,30.49,30.49,400,12196.00
2022/07/01,1356,30.49,30.49,30.49,30.49,500,15245.00
2022/07/01,1357,30.49,30.49,30.49,30.49,0,0.00
2022/07/01,1358,30.49,30.49,30.49,30.49,500,15245.00
2022/07/01,1359,30.49,30.49,30.49,30.49,0,0.00
2022/07/01,1400,30.49,30.49,30.49,30.49,0,0.00
2022/07/01,1401,30.49,30.49,30.49,30.49,0,0.00
2022/07/01,1402,30.49,30.49,30.49,30.49,0,0.00
2022/07/01,1403,30.49,30.49,30.49,30.49,0,0.00
2022/07/01,1404,30.49,30.49,30.49,30.49,0,0.00
2022/07/01,1405,30.49,30.49,30.49,30.49,0,0.00
2022/07/01,1406,30.49,30.49,30.49,30.49,0,0.00
2022/07/01,1407,30.49,30.49,30.49,30.49,0,0.00
2022/07/01,1408,30.49,30.49,30.49,30.49,0,0.00
2022/07/01,1409,30.49,30.49,30.49,30.49,100,3049.00
2022/07/01,1410,30.49,30.49,30.49,30.49,0,0.00
2022/07/01,1411,30.49,30.49,30.49,30.49,400,12196.00
2022/07/01,1412,30.49,30.49,30.49,30.49,0,0.00
2022/07/01,1413,30.49,30.49,30.49,30.49,400,12196.00
2022/07/01,1414,30.49,30.49,30.49,30.49,200,6098.00
2022/07/01,1415,30.49,30.49,30.49,30.49,0,0.00
2022/07/01,1416,30.49,30.49,30.49,30.49,0,0.00
2022/07/01,1417,30.49,30.49,30.49,30.49,0,0.00
2022/07/01,1418,30.49,30.49,30.49,30.49,200,4878.40
2022/07/01,1419,30.49,30.49,30.49,30.49,600,18294.00
2022/07/01,1420,30.49,30.49,30.49,30.49,0,0.00
2022/07/01,1421,30.49,30.49,30.49,30.49,0,0.00
2022/07/01,1422,30.49,30.49,30.49,30.49,0,0.00
2022/07/01,1423,30.49,30.49,30.49,30.49,0,0.00
2022/07/01,1424,30.49,30.49,30.49,30.49,700,21343.00
2022/07/01,1425,30.49,30.49,30.49,30.49,0,0.00
2022/07/01,1426,30.49,30.49,30.49,30.49,0,0.00
2022/07/01,1427,30.49,30.49,30.49,30.49,200,6098.00
2022/07/01,1428,30.49,30.49,30.49,30.49,500,15245.00
2022/07/01,1429,30.49,30.49,30.49,30.49,200,7500.54
2022/07/01,1430,30.49,30.49,30.49,30.49,0,0.00
2022/07/01,1431,30.49,30.49,30.49,30.49,500,15245.00
2022/07/01,1432,30.49,30.49,30.49,30.49,0,0.00
2022/07/01,1433,30.49,30.49,30.49,30.49,200,4878.40
2022/07/01,1434,30.49,30.49,30.49,30.49,0,0.00
2022/07/01,1435,30.49,30.49,30.49,30.49,0,0.00
2022/07/01,1436,30.49,30.49,30.49,30.49,100,3049.00
2022/07/01,1437,30.49,30.49,30.49,30.49,0,0.00
2022/07/01,1438,30.49,30.49,30.49,30.49,0,0.00
2022/07/01,1439,30.49,30.49,30.49,30.49,700,21343.00
2022/07/01,1440,30.49,30.49,30.49,30.49,0,0.00
2022/07/01,1441,30.49,30.49,30.49,30.49,0,0.00
2022/07/01,1442,30.49,30.49,30.49,30.49,400,12196.00
2022/07/01,1443,30.49,30.49,30.49,30.49,500,15245.00
2022/07/01,1444,30.49,30.49,30.49,30.49,0,0.00
2022/07/01,1445,30.49,30.49,30.49,30.49,800,24666.41
2022/07/01,1446,30.49,30.49,30.49,30.49,0,0.00
2022/07/01,1447,30.49,30.49,30.49,30.49,0,0.00
2022/07/01,1448,30.49,30.49,30.49,30.49,0,0.00
2022/07/01,1449,30.49,30.49,30.49,30.49,0,0.00
2022/07/01,1450,30.49,30.49,30.49,30.49,0,0.00
2022/07/01,1451,30.49,30.49,30.49,30.49,200,7012.70
2022/07/01,1452,30.49,30.49,30.49,30.49,0,0.00
2022/07/01,1453,30.49,30.49,30.49,30.49,500,15245.00
2022/07/01,1454,30.49,30.49,30.49,30.49,100,3049.00
2022/07/01,1455,30.49,30.49,30.49,30.49,0,0.00
2022/07/01,1456,30.49,30.49,30.49,30.49,700,20123.40
2022/07/01,1457,30.49,30.49,30.49,30.49,500,15519.41
2022/07/01,1458,30.49,30.49,30.49,30.49,0,0.00
2022/07/01,1459,30.49,30.49,30.49,30.49,0,0.00
2022/07/01,1500,30.49,30.49,30.49,30.49,2400,71956.40
2022/07/04,0931,33.54,33.54,33.54,33.54,43800,1469052.00
2022/07/04,0932,33.54,33.54,33.54,33.54,1200,38906.40
2022/07/04,0933,33.54,33.54,33.54,33.54,1400,46956.00
2022/07/04,0934,33.54,33.54,33.54,33.54,700,23478.00
2022/07/04,0935,33.54,33.54,33.54,33.54,1900,63726.00
2022/07/04,0936,33.54,33.54,33.54,33.54,1500,53227.98
2022/07/04,0937,33.54,33.54,33.54,33.54,1500,50310.00
2022/07/04,0938,33.54,33.54,33.54,33.54,900,30186.00
2022/07/04,0939,33.54,33.54,33.54,33.54,100,3354.00
2022/07/04,0940,33.54,33.54,33.54,33.54,600,20124.00
2022/07/04,0941,33.54,33.54,33.54,33.54,900,30186.00
2022/07/04,0942,33.54,33.54,33.54,33.54,1000,33540.00
2022/07/04,0943,33.54,33.54,33.54,33.54,1200,40248.00
2022/07/04,0944,33.54,33.54,33.54,33.54,100,3354.00
2022/07/04,0945,33.54,33.54,33.54,33.54,500,16770.00
2022/07/04,0946,33.54,33.54,33.54,33.54,0,0.00
2022/07/04,0947,33.54,33.54,33.54,33.54,1100,36894.00
2022/07/04,0948,33.54,33.54,33.54,33.54,1100,35552.40
2022/07/04,0949,33.54,33.54,33.54,33.54,0,0.00
2022/07/04,0950,33.54,33.54,33.54,33.54,0,0.00
2022/07/04,0951,33.54,33.54,33.54,33.54,600,20124.00
2022/07/04,0952,33.54,33.54,33.54,33.54,500,16770.00
2022/07/04,0953,33.54,33.54,33.54,33.54,1100,36894.00
2022/07/04,0954,33.54,33.54,33.54,33.54,100,3354.00
2022/07/04,0955,33.54,33.54,33.54,33.54,500,16770.00
2022/07/04,0956,33.54,33.54,33.54,33.54,0,0.00
2022/07/04,0957,33.54,33.54,33.54,33.54,0,0.00
2022/07/04,0958,33.54,33.54,33.54,33.54,200,6708.00
2022/07/04,0959,33.54,33.54,33.54,33.54,0,0.00
2022/07/04,1000,33.54,33.54,33.54,33.54,900,30487.86
2022/07/04,1001,33.54,33.54,33.54,33.54,500,16770.00
2022/07/04,1002,33.54,33.54,33.54,33.54,100,3354.00
2022/07/04,1003,33.54,33.54,33.54,33.54,1200,39879.06
2022/07/04,1004,33.54,33.54,33.54,33.54,1300,42931.20
2022/07/04,1005,33.54,33.54,33.54,33.54,800,27502.80
2022/07/04,1006,33.54,33.54,33.54,33.54,0,0.00
2022/07/04,1007,33.54,33.54,33.54,33.54,2100,70434.00
2022/07/04,1008,33.54,33.54,33.54,33.54,0,0.00
2022/07/04,1009,33.54,33.54,33.54,33.54,0,0.00
2022/07/04,1010,33.54,33.54,33.54,33.54,1000,32198.40
2022/07/04,1011,33.54,33.54,33.54,33.54,100,3354.00
2022/07/04,1012,33.54,33.54,33.54,33.54,0,0.00
2022/07/04,1013,33.54,33.54,33.54,33.54,500,16770.00
2022/07/04,1014,33.54,33.54,33.54,33.54,0,0.00
2022/07/04,1015,33.54,33.54,33.54,33.54,0,0.00
2022/07/04,1016,33.54,33.54,33.54,33.54,0,0.00
2022/07/04,1017,33.54,33.54,33.54,33.54,0,0.00
2022/07/04,1018,33.54,33.54,33.54,33.54,0,0.00
2022/07/04,1019,33.54,33.54,33.54,33.54,500,16770.00
2022/07/04,1020,33.54,33.54,33.54,33.54,0,0.00
2022/07/04,1021,33.54,33.54,33.54,33.54,0,0.00
2022/07/04,1022,33.54,33.54,33.54,33.54,0,0.00
2022/07/04,1023,33.54,33.54,33.54,33.54,0,0.00
2022/07/04,1024,33.54,33.54,33.54,33.54,0,0.00
2022/07/04,1025,33.54,33.54,33.54,33.54,0,0.00
2022/07/04,1026,33.54,33.54,33.54,33.54,0,0.00
2022/07/04,1027,33.54,33.54,33.54,33.54,0,0.00
2022/07/04,1028,33.54,33.54,33.54,33.54,600,20425.86
2022/07/04,1029,33.54,33.54,33.54,33.54,0,0.00
2022/07/04,1030,33.54,33.54,33.54,33.54,100,3354.00
2022/07/04,1031,33.54,33.54,33.54,33.54,0,0.00
2022/07/04,1032,33.54,33.54,33.54,33.54,100,5366.40
2022/07/04,1033,33.54,33.54,33.54,33.54,0,0.00
2022/07/04,1034,33.54,33.54,33.54,33.54,600,20124.00
2022/07/04,1035,33.54,33.54,33.54,33.54,0,0.00
2022/07/04,1036,33.54,33.54,33.54,33.54,0,0.00
2022/07/04,1037,33.54,33.54,33.54,33.54,0,0.00
2022/07/04,1038,33.54,33.54,33.54,33.54,1800,60237.84
2022/07/04,1039,33.54,33.54,33.54,33.54,0,0.00
2022/07/04,1040,33.54,33.54,33.54,33.54,0,0.00
2022/07/04,1041,33.54,33.54,33.54,33.54,0,0.00
2022/07/04,1042,33.54,33.54,33.54,33.54,0,0.00
2022/07/04,1043,33.54,33.54,33.54,33.54,0,0.00
2022/07/04,1044,33.54,33.54,33.54,33.54,0,0.00
2022/07/04,1045,33.54,33.54,33.54,33.54,0,0.00
2022/07/04,1046,33.54,33.54,33.54,33.54,500,16770.00
2022/07/04,1047,33.54,33.54,33.54,33.54,0,0.00
2022/07/04,1048,33.54,33.54,33.54,33.54,100,670.80
2022/07/04,1049,33.54,33.54,33.54,33.54,0,0.00
2022/07/04,1050,33.54,33.54,33.54,33.54,0,0.00
2022/07/04,1051,33.54,33.54,33.54,33.54,200,6708.00
2022/07/04,1052,33.54,33.54,33.54,33.54,0,0.00
2022/07/04,1053,33.54,33.54,33.54,33.54,0,0.00
2022/07/04,1054,33.54,33.54,33.54,33.54,0,0.00
2022/07/04,1055,33.54,33.54,33.54,33.54,0,0.00
2022/07/04,1056,33.54,33.54,33.54,33.54,0,0.00
2022/07/04,1057,33.54,33.54,33.54,33.54,0,0.00
2022/07/04,1058,33.54,33.54,33.54,33.54,0,0.00
2022/07/04,1059,33.54,33.54,33.54,33.54,0,0.00
2022/07/04,1100,33.54,33.54,33.54,33.54,200,6708.00
2022/07/04,1101,33.54,33.54,33.54,33.54,0,0.00
2022/07/04,1102,33.54,33.54,33.54,33.54,0,0.00
2022/07/04,1103,33.54,33.54,33.54,33.54,0,0.00
2022/07/04,1104,33.54,33.54,33.54,33.54,400,13717.86
2022/07/04,1105,33.54,33.54,33.54,33.54,0,0.00
2022/07/04,1106,33.54,33.54,33.54,33.54,0,0.00
2022/07/04,1107,33.54,33.54,33.54,33.54,0,134.16
2022/07/04,1108,33.54,33.54,33.54,33.54,0,0.00
2022/07/04,1109,33.54,33.54,33.54,33.54,0,0.00
2022/07/04,1110,33.54,33.54,33.54,33.54,0,0.00
2022/07/04,1111,33.54,33.54,33.54,33.54,500,16770.00
2022/07/04,1112,33.54,33.54,33.54,33.54,0,0.00
2022/07/04,1113,33.54,33.54,33.54,33.54,0,0.00
2022/07/04,1114,33.54,33.54,33.54,33.54,0,0.00
2022/07/04,1115,33.54,33.54,33.54,33.54,100,3354.00
2022/07/04,1116,33.54,33.54,33.54,33.54,200,6708.00
2022/07/04,1117,33.54,33.54,33.54,33.54,500,16770.00
2022/07/04,1118,33.54,33.54,33.54,33.54,0,0.00
2022/07/04,1119,33.54,33.54,33.54,33.54,500,16770.00
2022/07/04,1120,33.54,33.54,33.54,33.54,500,16770.00
2022/07/04,1121,33.54,33.54,33.54,33.54,0,0.00
2022/07/04,1122,33.54,33.54,33.54,33.54,0,0.00
2022/07/04,1123,33.54,33.54,33.54,33.54,0,0.00
2022/07/04,1124,33.54,33.54,33.54,33.54,0,0.00
2022/07/04,1125,33.54,33.54,33.54,33.54,0,0.00
2022/07/04,1126,33.54,33.54,33.54,33.54,100,3354.00
2022/07/04,1127,33.54,33.54,33.54,33.54,0,0.00
2022/07/04,1128,33.54,33.54,33.54,33.54,0,0.00
2022/07/04,1129,33.54,33.54,33.54,33.54,0,0.00
2022/07/04,1130,33.54,33.54,33.54,33.54,0,1542.84
2022/07/04,1301,33.54,33.54,33.54,33.54,5300,179002.98
2022/07/04,1302,33.54,33.54,33.54,33.54,0,0.00
2022/07/04,1303,33.54,33.54,33.54,33.54,0,0.00
2022/07/04,1304,33.54,33.54,33.54,33.54,0,0.00
2022/07/04,1305,33.54,33.54,33.54,33.54,0,0.00
2022/07/04,1306,33.54,33.54,33.54,33.54,0,0.00
2022/07/04,1307,33.54,33.54,33.54,33.54,500,16770.00
2022/07/04,1308,33.54,33.54,33.54,33.54,0,0.00
2022/07/04,1309,33.54,33.54,33.54,33.54,0,0.00
2022/07/04,1310,33.54,33.54,33.54,33.54,0,0.00
2022/07/04,1311,33.54,33.54,33.54,33.54,0,0.00
2022/07/04,1312,33.54,33.54,33.54,33.54,0,0.00
2022/07/04,1313,33.54,33.54,33.54,33.54,0,0.00
2022/07/04,1314,33.54,33.54,33.54,33.54,0,0.00
2022/07/04,1315,33.54,33.54,33.54,33.54,500,16770.00
2022/07/04,1316,33.54,33.54,33.54,33.54,0,0.00
2022/07/04,1317,33.54,33.54,33.54,33.54,0,0.00
2022/07/04,1318,33.54,33.54,33.54,33.54,0,0.00
2022/07/04,1319,33.54,33.54,33.54,33.54,0,0.00
2022/07/04,1320,33.54,33.54,33.54,33.54,0,0.00
2022/07/04,1321,33.54,33.54,33.54,33.54,0,0.00
2022/07/04,1322,33.54,33.54,33.54,33.54,400,10732.80
2022/07/04,1323,33.54,33.54,33.54,33.54,900,30487.86
2022/07/04,1324,33.54,33.54,33.54,33.54,0,0.00
2022/07/04,1325,33.54,33.54,33.54,33.54,0,0.00
2022/07/04,1326,33.54,33.54,33.54,33.54,0,0.00
2022/07/04,1327,33.54,33.54,33.54,33.54,0,0.00
2022/07/04,1328,33.54,33.54,33.54,33.54,0,0.00
2022/07/04,1329,33.54,33.54,33.54,33.54,0,0.00
2022/07/04,1330,33.54,33.54,33.54,33.54,0,0.00
2022/07/04,1331,33.54,33.54,33.54,33.54,0,0.00
2022/07/04,1332,33.54,33.54,33.54,33.54,100,3354.00
2022/07/04,1333,33.54,33.54,33.54,33.54,0,0.00
2022/07/04,1334,33.54,33.54,33.54,33.54,0,0.00
2022/07/04,1335,33.54,33.54,33.54,33.54,100,3354.00
2022/07/04,1336,33.54,33.54,33.54,33.54,0,0.00
2022/07/04,1337,33.54,33.54,33.54,33.54,0,0.00
2022/07/04,1338,33.54,33.54,33.54,33.54,0,0.00
2022/07/04,1339,33.54,33.54,33.54,33.54,100,3354.00
2022/07/04,1340,33.54,33.54,33.54,33.54,100,3354.00
2022/07/04,1341,33.54,33.54,33.54,33.54,0,0.00
2022/07/04,1342,33.54,33.54,33.54,33.54,0,0.00
2022/07/04,1343,33.54,33.54,33.54,33.54,0,0.00
2022/07/04,1344,33.54,33.54,33.54,33.54,0,0.00
2022/07/04,1345,33.54,33.54,33.54,33.54,0,0.00
2022/07/04,1346,33.54,33.54,33.54,33.54,0,0.00
2022/07/04,1347,33.54,33.54,33.54,33.54,0,0.00
2022/07/04,1348,33.54,33.54,33.54,33.54,0,0.00
2022/07/04,1349,33.54,33.54,33.54,33.54,0,0.00
2022/07/04,1350,33.54,33.54,33.54,33.54,0,0.00
2022/07/04,1351,33.54,33.54,33.54,33.54,100,3354.00
2022/07/04,1352,33.54,33.54,33.54,33.54,400,13717.86
2022/07/04,1353,33.54,33.54,33.54,33.54,0,0.00
2022/07/04,1354,33.54,33.54,33.54,33.54,0,0.00
2022/07/04,1355,33.54,33.54,33.54,33.54,400,13416.00
2022/07/04,1356,33.54,33.54,33.54,33.54,0,0.00
2022/07/04,1357,33.54,33.54,33.54,33.54,0,0.00
2022/07/04,1358,33.54,33.54,33.54,33.54,0,0.00
2022/07/04,1359,33.54,33.54,33.54,33.54,0,0.00
2022/07/04,1400,33.54,33.54,33.54,33.54,600,20425.86
2022/07/04,1401,33.54,33.54,33.54,33.54,0,0.00
2022/07/04,1402,33.54,33.54,33.54,33.54,0,0.00
2022/07/04,1403,33.54,33.54,33.54,33.54,0,0.00
2022/07/04,1404,33.54,33.54,33.54,33.54,0,0.00
2022/07/04,1405,33.54,33.54,33.54,33.54,0,0.00
2022/07/04,1406,33.54,33.54,33.54,33.54,0,0.00
2022/07/04,1407,33.54,33.54,33.54,33.54,0,0.00
2022/07/04,1408,33.54,33.54,33.54,33.54,0,0.00
2022/07/04,1409,33.54,33.54,33.54,33.54,0,0.00
2022/07/04,1410,33.54,33.54,33.54,33.54,400,13416.00
2022/07/04,1411,33.54,33.54,33.54,33.54,0,0.00
2022/07/04,1412,33.54,33.54,33.54,33.54,0,0.00
2022/07/04,1413,33.54,33.54,33.54,33.54,0,0.00
2022/07/04,1414,33.54,33.54,33.54,33.54,0,0.00
2022/07/04,1415,33.54,33.54,33.54,33.54,0,0.00
2022/07/04,1416,33.54,33.54,33.54,33.54,0,0.00
2022/07/04,1417,33.54,33.54,33.54,33.54,0,0.00
2022/07/04,1418,33.54,33.54,33.54,33.54,0,0.00
2022/07/04,1419,33.54,33.54,33.54,33.54,0,0.00
2022/07/04,1420,33.54,33.54,33.54,33.54,0,0.00
2022/07/04,1421,33.54,33.54,33.54,33.54,0,0.00
2022/07/04,1422,33.54,33.54,33.54,33.54,0,0.00
2022/07/04,1423,33.54,33.54,33.54,33.54,200,6708.00
2022/07/04,1424,33.54,33.54,33.54,33.54,0,0.00
2022/07/04,1425,33.54,33.54,33.54,33.54,0,0.00
2022/07/04,1426,33.54,33.54,33.54,33.54,0,0.00
2022/07/04,1427,33.54,33.54,33.54,33.54,0,0.00
2022/07/04,1428,33.54,33.54,33.54,33.54,0,0.00
2022/07/04,1429,33.54,33.54,33.54,33.54,0,0.00
2022/07/04,1430,33.54,33.54,33.54,33.54,0,0.00
2022/07/04,1431,33.54,33.54,33.54,33.54,0,0.00
2022/07/04,1432,33.54,33.54,33.54,33.54,0,0.00
2022/07/04,1433,33.54,33.54,33.54,33.54,0,0.00
2022/07/04,1434,33.54,33.54,33.54,33.54,0,0.00
2022/07/04,1435,33.54,33.54,33.54,33.54,0,0.00
2022/07/04,1436,33.54,33.54,33.54,33.54,0,0.00
2022/07/04,1437,33.54,33.54,33.54,33.54,0,0.00
2022/07/04,1438,33.54,33.54,33.54,33.54,0,0.00
2022/07/04,1439,33.54,33.54,33.54,33.54,0,0.00
2022/07/04,1440,33.54,33.54,33.54,33.54,0,0.00
2022/07/04,1441,33.54,33.54,33.54,33.54,100,3354.00
2022/07/04,1442,33.54,33.54,33.54,33.54,0,0.00
2022/07/04,1443,33.54,33.54,33.54,33.54,500,16770.00
2022/07/04,1444,33.54,33.54,33.54,33.54,0,0.00
2022/07/04,1445,33.54,33.54,33.54,33.54,0,0.00
2022/07/04,1446,33.54,33.54,33.54,33.54,0,0.00
2022/07/04,1447,33.54,33.54,33.54,33.54,0,0.00
2022/07/04,1448,33.54,33.54,33.54,33.54,0,0.00
2022/07/04,1449,33.54,33.54,33.54,33.54,0,0.00
2022/07/04,1450,33.54,33.54,33.54,33.54,400,13717.86
2022/07/04,1451,33.54,33.54,33.54,33.54,0,0.00
2022/07/04,1452,33.54,33.54,33.54,33.54,0,0.00
2022/07/04,1453,33.54,33.54,33.54,33.54,0,0.00
2022/07/04,1454,33.54,33.54,33.54,33.54,0,0.00
2022/07/04,1455,33.54,33.54,33.54,33.54,0,0.00
2022/07/04,1456,33.54,33.54,33.54,33.54,0,0.00
2022/07/04,1457,33.54,33.54,33.54,33.54,0,0.00
2022/07/04,1458,33.54,33.54,33.54,33.54,0,0.00
2022/07/04,1459,33.54,33.54,33.54,33.54,0,0.00
2022/07/04,1500,33.54,33.54,33.54,33.54,2200,72446.40
2022/07/05,0931,36.89,36.89,36.89,36.89,58300,2152457.50
2022/07/05,0932,36.89,36.89,36.89,36.89,900,33201.00
2022/07/05,0933,36.89,36.89,36.89,36.89,600,22134.00
2022/07/05,0934,36.89,36.89,36.89,36.89,2000,73780.00
2022/07/05,0935,36.89,36.89,36.89,36.89,3200,114691.02
2022/07/05,0936,36.89,36.89,36.89,36.89,1400,51646.00
2022/07/05,0937,36.89,36.89,36.89,36.89,1500,55667.01
2022/07/05,0938,36.89,36.89,36.89,36.89,1100,40911.01
2022/07/05,0939,36.89,36.89,36.89,36.89,1500,55335.00
2022/07/05,0940,36.89,36.89,36.89,36.89,0,0.00
2022/07/05,0941,36.89,36.89,36.89,36.89,900,33533.01
2022/07/05,0942,36.89,36.89,36.89,36.89,0,0.00
2022/07/05,0943,36.89,36.89,36.89,36.89,1000,36890.00
2022/07/05,0944,36.89,36.89,36.89,36.89,1800,65258.41
2022/07/05,0945,36.89,36.89,36.89,36.89,0,0.00
2022/07/05,0946,36.89,36.89,36.89,36.89,600,22134.00
2022/07/05,0947,36.89,36.89,36.89,36.89,600,22134.00
2022/07/05,0948,36.89,36.89,36.89,36.89,1000,36890.00
2022/07/05,0949,36.89,36.89,36.89,36.89,0,0.00
2022/07/05,0950,36.89,36.89,36.89,36.89,1500,55335.00
2022/07/05,0951,36.89,36.89,36.89,36.89,900,33201.00
2022/07/05,0952,36.89,36.89,36.89,36.89,0,0.00
2022/07/05,0953,36.89,36.89,36.89,36.89,900,35414.40
2022/07/05,0954,36.89,36.89,36.89,36.89,1400,50170.40
2022/07/05,0955,36.89,36.89,36.89,36.89,0,0.00
2022/07/05,0956,36.89,36.89,36.89,36.89,100,5902.40
2022/07/05,0957,36.89,36.89,36.89,36.89,800,29512.00
2022/07/05,0958,36.89,36.89,36.89,36.89,300,11067.00
2022/07/05,0959,36.89,36.89,36.89,36.89,0,0.00
2022/07/05,1000,36.89,36.89,36.89,36.89,0,0.00
2022/07/05,1001,36.89,36.89,36.89,36.89,500,18445.00
2022/07/05,1002,36.89,36.89,36.89,36.89,400,14756.00
2022/07/05,1003,36.89,36.89,36.89,36.89,1000,36890.00
2022/07/05,1004,36.89,36.89,36.89,36.89,500,18445.00
2022/07/05,1005,36.89,36.89,36.89,36.89,300,11067.00
2022/07/05,1006,36.89,36.89,36.89,36.89,200,7378.00
2022/07/05,1007,36.89,36.89,36.89,36.89,100,3689.00
2022/07/05,1008,36.89,36.89,36.89,36.89,500,18445.00
2022/07/05,1009,36.89,36.89,36.89,36.89,200,5902.40
2022/07/05,1010,36.89,36.89,36.89,36.89,0,664.02
2022/07/05,1011,36.89,36.89,36.89,36.89,500,18445.00
2022/07/05,1012,36.89,36.89,36.89,36.89,100,3689.00
2022/07/05,1013,36.89,36.89,36.89,36.89,400,14756.00
2022/07/05,1014,36.89,36.89,36.89,36.89,500,18445.00
2022/07/05,1015,36.89,36.89,36.89,36.89,100,3689.00
2022/07/05,1016,36.89,36.89,36.89,36.89,0,0.00
2022/07/05,1017,36.89,36.89,36.89,36.89,600,20658.40
2022/07/05,1018,36.89,36.89,36.89,36.89,500,18445.00
2022/07/05,1019,36.89,36.89,36.89,36.89,0,0.00
2022/07/05,1020,36.89,36.89,36.89,36.89,0,0.00
2022/07/05,1021,36.89,36.89,36.89,36.89,0,0.00
2022/07/05,1022,36.89,36.89,36.89,36.89,500,18445.00
2022/07/05,1023,36.89,36.89,36.89,36.89,0,0.00
2022/07/05,1024,36.89,36.89,36.89,36.89,0,0.00
2022/07/05,1025,36.89,36.89,36.89,36.89,200,7378.00
2022/07/05,1026,36.89,36.89,36.89,36.89,0,0.00
2022/07/05,1027,36.89,36.89,36.89,36.89,0,0.00
2022/07/05,1028,36.89,36.89,36.89,36.89,400,15088.01
2022/07/05,1029,36.89,36.89,36.89,36.89,0,442.68
2022/07/05,1030,36.89,36.89,36.89,36.89,500,18445.00
2022/07/05,1031,36.89,36.89,36.89,36.89,0,0.00
2022/07/05,1032,36.89,36.89,36.89,36.89,100,3689.00
2022/07/05,1033,36.89,36.89,36.89,36.89,600,22134.00
2022/07/05,1034,36.89,36.89,36.89,36.89,0,0.00
2022/07/05,1035,36.89,36.89,36.89,36.89,0,0.00
2022/07/05,1036,36.89,36.89,36.89,36.89,500,18445.00
2022/07/05,1037,36.89,36.89,36.89,36.89,0,0.00
2022/07/05,1038,36.89,36.89,36.89,36.89,300,10624.32
2022/07/05,1039,36.89,36.89,36.89,36.89,0,0.00
2022/07/05,1040,36.89,36.89,36.89,36.89,0,0.00
2022/07/05,1041,36.89,36.89,36.89,36.89,0,0.00
2022/07/05,1042,36.89,36.89,36.89,36.89,200,7378.00
2022/07/05,1043,36.89,36.89,36.89,36.89,700,26155.01
2022/07/05,1044,36.89,36.89,36.89,36.89,1000,36890.00
2022/07/05,1045,36.89,36.89,36.89,36.89,0,0.00
2022/07/05,1046,36.89,36.89,36.89,36.89,400,15088.01
2022/07/05,1047,36.89,36.89,36.89,36.89,0,0.00
2022/07/05,1048,36.89,36.89,36.89,36.89,0,0.00
2022/07/05,1049,36.89,36.89,36.89,36.89,0,0.00
2022/07/05,1050,36.89,36.89,36.89,36.89,500,18445.00
2022/07/05,1051,36.89,36.89,36.89,36.89,0,0.00
2022/07/05,1052,36.89,36.89,36.89,36.89,100,3689.00
2022/07/05,1053,36.89,36.89,36.89,36.89,0,0.00
2022/07/05,1054,36.89,36.89,36.89,36.89,0,0.00
2022/07/05,1055,36.89,36.89,36.89,36.89,0,0.00
2022/07/05,1056,36.89,36.89,36.89,36.89,100,3689.00
2022/07/05,1057,36.89,36.89,36.89,36.89,0,0.00
2022/07/05,1058,36.89,36.89,36.89,36.89,0,0.00
2022/07/05,1059,36.89,36.89,36.89,36.89,0,0.00
2022/07/05,1100,36.89,36.89,36.89,36.89,600,22134.00
2022/07/05,1101,36.89,36.89,36.89,36.89,0,0.00
2022/07/05,1102,36.89,36.89,36.89,36.89,0,0.00
2022/07/05,1103,36.89,36.89,36.89,36.89,0,0.00
2022/07/05,1104,36.89,36.89,36.89,36.89,0,0.00
2022/07/05,1105,36.89,36.89,36.89,36.89,0,0.00
2022/07/05,1106,36.89,36.89,36.89,36.89,0,0.00
2022/07/05,1107,36.89,36.89,36.89,36.89,0,0.00
2022/07/05,1108,36.89,36.89,36.89,36.89,0,0.00
2022/07/05,1109,36.89,36.89,36.89,36.89,0,0.00
2022/07/05,1110,36.89,36.89,36.89,36.89,100,3689.00
2022/07/05,1111,36.89,36.89,36.89,36.89,500,18445.00
2022/07/05,1112,36.89,36.89,36.89,36.89,700,25823.00
2022/07/05,1113,36.89,36.89,36.89,36.89,100,3689.00
2022/07/05,1114,36.89,36.89,36.89,36.89,0,0.00
2022/07/05,1115,36.89,36.89,36.89,36.89,0,0.00
2022/07/05,1116,36.89,36.89,36.89,36.89,400,15088.01
2022/07/05,1117,36.89,36.89,36.89,36.89,0,0.00
2022/07/05,1118,36.89,36.89,36.89,36.89,0,0.00
2022/07/05,1119,36.89,36.89,36.89,36.89,0,0.00
2022/07/05,1120,36.89,36.89,36.89,36.89,0,0.00
2022/07/05,1121,36.89,36.89,36.89,36.89,0,0.00
2022/07/05,1122,36.89,36.89,36.89,36.89,0,0.00
2022/07/05,1123,36.89,36.89,36.89,36.89,0,0.00
2022/07/05,1124,36.89,36.89,36.89,36.89,200,7378.00
2022/07/05,1125,36.89,36.89,36.89,36.89,0,0.00
2022/07/05,1126,36.89,36.89,36.89,36.89,0,0.00
2022/07/05,1127,36.89,36.89,36.89,36.89,0,0.00
2022/07/05,1128,36.89,36.89,36.89,36.89,0,0.00
2022/07/05,1129,36.89,36.89,36.89,36.89,0,0.00
2022/07/05,1130,36.89,36.89,36.89,36.89,500,18445.00
2022/07/05,1301,36.89,36.89,36.89,36.89,300,11067.00
2022/07/05,1302,36.89,36.89,36.89,36.89,100,3689.00
2022/07/05,1303,36.89,36.89,36.89,36.89,0,0.00
2022/07/05,1304,36.89,36.89,36.89,36.89,0,0.00
2022/07/05,1305,36.89,36.89,36.89,36.89,0,0.00
2022/07/05,1306,36.89,36.89,36.89,36.89,0,0.00
2022/07/05,1307,36.89,36.89,36.89,36.89,0,0.00
2022/07/05,1308,36.89,36.89,36.89,36.89,0,0.00
2022/07/05,1309,36.89,36.89,36.89,36.89,0,0.00
2022/07/05,1310,36.89,36.89,36.89,36.89,0,0.00
2022/07/05,1311,36.89,36.89,36.89,36.89,0,0.00
2022/07/05,1312,36.89,36.89,36.89,36.89,100,3689.00
2022/07/05,1313,36.89,36.89,36.89,36.89,0,0.00
2022/07/05,1314,36.89,36.89,36.89,36.89,100,3689.00
2022/07/05,1315,36.89,36.89,36.89,36.89,100,3689.00
2022/07/05,1316,36.89,36.89,36.89,36.89,400,15088.01
2022/07/05,1317,36.89,36.89,36.89,36.89,0,0.00
2022/07/05,1318,36.89,36.89,36.89,36.89,0,0.00
2022/07/05,1319,36.89,36.89,36.89,36.89,0,0.00
2022/07/05,1320,36.89,36.89,36.89,36.89,0,0.00
2022/07/05,1321,36.89,36.89,36.89,36.89,0,0.00
2022/07/05,1322,36.89,36.89,36.89,36.89,0,0.00
2022/07/05,1323,36.89,36.89,36.89,36.89,0,0.00
2022/07/05,1324,36.89,36.89,36.89,36.89,0,0.00
2022/07/05,1325,36.89,36.89,36.89,36.89,0,0.00
2022/07/05,1326,36.89,36.89,36.89,36.89,0,0.00
2022/07/05,1327,36.89,36.89,36.89,36.89,0,0.00
2022/07/05,1328,36.89,36.89,36.89,36.89,0,0.00
2022/07/05,1329,36.89,36.89,36.89,36.89,0,0.00
2022/07/05,1330,36.89,36.89,36.89,36.89,0,332.01
2022/07/05,1331,36.89,36.89,36.89,36.89,0,0.00
2022/07/05,1332,36.89,36.89,36.89,36.89,0,0.00
2022/07/05,1333,36.89,36.89,36.89,36.89,900,33533.01
2022/07/05,1334,36.89,36.89,36.89,36.89,300,11067.00
2022/07/05,1335,36.89,36.89,36.89,36.89,0,0.00
2022/07/05,1336,36.89,36.89,36.89,36.89,500,18445.00
2022/07/05,1337,36.89,36.89,36.89,36.89,0,0.00
2022/07/05,1338,36.89,36.89,36.89,36.89,0,0.00
2022/07/05,1339,36.89,36.89,36.89,36.89,0,0.00
2022/07/05,1340,36.89,36.89,36.89,36.89,500,18445.00
2022/07/05,1341,36.89,36.89,36.89,36.89,0,0.00
2022/07/05,1342,36.89,36.89,36.89,36.89,0,0.00
2022/07/05,1343,36.89,36.89,36.89,36.89,200,7378.00
2022/07/05,1344,36.89,36.89,36.89,36.89,0,0.00
2022/07/05,1345,36.89,36.89,36.89,36.89,0,0.00
2022/07/05,1346,36.89,36.89,36.89,36.89,0,0.00
2022/07/05,1347,36.89,36.89,36.89,36.89,200,7378.00
2022/07/05,1348,36.89,36.89,36.89,36.89,300,11067.00
2022/07/05,1349,36.89,36.89,36.89,36.89,0,0.00
2022/07/05,1350,36.89,36.89,36.89,36.89,0,0.00
2022/07/05,1351,36.89,36.89,36.89,36.89,0,0.00
2022/07/05,1352,36.89,36.89,36.89,36.89,100,3689.00
2022/07/05,1353,36.89,36.89,36.89,36.89,0,0.00
2022/07/05,1354,36.89,36.89,36.89,36.89,0,0.00
2022/07/05,1355,36.89,36.89,36.89,36.89,0,0.00
2022/07/05,1356,36.89,36.89,36.89,36.89,500,18445.00
2022/07/05,1357,36.89,36.89,36.89,36.89,0,0.00
2022/07/05,1358,36.89,36.89,36.89,36.89,0,0.00
2022/07/05,1359,36.89,36.89,36.89,36.89,0,0.00
2022/07/05,1400,36.89,36.89,36.89,36.89,0,0.00
2022/07/05,1401,36.89,36.89,36.89,36.89,100,3689.00
2022/07/05,1402,36.89,36.89,36.89,36.89,0,0.00
2022/07/05,1403,36.89,36.89,36.89,36.89,0,0.00
2022/07/05,1404,36.89,36.89,36.89,36.89,500,18445.00
2022/07/05,1405,36.89,36.89,36.89,36.89,500,18445.00
2022/07/05,1406,36.89,36.89,36.89,36.89,0,0.00
2022/07/05,1407,36.89,36.89,36.89,36.89,0,0.00
2022/07/05,1408,36.89,36.89,36.89,36.89,0,0.00
2022/07/05,1409,36.89,36.89,36.89,36.89,0,0.00
2022/07/05,1410,36.89,36.89,36.89,36.89,0,0.00
2022/07/05,1411,36.89,36.89,36.89,36.89,0,0.00
2022/07/05,1412,36.89,36.89,36.89,36.89,0,0.00
2022/07/05,1413,36.89,36.89,36.89,36.89,0,0.00
2022/07/05,1414,36.89,36.89,36.89,36.89,0,0.00
2022/07/05,1415,36.89,36.89,36.89,36.89,0,0.00
2022/07/05,1416,36.89,36.89,36.89,36.89,0,0.00
2022/07/05,1417,36.89,36.89,36.89,36.89,0,0.00
2022/07/05,1418,36.89,36.89,36.89,36.89,100,3689.00
2022/07/05,1419,36.89,36.89,36.89,36.89,0,0.00
2022/07/05,1420,36.89,36.89,36.89,36.89,0,0.00
2022/07/05,1421,36.89,36.89,36.89,36.89,0,0.00
2022/07/05,1422,36.89,36.89,36.89,36.89,0,0.00
2022/07/05,1423,36.89,36.89,36.89,36.89,0,0.00
2022/07/05,1424,36.89,36.89,36.89,36.89,100,3689.00
2022/07/05,1425,36.89,36.89,36.89,36.89,0,0.00
2022/07/05,1426,36.89,36.89,36.89,36.89,0,0.00
2022/07/05,1427,36.89,36.89,36.89,36.89,0,0.00
2022/07/05,1428,36.89,36.89,36.89,36.89,500,18445.00
2022/07/05,1429,36.89,36.89,36.89,36.89,1700,60352.04
2022/07/05,1430,36.89,36.89,36.89,36.89,0,0.00
2022/07/05,1431,36.89,36.89,36.89,36.89,0,0.00
2022/07/05,1432,36.89,36.89,36.89,36.89,0,0.00
2022/07/05,1433,36.89,36.89,36.89,36.89,0,0.00
2022/07/05,1434,36.89,36.89,36.89,36.89,0,0.00
2022/07/05,1435,36.89,36.89,36.89,36.89,0,0.00
2022/07/05,1436,36.89,36.89,36.89,36.89,0,0.00
2022/07/05,1437,36.89,36.89,36.89,36.89,0,0.00
2022/07/05,1438,36.89,36.89,36.89,36.89,0,0.00
2022/07/05,1439,36.89,36.89,36.89,36.89,0,0.00
2022/07/05,1440,36.89,36.89,36.89,36.89,0,0.00
2022/07/05,1441,36.89,36.89,36.89,36.89,300,11067.00
2022/07/05,1442,36.89,36.89,36.89,36.89,0,0.00
2022/07/05,1443,36.89,36.89,36.89,36.89,0,0.00
2022/07/05,1444,36.89,36.89,36.89,36.89,0,0.00
2022/07/05,1445,36.89,36.89,36.89,36.89,0,0.00
2022/07/05,1446,36.89,36.89,36.89,36.89,0,0.00
2022/07/05,1447,36.89,36.89,36.89,36.89,0,2213.40
2022/07/05,1448,36.89,36.89,36.89,36.89,0,0.00
2022/07/05,1449,36.89,36.89,36.89,36.89,0,0.00
2022/07/05,1450,36.89,36.89,36.89,36.89,0,0.00
2022/07/05,1451,36.89,36.89,36.89,36.89,500,18445.00
2022/07/05,1452,36.89,36.89,36.89,36.89,600,22134.00
2022/07/05,1453,36.89,36.89,36.89,36.89,0,0.00
2022/07/05,1454,36.89,36.89,36.89,36.89,0,0.00
2022/07/05,1455,36.89,36.89,36.89,36.89,0,0.00
2022/07/05,1456,36.89,36.89,36.89,36.89,300,11067.00
2022/07/05,1457,36.89,36.89,36.89,36.89,0,0.00
2022/07/05,1458,36.89,36.89,36.89,36.89,0,0.00
2022/07/05,1459,36.89,36.89,36.89,36.89,0,0.00
2022/07/05,1500,36.89,36.89,36.89,36.89,900,30840.04
2022/07/06,0931,40.58,40.58,40.58,40.58,211600,8585552.00
2022/07/06,0932,40.58,40.58,40.58,40.58,27000,1096471.63
2022/07/06,0933,40.58,40.58,40.58,40.58,28500,1154906.75
2022/07/06,0934,40.58,40.58,40.58,40.58,17400,706092.00
2022/07/06,0935,40.58,40.58,40.58,40.58,20600,836759.63
2022/07/06,0936,40.58,40.58,40.58,40.58,20000,811600.00
2022/07/06,0937,40.58,40.58,40.58,40.58,11600,472797.59
2022/07/06,0938,40.58,40.58,40.58,40.58,13300,539714.00
2022/07/06,0939,40.58,40.58,40.58,40.58,5000,202900.00
2022/07/06,0940,40.58,40.58,40.58,40.58,6100,247538.00
2022/07/06,0941,40.58,40.58,40.58,40.58,5800,235364.00
2022/07/06,0942,40.58,40.58,40.58,40.58,3800,154204.00
2022/07/06,0943,40.58,40.58,40.58,40.58,6600,266204.81
2022/07/06,0944,40.58,40.58,40.58,40.58,5300,215074.00
2022/07/06,0945,40.58,40.58,40.58,40.58,5100,206958.00
2022/07/06,0946,40.58,40.58,40.58,40.58,4200,170436.00
2022/07/06,0947,40.58,40.58,40.58,40.58,2600,105508.00
2022/07/06,0948,40.58,40.58,40.58,40.58,3600,146088.00
2022/07/06,0949,40.58,40.58,40.58,40.58,3600,147954.69
2022/07/06,0950,40.58,40.58,40.58,40.58,1400,56812.00
2022/07/06,0951,40.58,40.58,40.58,40.58,3100,125798.00
2022/07/06,0952,40.58,40.58,40.58,40.58,3100,125798.00
2022/07/06,0953,40.58,40.58,40.58,40.58,3800,154204.00
2022/07/06,0954,40.58,40.58,40.58,40.58,2000,81160.00
2022/07/06,0955,40.58,40.58,40.58,40.58,900,36522.00
2022/07/06,0956,40.58,40.58,40.58,40.58,2700,109566.00
2022/07/06,0957,40.58,40.58,40.58,40.58,200,8116.00
2022/07/06,0958,40.58,40.58,40.58,40.58,2000,81160.00
2022/07/06,0959,40.58,40.58,40.58,40.58,3500,142030.00
2022/07/06,1000,40.58,40.58,40.58,40.58,1900,77102.00
2022/07/06,1001,40.58,40.58,40.58,40.58,700,26782.80
2022/07/06,1002,40.58,40.58,40.58,40.58,3000,121740.00
2022/07/06,1003,40.58,40.58,40.58,40.58,2000,81160.00
2022/07/06,1004,40.58,40.58,40.58,40.58,1700,70974.42
2022/07/06,1005,40.58,40.58,40.58,40.58,200,8116.00
2022/07/06,1006,40.58,40.58,40.58,40.58,1600,64928.00
2022/07/06,1007,40.58,40.58,40.58,40.58,1600,63304.80
2022/07/06,1008,40.58,40.58,40.58,40.58,1600,64928.00
2022/07/06,1009,40.58,40.58,40.58,40.58,1500,60870.00
2022/07/06,1010,40.58,40.58,40.58,40.58,2300,91710.80
2022/07/06,1011,40.58,40.58,40.58,40.58,1000,40580.00
2022/07/06,1012,40.58,40.58,40.58,40.58,100,6492.80
2022/07/06,1013,40.58,40.58,40.58,40.58,800,32464.00
2022/07/06,1014,40.58,40.58,40.58,40.58,200,8116.00
2022/07/06,1015,40.58,40.58,40.58,40.58,900,36522.00
2022/07/06,1016,40.58,40.58,40.58,40.58,1300,51130.80
2022/07/06,1017,40.58,40.58,40.58,40.58,1100,44638.00
2022/07/06,1018,40.58,40.58,40.58,40.58,0,0.00
2022/07/06,1019,40.58,40.58,40.58,40.58,1500,60870.00
2022/07/06,1020,40.58,40.58,40.58,40.58,0,0.00
2022/07/06,1021,40.58,40.58,40.58,40.58,1700,68986.00
2022/07/06,1022,40.58,40.58,40.58,40.58,100,4058.00
2022/07/06,1023,40.58,40.58,40.58,40.58,1200,48696.00
2022/07/06,1024,40.58,40.58,40.58,40.58,500,20290.00
2022/07/06,1025,40.58,40.58,40.58,40.58,900,36522.00
2022/07/06,1026,40.58,40.58,40.58,40.58,1100,44638.00
2022/07/06,1027,40.58,40.58,40.58,40.58,2000,81160.00
2022/07/06,1028,40.58,40.58,40.58,40.58,500,20208.84
2022/07/06,1029,40.58,40.58,40.58,40.58,800,32464.00
2022/07/06,1030,40.58,40.58,40.58,40.58,700,30840.80
2022/07/06,1031,40.58,40.58,40.58,40.58,1200,48696.00
2022/07/06,1032,40.58,40.58,40.58,40.58,800,32464.00
2022/07/06,1033,40.58,40.58,40.58,40.58,1900,77102.00
2022/07/06,1034,40.58,40.58,40.58,40.58,700,28406.00
2022/07/06,1035,40.58,40.58,40.58,40.58,1000,37130.70
2022/07/06,1036,40.58,40.58,40.58,40.58,500,20290.00
2022/07/06,1037,40.58,40.58,40.58,40.58,2500,101450.00
2022/07/06,1038,40.58,40.58,40.58,40.58,500,20290.00
2022/07/06,1039,40.58,40.58,40.58,40.58,700,28406.00
2022/07/06,1040,40.58,40.58,40.58,40.58,500,20290.00
2022/07/06,1041,40.58,40.58,40.58,40.58,2100,87652.80
2022/07/06,1042,40.58,40.58,40.58,40.58,500,20290.00
2022/07/06,1043,40.58,40.58,40.58,40.58,200,8116.00
2022/07/06,1044,40.58,40.58,40.58,40.58,1000,40580.00
2022/07/06,1045,40.58,40.58,40.58,40.58,800,32464.00
2022/07/06,1046,40.58,40.58,40.58,40.58,500,20290.00
2022/07/06,1047,40.58,40.58,40.58,40.58,0,0.00
2022/07/06,1048,40.58,40.58,40.58,40.58,500,20655.22
2022/07/06,1049,40.58,40.58,40.58,40.58,500,20290.00
2022/07/06,1050,40.58,40.58,40.58,40.58,700,28406.00
2022/07/06,1051,40.58,40.58,40.58,40.58,0,0.00
2022/07/06,1052,40.58,40.58,40.58,40.58,1100,44638.00
2022/07/06,1053,40.58,40.58,40.58,40.58,0,0.00
2022/07/06,1054,40.58,40.58,40.58,40.58,400,16232.00
2022/07/06,1055,40.58,40.58,40.58,40.58,300,12174.00
2022/07/06,1056,40.58,40.58,40.58,40.58,1200,48696.00
2022/07/06,1057,40.58,40.58,40.58,40.58,0,0.00
2022/07/06,1058,40.58,40.58,40.58,40.58,500,20290.00
2022/07/06,1059,40.58,40.58,40.58,40.58,500,20290.00
2022/07/06,1100,40.58,40.58,40.58,40.58,0,0.00
2022/07/06,1101,40.58,40.58,40.58,40.58,200,8116.00
2022/07/06,1102,40.58,40.58,40.58,40.58,600,24794.38
2022/07/06,1103,40.58,40.58,40.58,40.58,1000,40580.00
2022/07/06,1104,40.58,40.58,40.58,40.58,800,32464.00
2022/07/06,1105,40.58,40.58,40.58,40.58,500,20290.00
2022/07/06,1106,40.58,40.58,40.58,40.58,500,20290.00
2022/07/06,1107,40.58,40.58,40.58,40.58,0,0.00
2022/07/06,1108,40.58,40.58,40.58,40.58,500,20290.00
2022/07/06,1109,40.58,40.58,40.58,40.58,500,20290.00
2022/07/06,1110,40.58,40.58,40.58,40.58,500,20290.00
2022/07/06,1111,40.58,40.58,40.58,40.58,600,24348.00
2022/07/06,1112,40.58,40.58,40.58,40.58,1000,40945.22
2022/07/06,1113,40.58,40.58,40.58,40.58,0,0.00
2022/07/06,1114,40.58,40.58,40.58,40.58,1700,68986.00
2022/07/06,1115,40.58,40.58,40.58,40.58,0,0.00
2022/07/06,1116,40.58,40.58,40.58,40.58,300,12174.00
2022/07/06,1117,40.58,40.58,40.58,40.58,500,20290.00
2022/07/06,1118,40.58,40.58,40.58,40.58,700,28406.00
2022/07/06,1119,40.58,40.58,40.58,40.58,100,4058.00
2022/07/06,1120,40.58,40.58,40.58,40.58,0,0.00
2022/07/06,1121,40.58,40.58,40.58,40.58,200,8116.00
2022/07/06,1122,40.58,40.58,40.58,40.58,700,28406.00
2022/07/06,1123,40.58,40.58,40.58,40.58,100,4058.00
2022/07/06,1124,40.58,40.58,40.58,40.58,500,20290.00
2022/07/06,1125,40.58,40.58,40.58,40.58,0,0.00
2022/07/06,1126,40.58,40.58,40.58,40.58,0,0.00
2022/07/06,1127,40.58,40.58,40.58,40.58,1000,40945.22
2022/07/06,1128,40.58,40.58,40.58,40.58,100,730.44
2022/07/06,1129,40.58,40.58,40.58,40.58,500,20290.00
2022/07/06,1130,40.58,40.58,40.58,40.58,0,0.00
2022/07/06,1301,40.58,40.58,40.58,40.58,4300,175751.97
2022/07/06,1302,40.58,40.58,40.58,40.58,600,24348.00
2022/07/06,1303,40.58,40.58,40.58,40.58,500,20290.00
2022/07/06,1304,40.58,40.58,40.58,40.58,600,24348.00
2022/07/06,1305,40.58,40.58,40.58,40.58,0,0.00
2022/07/06,1306,40.58,40.58,40.58,40.58,0,0.00
2022/07/06,1307,40.58,40.58,40.58,40.58,600,24348.00
2022/07/06,1308,40.58,40.58,40.58,40.58,100,4058.00
2022/07/06,1309,40.58,40.58,40.58,40.58,700,28406.00
2022/07/06,1310,40.58,40.58,40.58,40.58,900,36522.00
2022/07/06,1311,40.58,40.58,40.58,40.58,600,24348.00
2022/07/06,1312,40.58,40.58,40.58,40.58,100,4058.00
2022/07/06,1313,40.58,40.58,40.58,40.58,900,36522.00
2022/07/06,1314,40.58,40.58,40.58,40.58,600,24348.00
2022/07/06,1315,40.58,40.58,40.58,40.58,0,0.00
2022/07/06,1316,40.58,40.58,40.58,40.58,0,0.00
2022/07/06,1317,40.58,40.58,40.58,40.58,1000,40580.00
2022/07/06,1318,40.58,40.58,40.58,40.58,0,0.00
2022/07/06,1319,40.58,40.58,40.58,40.58,600,24348.00
2022/07/06,1320,40.58,40.58,40.58,40.58,800,32464.00
2022/07/06,1321,40.58,40.58,40.58,40.58,600,24348.00
2022/07/06,1322,40.58,40.58,40.58,40.58,900,36522.00
2022/07/06,1323,40.58,40.58,40.58,40.58,300,12174.00
2022/07/06,1324,40.58,40.58,40.58,40.58,100,4058.00
2022/07/06,1325,40.58,40.58,40.58,40.58,300,12174.00
2022/07/06,1326,40.58,40.58,40.58,40.58,400,16232.00
2022/07/06,1327,40.58,40.58,40.58,40.58,300,12174.00
2022/07/06,1328,40.58,40.58,40.58,40.58,200,8116.00
2022/07/06,1329,40.58,40.58,40.58,40.58,500,20290.00
2022/07/06,1330,40.58,40.58,40.58,40.58,600,24348.00
2022/07/06,1331,40.58,40.58,40.58,40.58,800,30840.80
2022/07/06,1332,40.58,40.58,40.58,40.58,1000,42811.90
2022/07/06,1333,40.58,40.58,40.58,40.58,900,36887.22
2022/07/06,1334,40.58,40.58,40.58,40.58,400,16232.00
2022/07/06,1335,40.58,40.58,40.58,40.58,200,8116.00
2022/07/06,1336,40.58,40.58,40.58,40.58,800,32464.00
2022/07/06,1337,40.58,40.58,40.58,40.58,400,16232.00
2022/07/06,1338,40.58,40.58,40.58,40.58,500,20290.00
2022/07/06,1339,40.58,40.58,40.58,40.58,500,20290.00
2022/07/06,1340,40.58,40.58,40.58,40.58,0,0.00
2022/07/06,1341,40.58,40.58,40.58,40.58,200,8116.00
2022/07/06,1342,40.58,40.58,40.58,40.58,200,8116.00
2022/07/06,1343,40.58,40.58,40.58,40.58,0,0.00
2022/07/06,1344,40.58,40.58,40.58,40.58,300,12174.00
2022/07/06,1345,40.58,40.58,40.58,40.58,0,0.00
2022/07/06,1346,40.58,40.58,40.58,40.58,600,24348.00
2022/07/06,1347,40.58,40.58,40.58,40.58,500,20290.00
2022/07/06,1348,40.58,40.58,40.58,40.58,0,0.00
2022/07/06,1349,40.58,40.58,40.58,40.58,600,24348.00
2022/07/06,1350,40.58,40.58,40.58,40.58,100,4058.00
2022/07/06,1351,40.58,40.58,40.58,40.58,300,12174.00
2022/07/06,1352,40.58,40.58,40.58,40.58,500,20290.00
2022/07/06,1353,40.58,40.58,40.58,40.58,200,8116.00
2022/07/06,1354,40.58,40.58,40.58,40.58,600,24348.00
2022/07/06,1355,40.58,40.58,40.58,40.58,0,0.00
2022/07/06,1356,40.58,40.58,40.58,40.58,2200,89276.00
2022/07/06,1357,40.58,40.58,40.58,40.58,200,8116.00
2022/07/06,1358,40.58,40.58,40.58,40.58,100,4058.00
2022/07/06,1359,40.58,40.58,40.58,40.58,800,32464.00
2022/07/06,1400,40.58,40.58,40.58,40.58,600,24348.00
2022/07/06,1401,40.58,40.58,40.58,40.58,100,4058.00
2022/07/06,1402,40.58,40.58,40.58,40.58,1400,56812.00
2022/07/06,1403,40.58,40.58,40.58,40.58,1700,68986.00
2022/07/06,1404,40.58,40.58,40.58,40.58,200,8116.00
2022/07/06,1405,40.58,40.58,40.58,40.58,300,12174.00
2022/07/06,1406,40.58,40.58,40.58,40.58,1200,48696.00
2022/07/06,1407,40.58,40.58,40.58,40.58,100,4058.00
2022/07/06,1408,40.58,40.58,40.58,40.58,0,0.00
2022/07/06,1409,40.58,40.58,40.58,40.58,300,12174.00
2022/07/06,1410,40.58,40.58,40.58,40.58,200,8116.00
2022/07/06,1411,40.58,40.58,40.58,40.58,1100,44638.00
2022/07/06,1412,40.58,40.58,40.58,40.58,1500,60870.00
2022/07/06,1413,40.58,40.58,40.58,40.58,700,28406.00
2022/07/06,1414,40.58,40.58,40.58,40.58,2800,113624.00
2022/07/06,1415,40.58,40.58,40.58,40.58,1000,40580.00
2022/07/06,1416,40.58,40.58,40.58,40.58,2300,93334.00
2022/07/06,1417,40.58,40.58,40.58,40.58,600,24348.00
2022/07/06,1418,40.58,40.58,40.58,40.58,3100,125798.00
2022/07/06,1419,40.58,40.58,40.58,40.58,2100,85583.22
2022/07/06,1420,40.58,40.58,40.58,40.58,1100,44638.00
2022/07/06,1421,40.58,40.58,40.58,40.58,1200,48696.00
2022/07/06,1422,40.58,40.58,40.58,40.58,1200,47072.80
2022/07/06,1423,40.58,40.58,40.58,40.58,1800,73044.00
2022/07/06,1424,40.58,40.58,40.58,40.58,1400,56812.00
2022/07/06,1425,40.58,40.58,40.58,40.58,1600,64928.00
2022/07/06,1426,40.58,40.58,40.58,40.58,700,28406.00
2022/07/06,1427,40.58,40.58,40.58,40.58,1300,52754.00
2022/07/06,1428,40.58,40.58,40.58,40.58,2400,97392.00
2022/07/06,1429,40.58,40.58,40.58,40.58,2800,113624.00
2022/07/06,1430,40.58,40.58,40.58,40.58,800,30840.80
2022/07/06,1431,40.58,40.58,40.58,40.58,1200,49061.22
2022/07/06,1432,40.58,40.58,40.58,40.58,700,28406.00
2022/07/06,1433,40.58,40.58,40.58,40.58,2200,89276.00
2022/07/06,1434,40.58,40.58,40.58,40.58,800,32829.22
2022/07/06,1435,40.58,40.58,40.58,40.58,1100,44638.00
2022/07/06,1436,40.58,40.58,40.58,40.58,700,28406.00
2022/07/06,1437,40.58,40.58,40.58,40.58,1100,47072.80
2022/07/06,1438,40.58,40.58,40.58,40.58,1000,40580.00
2022/07/06,1439,40.58,40.58,40.58,40.58,400,16232.00
2022/07/06,1440,40.58,40.58,40.58,40.58,0,0.00
2022/07/06,1441,40.58,40.58,40.58,40.58,1300,52754.00
2022/07/06,1442,40.58,40.58,40.58,40.58,600,24348.00
2022/07/06,1443,40.58,40.58,40.58,40.58,600,24348.00
2022/07/06,1444,40.58,40.58,40.58,40.58,700,28406.00
2022/07/06,1445,40.58,40.58,40.58,40.58,100,4058.00
2022/07/06,1446,40.58,40.58,40.58,40.58,1300,52754.00
2022/07/06,1447,40.58,40.58,40.58,40.58,900,36522.00
2022/07/06,1448,40.58,40.58,40.58,40.58,1300,52754.00
2022/07/06,1449,40.58,40.58,40.58,40.58,0,0.00
2022/07/06,1450,40.58,40.58,40.58,40.58,300,12174.00
2022/07/06,1451,40.58,40.58,40.58,40.58,700,28406.00
2022/07/06,1452,40.58,40.58,40.58,40.58,1100,44638.00
2022/07/06,1453,40.58,40.58,40.58,40.58,700,28406.00
2022/07/06,1454,40.58,40.58,40.58,40.58,500,20290.00
2022/07/06,1455,40.58,40.58,40.58,40.58,2200,89276.00
2022/07/06,1456,40.58,40.58,40.58,40.58,1000,40580.00
2022/07/06,1457,40.58,40.58,40.58,40.58,2200,89276.00
2022/07/06,1458,40.58,40.58,40.58,40.58,0,0.00
2022/07/06,1459,40.58,40.58,40.58,40.58,0,0.00
2022/07/06,1500,40.58,40.58,40.58,40.58,6500,262958.41
2022/07/07,0931,44.49,44.49,38.60,38.60,3452800,149996896.00
2022/07/07,0932,38.76,38.76,37.00,37.54,1111600,41760536.00
2022/07/07,0933,37.55,39.50,37.55,39.50,350200,13418575.00
2022/07/07,0934,39.39,39.58,38.50,38.50,264200,10339618.00
2022/07/07,0935,38.43,38.43,37.46,37.46,240700,9102859.00
2022/07/07,0936,37.46,37.86,37.43,37.86,431800,16225678.00
2022/07/07,0937,37.94,38.50,37.94,38.49,190100,7252548.00
2022/07/07,0938,38.50,38.82,38.50,38.70,234900,9088255.00
2022/07/07,0939,38.67,38.67,37.98,37.98,147100,5632407.00
2022/07/07,0940,37.94,37.94,37.65,37.65,318500,12039860.00
2022/07/07,0941,37.62,38.27,37.62,38.27,196700,7466873.00
2022/07/07,0942,38.26,38.29,38.21,38.21,171000,6541429.00
2022/07/07,0943,38.21,38.21,37.99,37.99,161800,6162433.00
2022/07/07,0944,37.99,37.99,37.85,37.94,115300,4374232.00
2022/07/07,0945,37.98,38.04,37.96,38.04,157000,5966791.00
2022/07/07,0946,38.03,38.20,38.03,38.20,82700,3153262.25
2022/07/07,0947,38.20,38.25,38.20,38.22,154400,5903059.00
2022/07/07,0948,38.22,38.22,38.15,38.15,127100,4851228.00
2022/07/07,0949,38.14,38.14,37.95,37.95,115300,4386861.00
2022/07/07,0950,37.94,37.94,37.71,37.72,81100,3065422.00
2022/07/07,0951,37.73,37.73,37.58,37.60,135800,5112645.00
2022/07/07,0952,37.60,37.60,37.49,37.49,132500,4971284.00
2022/07/07,0953,37.49,37.49,37.38,37.38,111300,4168761.00
2022/07/07,0954,37.36,37.36,37.15,37.15,118600,4416868.50
2022/07/07,0955,37.15,37.15,36.96,36.98,207600,7689287.50
2022/07/07,0956,36.90,36.95,36.70,36.71,240600,8853242.00
2022/07/07,0957,36.73,37.00,36.70,37.00,212700,7823166.50
2022/07/07,0958,37.00,37.15,37.00,37.15,104900,3886773.00
2022/07/07,0959,37.17,37.52,37.17,37.52,75600,2823373.75
2022/07/07,1000,37.55,37.81,37.55,37.81,65600,2468601.75
2022/07/07,1001,37.80,38.04,37.80,38.04,116200,4411182.00
2022/07/07,1002,38.05,38.09,38.05,38.05,109700,4179655.25
2022/07/07,1003,38.00,38.00,37.39,37.39,39100,1480979.38
2022/07/07,1004,37.39,37.39,37.10,37.15,64400,2395742.25
2022/07/07,1005,37.21,37.58,37.21,37.58,53600,1997538.75
2022/07/07,1006,37.66,37.86,37.66,37.86,36900,1392231.75
2022/07/07,1007,37.86,37.90,37.78,37.78,67700,2563767.25
2022/07/07,1008,37.72,37.78,37.50,37.50,48600,1828253.88
2022/07/07,1009,37.50,37.51,37.42,37.42,53200,1995035.63
2022/07/07,1010,37.42,37.43,37.39,37.41,47800,1789578.00
2022/07/07,1011,37.41,37.56,37.41,37.56,55800,2092385.88
2022/07/07,1012,37.56,37.66,37.56,37.61,36400,1367286.88
2022/07/07,1013,37.60,37.68,37.60,37.68,47200,1777992.13
2022/07/07,1014,37.68,37.70,37.68,37.69,41500,1561630.63
2022/07/07,1015,37.72,37.72,37.67,37.68,45200,1705087.88
2022/07/07,1016,37.66,37.66,37.58,37.58,23300,875515.25
2022/07/07,1017,37.57,37.57,37.50,37.50,29800,1118397.75
2022/07/07,1018,37.50,37.50,37.39,37.39,33500,1255015.75
2022/07/07,1019,37.36,37.38,37.30,37.32,39900,1487851.38
2022/07/07,1020,37.32,37.32,37.28,37.28,39000,1456137.63
2022/07/07,1021,37.28,37.28,37.15,37.15,39400,1467399.00
2022/07/07,1022,37.15,37.17,37.09,37.09,40400,1498324.88
2022/07/07,1023,37.11,37.30,37.10,37.15,65300,2428082.25
2022/07/07,1024,37.16,37.47,37.16,37.47,40100,1497264.88
2022/07/07,1025,37.50,37.65,37.47,37.65,50200,1884995.00
2022/07/07,1026,37.63,37.76,37.63,37.76,45600,1722004.88
2022/07/07,1027,37.77,37.86,37.77,37.86,39100,1477874.00
2022/07/07,1028,37.87,37.98,37.87,37.98,33500,1270265.13
2022/07/07,1029,37.98,37.99,37.92,37.96,62400,2366416.50
2022/07/07,1030,37.96,37.96,37.80,37.80,30300,1147346.00
2022/07/07,1031,37.77,37.77,37.50,37.50,24700,932906.25
2022/07/07,1032,37.49,37.50,37.33,37.33,23000,860932.38
2022/07/07,1033,37.33,37.45,37.30,37.45,33600,1255098.50
2022/07/07,1034,37.45,37.76,37.44,37.76,31200,1170456.63
2022/07/07,1035,37.77,37.80,37.77,37.77,27100,1021573.69
2022/07/07,1036,37.78,37.83,37.78,37.82,36600,1383790.00
2022/07/07,1037,37.80,37.81,37.75,37.75,18800,710418.75
2022/07/07,1038,37.75,37.78,37.70,37.70,20200,763539.06
2022/07/07,1039,37.71,37.71,37.62,37.65,19200,725232.38
2022/07/07,1040,37.61,37.64,37.42,37.42,17200,643867.38
2022/07/07,1041,37.50,37.60,37.44,37.50,24400,914925.88
2022/07/07,1042,37.50,37.60,37.48,37.51,25000,938753.56
2022/07/07,1043,37.50,37.57,37.50,37.53,20000,749642.13
2022/07/07,1044,37.53,37.53,37.51,37.51,19700,739752.00
2022/07/07,1045,37.53,37.53,37.50,37.52,26900,1008433.75
2022/07/07,1046,37.51,37.53,37.51,37.51,26300,987548.25
2022/07/07,1047,37.52,37.68,37.52,37.67,33700,1265891.63
2022/07/07,1048,37.68,37.85,37.68,37.83,69100,2613749.75
2022/07/07,1049,37.86,37.92,37.86,37.92,27500,1040764.63
2022/07/07,1050,37.93,38.00,37.93,38.00,179600,6824831.00
2022/07/07,1051,38.00,38.08,38.00,38.08,59000,2243391.00
2022/07/07,1052,38.08,38.18,38.08,38.18,52700,2007613.88
2022/07/07,1053,38.18,38.20,38.16,38.17,47800,1824079.13
2022/07/07,1054,38.16,38.19,38.14,38.15,52200,1994700.75
2022/07/07,1055,38.14,38.14,37.95,37.95,23900,907877.88
2022/07/07,1056,37.99,37.99,37.76,37.77,18000,680740.88
2022/07/07,1057,37.76,37.76,37.69,37.75,19600,742660.00
2022/07/07,1058,37.76,37.77,37.75,37.76,23200,873431.38
2022/07/07,1059,37.76,37.76,37.71,37.75,10900,410870.22
2022/07/07,1100,37.71,37.75,37.71,37.73,11700,443087.28
2022/07/07,1101,37.74,37.75,37.73,37.75,22000,829495.13
2022/07/07,1102,37.75,37.76,37.73,37.76,15100,572446.31
2022/07/07,1103,37.76,37.77,37.76,37.76,16200,609367.31
2022/07/07,1104,37.76,37.80,37.76,37.80,14500,550000.44
2022/07/07,1105,37.77,37.79,37.76,37.77,12800,483698.94
2022/07/07,1106,37.77,37.78,37.77,37.78,13400,505723.75
2022/07/07,1107,37.77,37.77,37.75,37.75,21200,798502.19
2022/07/07,1108,37.75,37.76,37.70,37.75,29300,1107843.88
2022/07/07,1109,37.70,37.75,37.70,37.71,16800,630846.69
2022/07/07,1110,37.71,37.71,37.67,37.67,20800,786810.44
2022/07/07,1111,37.69,37.70,37.63,37.65,16300,612115.13
2022/07/07,1112,37.63,37.63,37.55,37.55,14100,530457.38
2022/07/07,1113,37.50,37.53,37.48,37.49,19000,712253.81
2022/07/07,1114,37.49,37.49,37.46,37.46,17000,637494.19
2022/07/07,1115,37.47,37.49,37.46,37.46,20800,780141.25
2022/07/07,1116,37.48,37.48,37.40,37.40,23400,874419.81
2022/07/07,1117,37.40,37.43,37.32,37.32,18700,698585.44
2022/07/07,1118,37.30,37.30,37.21,37.25,35500,1323160.88
2022/07/07,1119,37.23,37.30,37.23,37.29,18400,686634.88
2022/07/07,1120,37.30,37.35,37.29,37.35,21200,790639.31
2022/07/07,1121,37.36,37.45,37.36,37.40,18300,684071.25
2022/07/07,1122,37.41,37.47,37.41,37.46,15600,583344.06
2022/07/07,1123,37.47,37.68,37.47,37.68,31300,1176813.13
2022/07/07,1124,37.60,37.69,37.60,37.67,7900,299108.81
2022/07/07,1125,37.68,37.68,37.65,37.65,13500,505565.78
2022/07/07,1126,37.65,37.66,37.48,37.48,12700,477447.41
2022/07/07,1127,37.48,37.50,37.47,37.47,16200,609382.25
2022/07/07,1128,37.48,37.48,37.47,37.47,14900,558472.38
2022/07/07,1129,37.47,37.48,37.46,37.46,23400,875237.56
2022/07/07,1130,37.47,37.47,37.46,37.47,22100,828428.06
2022/07/07,1301,37.46,37.46,37.37,37.38,81900,3068400.75
2022/07/07,1302,37.40,37.40,37.33,37.33,21700,810001.94
2022/07/07,1303,37.34,37.35,37.30,37.30,24400,910685.19
2022/07/07,1304,37.30,37.32,37.28,37.28,24700,921973.44
2022/07/07,1305,37.28,37.28,37.22,37.23,11900,443303.41
2022/07/07,1306,37.22,37.23,37.20,37.20,25100,931077.81
2022/07/07,1307,37.20,37.21,37.20,37.20,22800,849090.00
2022/07/07,1308,37.21,37.22,37.20,37.22,19800,736740.19
2022/07/07,1309,37.22,37.24,37.20,37.24,28300,1052588.00
2022/07/07,1310,37.25,37.28,37.24,37.28,17100,637706.56
2022/07/07,1311,37.27,37.42,37.27,37.42,19900,744097.13
2022/07/07,1312,37.37,37.53,37.37,37.53,34900,1306608.25
2022/07/07,1313,37.56,37.66,37.56,37.65,28700,1078670.00
2022/07/07,1314,37.65,37.75,37.65,37.74,24600,928769.88
2022/07/07,1315,37.76,37.85,37.75,37.85,27900,1055194.25
2022/07/07,1316,37.85,38.00,37.85,38.00,61400,2332846.25
2022/07/07,1317,37.99,38.03,37.99,38.01,56200,2135145.50
2022/07/07,1318,38.02,38.02,37.87,37.87,34000,1289874.00
2022/07/07,1319,37.91,37.91,37.85,37.86,18900,715856.75
2022/07/07,1320,37.85,37.90,37.85,37.88,17700,669659.81
2022/07/07,1321,37.87,37.88,37.86,37.86,15200,577110.50
2022/07/07,1322,37.85,37.87,37.80,37.80,20800,788531.75
2022/07/07,1323,37.83,37.83,37.78,37.78,15200,572756.88
2022/07/07,1324,37.78,37.78,37.69,37.69,12600,475192.94
2022/07/07,1325,37.71,37.71,37.65,37.66,24700,930045.00
2022/07/07,1326,37.66,37.67,37.64,37.65,11500,434583.22
2022/07/07,1327,37.62,37.65,37.60,37.61,11100,418349.53
2022/07/07,1328,37.60,37.63,37.60,37.61,20800,780205.44
2022/07/07,1329,37.60,37.61,37.55,37.56,11700,441956.13
2022/07/07,1330,37.55,37.56,37.50,37.51,15300,574095.75
2022/07/07,1331,37.51,37.66,37.51,37.66,26800,1006153.31
2022/07/07,1332,37.66,37.80,37.66,37.80,34700,1311091.00
2022/07/07,1333,37.80,37.85,37.75,37.80,16400,617347.38
2022/07/07,1334,37.83,37.85,37.80,37.80,24900,944004.88
2022/07/07,1335,37.80,37.80,37.68,37.69,13300,500871.88
2022/07/07,1336,37.72,37.72,37.67,37.67,12700,479505.81
2022/07/07,1337,37.67,37.68,37.64,37.66,11700,439775.69
2022/07/07,1338,37.67,37.68,37.66,37.68,11300,427131.91
2022/07/07,1339,37.67,37.70,37.66,37.69,15900,597381.63
2022/07/07,1340,37.69,37.70,37.67,37.67,11200,423193.72
2022/07/07,1341,37.67,37.67,37.60,37.60,15100,568580.94
2022/07/07,1342,37.60,37.60,37.50,37.50,21700,813591.19
2022/07/07,1343,37.50,37.50,37.32,37.33,14700,550176.75
2022/07/07,1344,37.36,37.36,37.30,37.36,29500,1099941.75
2022/07/07,1345,37.35,37.38,37.35,37.36,20900,783844.06
2022/07/07,1346,37.35,37.37,37.35,37.37,19400,723270.38
2022/07/07,1347,37.37,37.38,37.36,37.37,13300,498015.66
2022/07/07,1348,37.38,37.38,37.37,37.38,13500,502342.25
2022/07/07,1349,37.38,37.40,37.38,37.39,14900,559360.81
2022/07/07,1350,37.39,37.40,37.38,37.39,14100,525712.88
2022/07/07,1351,37.40,37.48,37.40,37.41,17500,655409.75
2022/07/07,1352,37.41,37.42,37.40,37.41,15900,594980.88
2022/07/07,1353,37.41,37.42,37.40,37.41,15600,583415.00
2022/07/07,1354,37.41,37.41,37.40,37.41,24800,928189.81
2022/07/07,1355,37.40,37.41,37.39,37.40,24600,918329.13
2022/07/07,1356,37.40,37.40,37.38,37.40,17900,670405.31
2022/07/07,1357,37.39,37.40,37.38,37.38,14900,558158.00
2022/07/07,1358,37.38,37.39,37.32,37.37,41800,1562333.63
2022/07/07,1359,37.38,37.38,37.31,37.31,11900,443430.19
2022/07/07,1400,37.31,37.32,37.19,37.27,47200,1760844.63
2022/07/07,1401,37.20,37.20,37.15,37.15,39100,1452750.88
2022/07/07,1402,37.16,37.16,37.08,37.08,41000,1519617.63
2022/07/07,1403,37.08,37.08,37.01,37.01,33500,1240882.00
2022/07/07,1404,37.01,37.02,36.99,36.99,66300,2453778.75
2022/07/07,1405,36.99,36.99,36.96,36.96,28300,1046907.88
2022/07/07,1406,36.96,36.96,36.90,36.90,37800,1395440.63
2022/07/07,1407,36.90,36.90,36.80,36.80,49500,1826408.38
2022/07/07,1408,36.80,36.85,36.80,36.85,78600,2892698.00
2022/07/07,1409,36.85,36.91,36.85,36.89,56400,2078157.25
2022/07/07,1410,36.90,36.91,36.88,36.90,36800,1359225.88
2022/07/07,1411,36.90,36.93,36.90,36.91,27600,1019192.13
2022/07/07,1412,36.92,36.95,36.92,36.95,28600,1054633.88
2022/07/07,1413,36.95,36.96,36.94,36.95,20700,766322.94
2022/07/07,1414,36.94,36.95,36.93,36.94,27400,1012928.38
2022/07/07,1415,36.93,36.94,36.92,36.92,44900,1655678.25
2022/07/07,1416,36.92,36.92,36.90,36.90,58200,2148498.50
2022/07/07,1417,36.91,36.91,36.85,36.85,39600,1459250.75
2022/07/07,1418,36.85,36.85,36.79,36.79,42200,1555673.88
2022/07/07,1419,36.80,36.80,36.73,36.73,59600,2189581.75
2022/07/07,1420,36.73,36.73,36.70,36.70,89900,3300185.50
2022/07/07,1421,36.70,36.70,36.66,36.66,73900,2711344.00
2022/07/07,1422,36.66,36.66,36.58,36.60,92000,3368955.00
2022/07/07,1423,36.60,36.60,36.53,36.53,106400,3889294.50
2022/07/07,1424,36.53,36.54,36.52,36.53,143900,5257338.00
2022/07/07,1425,36.52,36.55,36.52,36.54,73700,2691896.75
2022/07/07,1426,36.55,36.56,36.54,36.55,43000,1573014.63
2022/07/07,1427,36.54,36.55,36.54,36.54,63300,2312705.75
2022/07/07,1428,36.54,36.55,36.53,36.54,46900,1714140.88
2022/07/07,1429,36.54,36.54,36.53,36.53,52600,1921326.00
2022/07/07,1430,36.53,36.54,36.53,36.53,58500,2136711.25
2022/07/07,1431,36.53,36.54,36.52,36.52,80900,2955024.25
2022/07/07,1432,36.52,36.53,36.52,36.53,73600,2689639.00
2022/07/07,1433,36.52,36.53,36.52,36.52,75500,2756358.00
2022/07/07,1434,36.52,36.53,36.52,36.52,91100,3327972.50
2022/07/07,1435,36.53,36.53,36.52,36.53,76700,2800050.25
2022/07/07,1436,36.52,36.53,36.52,36.52,96500,3525794.25
2022/07/07,1437,36.53,36.53,36.52,36.52,92900,3392588.00
2022/07/07,1438,36.52,36.52,36.52,36.52,24000,876480.00
2022/07/07,1439,36.52,36.52,36.52,36.52,19500,712140.00
2022/07/07,1440,36.52,36.52,36.52,36.52,23100,843612.00
2022/07/07,1441,36.52,36.52,36.52,36.52,17500,639100.00
2022/07/07,1442,36.52,36.52,36.52,36.52,13700,500324.00
2022/07/07,1443,36.52,36.52,36.52,36.52,209900,7665548.00
2022/07/07,1444,36.52,36.60,36.52,36.60,101500,3707436.75
2022/07/07,1445,36.58,36.83,36.58,36.83,42000,1541695.25
2022/07/07,1446,36.85,37.04,36.85,37.04,49400,1827586.50
2022/07/07,1447,37.10,37.75,37.06,37.69,70600,2640271.25
2022/07/07,1448,37.78,38.03,37.78,38.03,133000,5046626.00
2022/07/07,1449,38.05,38.24,38.05,38.24,109000,4160204.25
2022/07/07,1450,38.25,38.33,38.24,38.33,83700,3204903.50
2022/07/07,1451,38.33,38.35,37.99,37.99,78300,2997687.75
2022/07/07,1452,37.95,37.95,36.94,36.95,32700,1214867.25
2022/07/07,1453,36.98,37.53,36.95,37.53,63700,2363012.00
2022/07/07,1454,37.58,37.99,37.53,37.97,57700,2189290.00
2022/07/07,1455,37.98,37.98,37.16,37.50,64400,2438660.75
2022/07/07,1456,37.16,37.30,37.16,37.20,40800,1519819.75
2022/07/07,1457,37.25,37.25,37.20,37.21,64200,2388298.25
2022/07/07,1458,37.20,37.20,37.20,37.20,8300,308854.00
2022/07/07,1459,37.20,37.20,37.20,37.20,0,0.00
2022/07/07,1500,37.21,37.21,37.21,37.21,111700,4156357.00
2022/07/08,0931,33.49,33.49,33.49,33.49,2027600,67904320.00
2022/07/08,0932,33.49,33.80,33.49,33.49,525300,17627120.00
2022/07/08,0933,33.49,33.49,33.49,33.49,197300,6607577.00
2022/07/08,0934,33.49,33.49,33.49,33.49,106600,3570034.00
2022/07/08,0935,33.49,33.49,33.49,33.49,116600,3904934.00
2022/07/08,0936,33.49,33.57,33.49,33.57,503500,16864256.00
2022/07/08,0937,33.57,34.00,33.57,34.00,124100,4179075.00
2022/07/08,0938,34.00,34.21,33.49,33.49,363800,12268677.00
2022/07/08,0939,33.49,33.54,33.49,33.49,232600,7792493.00
2022/07/08,0940,33.50,33.51,33.49,33.51,161700,5416305.00
2022/07/08,0941,33.51,33.96,33.51,33.96,81500,2740562.50
2022/07/08,0942,33.76,33.80,33.66,33.66,100000,3374126.25
2022/07/08,0943,33.68,33.68,33.60,33.60,80700,2716764.50
2022/07/08,0944,33.57,33.57,33.50,33.51,143400,4808718.00
2022/07/08,0945,33.51,33.51,33.49,33.49,268700,8999228.00
2022/07/08,0946,33.49,33.51,33.49,33.50,114100,3820018.00
2022/07/08,0947,33.50,33.50,33.49,33.49,83400,2794688.50
2022/07/08,0948,33.49,33.49,33.49,33.49,58000,1942461.88
2022/07/08,0949,33.49,33.50,33.49,33.49,83400,2793216.25
2022/07/08,0950,33.49,33.50,33.49,33.49,60300,2019467.00
2022/07/08,0951,33.49,33.49,33.49,33.49,33500,1121915.00
2022/07/08,0952,33.49,33.49,33.49,33.49,41200,1379788.00
2022/07/08,0953,33.49,33.49,33.49,33.49,25100,840599.00
2022/07/08,0954,33.49,33.49,33.49,33.49,14000,468860.00
2022/07/08,0955,33.49,33.49,33.49,33.49,4900,164101.00
2022/07/08,0956,33.49,33.49,33.49,33.49,12900,432021.00
2022/07/08,0957,33.49,33.49,33.49,33.49,12700,425323.00
2022/07/08,0958,33.49,33.49,33.49,33.49,64100,2146709.00
2022/07/08,0959,33.49,33.49,33.49,33.49,102500,3432725.00
2022/07/08,1000,33.49,33.50,33.49,33.50,200300,6707967.50
2022/07/08,1001,33.49,33.80,33.49,33.80,75700,2545550.75
2022/07/08,1002,33.85,33.90,33.70,33.70,94300,3193196.25
2022/07/08,1003,33.63,33.63,33.49,33.49,100400,3363844.50
2022/07/08,1004,33.49,33.56,33.49,33.51,37600,1258516.38
2022/07/08,1005,33.50,33.51,33.49,33.51,31300,1050703.50
2022/07/08,1006,33.51,33.52,33.50,33.51,31100,1040773.00
2022/07/08,1007,33.51,33.51,33.49,33.50,48900,1640373.38
2022/07/08,1008,33.50,33.51,33.50,33.50,40400,1351712.00
2022/07/08,1009,33.50,33.51,33.49,33.50,37900,1269252.38
2022/07/08,1010,33.50,33.50,33.49,33.49,79800,2673672.75
2022/07/08,1011,33.49,33.50,33.49,33.49,54800,1833974.00
2022/07/08,1012,33.49,33.50,33.49,33.49,84900,2845175.50
2022/07/08,1013,33.49,33.49,33.49,33.49,18700,626263.00
2022/07/08,1014,33.49,33.49,33.49,33.49,23500,787015.00
2022/07/08,1015,33.49,33.49,33.49,33.49,7300,244477.00
2022/07/08,1016,33.49,33.49,33.49,33.49,13300,445417.00
2022/07/08,1017,33.49,33.49,33.49,33.49,6100,204289.00
2022/07/08,1018,33.49,33.49,33.49,33.49,16300,545887.00
2022/07/08,1019,33.49,33.49,33.49,33.49,8300,277967.00
2022/07/08,1020,33.49,33.49,33.49,33.49,15000,502350.00
2022/07/08,1021,33.49,33.49,33.49,33.49,4800,160752.00
2022/07/08,1022,33.49,33.49,33.49,33.49,5100,170799.00
2022/07/08,1023,33.49,33.49,33.49,33.49,4900,164101.00
2022/07/08,1024,33.49,33.49,33.49,33.49,8000,267920.00
2022/07/08,1025,33.49,33.49,33.49,33.49,2900,97121.00
2022/07/08,1026,33.49,33.49,33.49,33.49,5300,177497.00
2022/07/08,1027,33.49,33.49,33.49,33.49,4500,150705.00
2022/07/08,1028,33.49,33.49,33.49,33.49,7200,241128.00
2022/07/08,1029,33.49,33.49,33.49,33.49,3500,117215.00
2022/07/08,1030,33.49,33.49,33.49,33.49,4000,133960.00
2022/07/08,1031,33.49,33.49,33.49,33.49,4000,133960.00
2022/07/08,1032,33.49,33.49,33.49,33.49,1700,56933.00
2022/07/08,1033,33.49,33.49,33.49,33.49,7300,244477.00
2022/07/08,1034,33.49,33.49,33.49,33.49,1600,53584.00
2022/07/08,1035,33.49,33.49,33.49,33.49,1700,56933.00
2022/07/08,1036,33.49,33.49,33.49,33.49,4100,137309.00
2022/07/08,1037,33.49,33.49,33.49,33.49,2700,90423.00
2022/07/08,1038,33.49,33.49,33.49,33.49,3500,117215.00
2022/07/08,1039,33.49,33.49,33.49,33.49,2800,93772.00
2022/07/08,1040,33.49,33.49,33.49,33.49,2600,87074.00
2022/07/08,1041,33.49,33.49,33.49,33.49,2700,90423.00
2022/07/08,1042,33.49,33.49,33.49,33.49,3800,127262.00
2022/07/08,1043,33.49,33.49,33.49,33.49,300,10047.00
2022/07/08,1044,33.49,33.49,33.49,33.49,8100,271269.00
2022/07/08,1045,33.49,33.49,33.49,33.49,1200,40188.00
2022/07/08,1046,33.49,33.49,33.49,33.49,1300,43537.00
2022/07/08,1047,33.49,33.49,33.49,33.49,2500,83725.00
2022/07/08,1048,33.49,33.49,33.49,33.49,2900,97121.00
2022/07/08,1049,33.49,33.49,33.49,33.49,3300,110517.00
2022/07/08,1050,33.49,33.49,33.49,33.49,1800,60282.00
2022/07/08,1051,33.49,33.49,33.49,33.49,4400,147356.00
2022/07/08,1052,33.49,33.49,33.49,33.49,1200,40188.00
2022/07/08,1053,33.49,33.49,33.49,33.49,1800,60282.00
2022/07/08,1054,33.49,33.49,33.49,33.49,4600,154054.00
2022/07/08,1055,33.49,33.49,33.49,33.49,700,23443.00
2022/07/08,1056,33.49,33.49,33.49,33.49,1800,60282.00
2022/07/08,1057,33.49,33.49,33.49,33.49,3500,117215.00
2022/07/08,1058,33.49,33.49,33.49,33.49,400,13396.00
2022/07/08,1059,33.49,33.49,33.49,33.49,1500,50235.00
2022/07/08,1100,33.49,33.49,33.49,33.49,900,30141.00
2022/07/08,1101,33.49,33.49,33.49,33.49,400,13396.00
2022/07/08,1102,33.49,33.49,33.49,33.49,1500,50235.00
2022/07/08,1103,33.49,33.49,33.49,33.49,1100,36839.00
2022/07/08,1104,33.49,33.49,33.49,33.49,14000,468860.00
2022/07/08,1105,33.49,33.49,33.49,33.49,1100,36839.00
2022/07/08,1106,33.49,33.49,33.49,33.49,800,26792.00
2022/07/08,1107,33.49,33.49,33.49,33.49,700,23443.00
2022/07/08,1108,33.49,33.49,33.49,33.49,400,13396.00
2022/07/08,1109,33.49,33.49,33.49,33.49,200,6698.00
2022/07/08,1110,33.49,33.49,33.49,33.49,500,16745.00
2022/07/08,1111,33.49,33.49,33.49,33.49,300,10047.00
2022/07/08,1112,33.49,33.49,33.49,33.49,400,13396.00
2022/07/08,1113,33.49,33.49,33.49,33.49,1800,60282.00
2022/07/08,1114,33.49,33.49,33.49,33.49,800,26792.00
2022/07/08,1115,33.49,33.49,33.49,33.49,1900,63631.00
2022/07/08,1116,33.49,33.49,33.49,33.49,3200,107168.00
2022/07/08,1117,33.49,33.49,33.49,33.49,1200,40188.00
2022/07/08,1118,33.49,33.49,33.49,33.49,0,0.00
2022/07/08,1119,33.49,33.49,33.49,33.49,500,16745.00
2022/07/08,1120,33.49,33.49,33.49,33.49,300,10047.00
2022/07/08,1121,33.49,33.49,33.49,33.49,1500,50235.00
2022/07/08,1122,33.49,33.49,33.49,33.49,800,26792.00
2022/07/08,1123,33.49,33.49,33.49,33.49,4200,140658.00
2022/07/08,1124,33.49,33.49,33.49,33.49,1300,43537.00
2022/07/08,1125,33.49,33.49,33.49,33.49,4100,137309.00
2022/07/08,1126,33.49,33.49,33.49,33.49,100,3349.00
2022/07/08,1127,33.49,33.49,33.49,33.49,3700,123913.00
2022/07/08,1128,33.49,33.49,33.49,33.49,4300,144007.00
2022/07/08,1129,33.49,33.49,33.49,33.49,1200,40188.00
2022/07/08,1130,33.49,33.49,33.49,33.49,700,23443.00
2022/07/08,1301,33.49,33.49,33.49,33.49,21200,709988.00
2022/07/08,1302,33.49,33.49,33.49,33.49,200,6698.00
2022/07/08,1303,33.49,33.49,33.49,33.49,2400,80376.00
2022/07/08,1304,33.49,33.49,33.49,33.49,300,10047.00
2022/07/08,1305,33.49,33.49,33.49,33.49,2300,77027.00
2022/07/08,1306,33.49,33.49,33.49,33.49,3900,130611.00
2022/07/08,1307,33.49,33.49,33.49,33.49,2500,83725.00
2022/07/08,1308,33.49,33.49,33.49,33.49,600,20094.00
2022/07/08,1309,33.49,33.49,33.49,33.49,5100,170799.00
2022/07/08,1310,33.49,33.49,33.49,33.49,1900,63631.00
2022/07/08,1311,33.49,33.49,33.49,33.49,2900,97121.00
2022/07/08,1312,33.49,33.49,33.49,33.49,2900,97121.00
2022/07/08,1313,33.49,33.49,33.49,33.49,1300,43537.00
2022/07/08,1314,33.49,33.49,33.49,33.49,1200,40188.00
2022/07/08,1315,33.49,33.49,33.49,33.49,3900,130611.00
2022/07/08,1316,33.49,33.49,33.49,33.49,500,16745.00
2022/07/08,1317,33.49,33.49,33.49,33.49,1800,60282.00
2022/07/08,1318,33.49,33.49,33.49,33.49,0,0.00
2022/07/08,1319,33.49,33.49,33.49,33.49,1300,43537.00
2022/07/08,1320,33.49,33.49,33.49,33.49,600,20094.00
2022/07/08,1321,33.49,33.49,33.49,33.49,1000,33490.00
2022/07/08,1322,33.49,33.49,33.49,33.49,400,13396.00
2022/07/08,1323,33.49,33.49,33.49,33.49,900,30141.00
2022/07/08,1324,33.49,33.49,33.49,33.49,600,20094.00
2022/07/08,1325,33.49,33.49,33.49,33.49,100,3349.00
2022/07/08,1326,33.49,33.49,33.49,33.49,800,26792.00
2022/07/08,1327,33.49,33.49,33.49,33.49,700,23443.00
2022/07/08,1328,33.49,33.49,33.49,33.49,500,16745.00
2022/07/08,1329,33.49,33.49,33.49,33.49,6600,221034.00
2022/07/08,1330,33.49,33.49,33.49,33.49,300,10047.00
2022/07/08,1331,33.49,33.49,33.49,33.49,2200,73678.00
2022/07/08,1332,33.49,33.49,33.49,33.49,800,26792.00
2022/07/08,1333,33.49,33.49,33.49,33.49,0,0.00
2022/07/08,1334,33.49,33.49,33.49,33.49,800,26792.00
2022/07/08,1335,33.49,33.49,33.49,33.49,200,6698.00
2022/07/08,1336,33.49,33.49,33.49,33.49,200,6698.00
2022/07/08,1337,33.49,33.49,33.49,33.49,2200,73678.00
2022/07/08,1338,33.49,33.49,33.49,33.49,3000,100470.00
2022/07/08,1339,33.49,33.49,33.49,33.49,100,3349.00
2022/07/08,1340,33.49,33.49,33.49,33.49,100,3349.00
2022/07/08,1341,33.49,33.49,33.49,33.49,300,10047.00
2022/07/08,1342,33.49,33.49,33.49,33.49,700,23443.00
2022/07/08,1343,33.49,33.49,33.49,33.49,0,0.00
2022/07/08,1344,33.49,33.49,33.49,33.49,100,3349.00
2022/07/08,1345,33.49,33.49,33.49,33.49,0,0.00
2022/07/08,1346,33.49,33.49,33.49,33.49,300,10047.00
2022/07/08,1347,33.49,33.49,33.49,33.49,0,0.00
2022/07/08,1348,33.49,33.49,33.49,33.49,500,16745.00
2022/07/08,1349,33.49,33.49,33.49,33.49,300,10047.00
2022/07/08,1350,33.49,33.49,33.49,33.49,800,26792.00
2022/07/08,1351,33.49,33.49,33.49,33.49,4500,150705.00
2022/07/08,1352,33.49,33.49,33.49,33.49,900,30141.00
2022/07/08,1353,33.49,33.49,33.49,33.49,500,16745.00
2022/07/08,1354,33.49,33.49,33.49,33.49,500,16745.00
2022/07/08,1355,33.49,33.49,33.49,33.49,0,0.00
2022/07/08,1356,33.49,33.49,33.49,33.49,500,16745.00
2022/07/08,1357,33.49,33.49,33.49,33.49,1200,40188.00
2022/07/08,1358,33.49,33.49,33.49,33.49,1300,43537.00
2022/07/08,1359,33.49,33.49,33.49,33.49,1300,43537.00
2022/07/08,1400,33.49,33.49,33.49,33.49,100,3349.00
2022/07/08,1401,33.49,33.49,33.49,33.49,11300,378437.00
2022/07/08,1402,33.49,33.49,33.49,33.49,3500,117215.00
2022/07/08,1403,33.49,33.49,33.49,33.49,3400,113866.00
2022/07/08,1404,33.49,33.49,33.49,33.49,4300,144007.00
2022/07/08,1405,33.49,33.49,33.49,33.49,1700,56933.00
2022/07/08,1406,33.49,33.49,33.49,33.49,500,16745.00
2022/07/08,1407,33.49,33.49,33.49,33.49,200,6698.00
2022/07/08,1408,33.49,33.49,33.49,33.49,300,10047.00
2022/07/08,1409,33.49,33.49,33.49,33.49,900,30141.00
2022/07/08,1410,33.49,33.49,33.49,33.49,1300,43537.00
2022/07/08,1411,33.49,33.49,33.49,33.49,400,13396.00
2022/07/08,1412,33.49,33.49,33.49,33.49,1000,33490.00
2022/07/08,1413,33.49,33.49,33.49,33.49,400,13396.00
2022/07/08,1414,33.49,33.49,33.49,33.49,600,20094.00
2022/07/08,1415,33.49,33.49,33.49,33.49,600,20094.00
2022/07/08,1416,33.49,33.49,33.49,33.49,300,10047.00
2022/07/08,1417,33.49,33.49,33.49,33.49,0,0.00
2022/07/08,1418,33.49,33.49,33.49,33.49,500,16745.00
2022/07/08,1419,33.49,33.49,33.49,33.49,2400,80376.00
2022/07/08,1420,33.49,33.49,33.49,33.49,1800,60282.00
2022/07/08,1421,33.49,33.49,33.49,33.49,400,13396.00
2022/07/08,1422,33.49,33.49,33.49,33.49,3100,103819.00
2022/07/08,1423,33.49,33.49,33.49,33.49,3000,100470.00
2022/07/08,1424,33.49,33.49,33.49,33.49,1700,56933.00
2022/07/08,1425,33.49,33.49,33.49,33.49,4200,140658.00
2022/07/08,1426,33.49,33.49,33.49,33.49,0,0.00
2022/07/08,1427,33.49,33.49,33.49,33.49,400,13396.00
2022/07/08,1428,33.49,33.49,33.49,33.49,400,13396.00
2022/07/08,1429,33.49,33.49,33.49,33.49,500,16745.00
2022/07/08,1430,33.49,33.49,33.49,33.49,100,3349.00
2022/07/08,1431,33.49,33.49,33.49,33.49,2500,83725.00
2022/07/08,1432,33.49,33.49,33.49,33.49,200,6698.00
2022/07/08,1433,33.49,33.49,33.49,33.49,1400,46886.00
2022/07/08,1434,33.49,33.49,33.49,33.49,1400,46886.00
2022/07/08,1435,33.49,33.49,33.49,33.49,300,10047.00
2022/07/08,1436,33.49,33.49,33.49,33.49,300,10047.00
2022/07/08,1437,33.49,33.49,33.49,33.49,2800,93772.00
2022/07/08,1438,33.49,33.49,33.49,33.49,1600,53584.00
2022/07/08,1439,33.49,33.49,33.49,33.49,7100,237779.00
2022/07/08,1440,33.49,33.49,33.49,33.49,6000,200940.00
2022/07/08,1441,33.49,33.49,33.49,33.49,2300,77027.00
2022/07/08,1442,33.49,33.49,33.49,33.49,0,0.00
2022/07/08,1443,33.49,33.49,33.49,33.49,700,23443.00
2022/07/08,1444,33.49,33.49,33.49,33.49,200,6698.00
2022/07/08,1445,33.49,33.49,33.49,33.49,800,26792.00
2022/07/08,1446,33.49,33.49,33.49,33.49,1200,40188.00
2022/07/08,1447,33.49,33.49,33.49,33.49,200,6698.00
2022/07/08,1448,33.49,33.49,33.49,33.49,2500,83725.00
2022/07/08,1449,33.49,33.49,33.49,33.49,1800,60282.00
2022/07/08,1450,33.49,33.49,33.49,33.49,700,23443.00
2022/07/08,1451,33.49,33.49,33.49,33.49,2400,80376.00
2022/07/08,1452,33.49,33.49,33.49,33.49,600,20094.00
2022/07/08,1453,33.49,33.49,33.49,33.49,600,20094.00
2022/07/08,1454,33.49,33.49,33.49,33.49,6900,231081.00
2022/07/08,1455,33.49,33.49,33.49,33.49,1500,50235.00
2022/07/08,1456,33.49,33.49,33.49,33.49,1500,50235.00
2022/07/08,1457,33.49,33.49,33.49,33.49,2600,87074.00
2022/07/08,1458,33.49,33.49,33.49,33.49,0,0.00
2022/07/08,1459,33.49,33.49,33.49,33.49,0,0.00
2022/07/08,1500,33.49,33.49,33.49,33.49,4200,140658.00
:
