2022/07/01,0931,31.85,37.89,31.85,37.89,8100,262523.00
2022/07/01,0932,37.89,37.89,37.89,37.89,0,0.00
2022/07/01,0933,37.89,37.89,37.89,37.89,0,0.00
2022/07/01,0934,37.89,37.89,37.89,37.89,0,0.00
2022/07/01,0935,37.89,37.89,37.89,37.89,0,0.00
2022/07/01,0936,37.89,37.89,37.89,37.89,0,0.00
2022/07/01,0937,37.89,37.89,37.89,37.89,0,0.00
2022/07/01,0938,37.89,37.89,37.89,37.89,0,0.00
2022/07/01,0939,37.89,37.89,37.89,37.89,0,0.00
2022/07/01,0940,37.89,37.89,37.89,37.89,0,0.00
2022/07/01,0941,37.89,37.89,37.89,37.89,0,0.00
2022/07/01,0942,37.89,37.89,37.89,37.89,0,0.00
2022/07/01,0943,37.89,37.89,37.89,37.89,0,0.00
2022/07/01,0944,37.89,37.89,37.89,37.89,0,0.00
2022/07/01,0945,37.89,37.89,37.89,37.89,0,0.00
2022/07/01,0946,37.89,37.89,37.89,37.89,0,0.00
2022/07/01,0947,37.89,37.89,37.89,37.89,0,0.00
2022/07/01,0948,37.89,37.89,37.89,37.89,0,0.00
2022/07/01,0949,37.89,37.89,37.89,37.89,0,0.00
2022/07/01,0950,37.89,37.89,37.89,37.89,0,0.00
2022/07/01,0951,37.89,37.89,37.89,37.89,0,0.00
2022/07/01,0952,37.89,37.89,37.89,37.89,0,0.00
2022/07/01,0953,37.89,37.89,37.89,37.89,0,0.00
2022/07/01,0954,37.89,37.89,37.89,37.89,0,0.00
2022/07/01,0955,37.89,37.89,37.89,37.89,0,0.00
2022/07/01,0956,37.89,37.89,37.89,37.89,0,0.00
2022/07/01,0957,37.89,37.89,37.89,37.89,0,0.00
2022/07/01,0958,37.89,37.89,37.89,37.89,0,0.00
2022/07/01,0959,37.89,37.89,37.89,37.89,0,0.00
2022/07/01,1000,37.89,37.89,37.89,37.89,0,0.00
2022/07/01,1001,38.22,38.22,38.22,38.22,136200,5206672.50
2022/07/01,1002,38.22,38.22,38.22,38.22,13800,527436.00
2022/07/01,1003,38.22,38.22,38.22,38.22,18400,703362.63
2022/07/01,1004,38.22,38.22,38.22,38.22,16400,626808.00
2022/07/01,1005,38.22,38.22,38.22,38.22,11800,450996.00
2022/07/01,1006,38.22,38.22,38.22,38.22,4500,172219.31
2022/07/01,1007,38.22,38.22,38.22,38.22,7100,271362.00
2022/07/01,1008,38.22,38.22,38.22,38.22,3300,126126.00
2022/07/01,1009,38.22,38.22,38.22,38.22,1500,57330.00
2022/07/01,1010,38.22,38.22,38.22,38.22,3400,129948.00
2022/07/01,1011,38.22,38.22,38.22,38.22,2400,91728.00
2022/07/01,1012,38.22,38.22,38.22,38.22,2000,76440.00
2022/07/01,1013,38.22,38.22,38.22,38.22,3200,122304.00
2022/07/01,1014,38.22,38.22,38.22,38.22,1900,72618.00
2022/07/01,1015,38.22,38.22,38.22,38.22,2000,76440.00
2022/07/01,1016,38.22,38.22,38.22,38.22,3500,133770.00
2022/07/01,1017,38.22,38.22,38.22,38.22,1000,38220.00
2022/07/01,1018,38.22,38.22,38.22,38.22,2800,107016.00
2022/07/01,1019,38.22,38.22,38.22,38.22,600,22932.00
2022/07/01,1020,38.22,38.22,38.22,38.22,1800,68796.00
2022/07/01,1021,38.22,38.22,38.22,38.22,1500,57330.00
2022/07/01,1022,38.22,38.22,38.22,38.22,2000,76440.00
2022/07/01,1023,38.22,38.22,38.22,38.22,1800,68796.00
2022/07/01,1024,38.22,38.22,38.22,38.22,1800,68796.00
2022/07/01,1025,38.22,38.22,38.22,38.22,1200,45864.00
2022/07/01,1026,38.22,38.22,38.22,38.22,700,26754.00
2022/07/01,1027,38.22,38.22,38.22,38.22,700,26754.00
2022/07/01,1028,38.22,38.22,38.22,38.22,2100,80262.00
2022/07/01,1029,38.22,38.22,38.22,38.22,1400,53508.00
2022/07/01,1030,38.22,38.22,38.22,38.22,2000,74490.78
2022/07/01,1031,38.22,38.22,38.22,38.22,800,30576.00
2022/07/01,1032,38.22,38.22,38.22,38.22,1000,38220.00
2022/07/01,1033,38.22,38.22,38.22,38.22,3500,133770.00
2022/07/01,1034,38.22,38.22,38.22,38.22,2500,95550.00
2022/07/01,1035,38.22,38.22,38.22,38.22,2900,110838.00
2022/07/01,1036,38.22,38.22,38.22,38.22,4000,152880.00
2022/07/01,1037,38.22,38.22,38.22,38.22,1500,57330.00
2022/07/01,1038,38.22,38.22,38.22,38.22,2400,91728.00
2022/07/01,1039,38.22,38.22,38.22,38.22,1400,53508.00
2022/07/01,1040,38.22,38.22,38.22,38.22,400,15288.00
2022/07/01,1041,38.22,38.22,38.22,38.22,300,11466.00
2022/07/01,1042,38.22,38.22,38.22,38.22,600,22932.00
2022/07/01,1043,38.22,38.22,38.22,38.22,1100,42042.00
2022/07/01,1044,38.22,38.22,38.22,38.22,1000,38220.00
2022/07/01,1045,38.22,38.22,38.22,38.22,0,0.00
2022/07/01,1046,38.22,38.22,38.22,38.22,1300,49686.00
2022/07/01,1047,38.22,38.22,38.22,38.22,0,0.00
2022/07/01,1048,38.22,38.22,38.22,38.22,1000,38220.00
2022/07/01,1049,38.22,38.22,38.22,38.22,1000,38220.00
2022/07/01,1050,38.22,38.22,38.22,38.22,800,30576.00
2022/07/01,1051,38.22,38.22,38.22,38.22,1700,64974.00
2022/07/01,1052,38.22,38.22,38.22,38.22,300,11466.00
2022/07/01,1053,38.22,38.22,38.22,38.22,1200,45864.00
2022/07/01,1054,38.22,38.22,38.22,38.22,1400,53508.00
2022/07/01,1055,38.22,38.22,38.22,38.22,0,0.00
2022/07/01,1056,38.22,38.22,38.22,38.22,0,0.00
2022/07/01,1057,38.22,38.22,38.22,38.22,500,19110.00
2022/07/01,1058,38.22,38.22,38.22,38.22,0,0.00
2022/07/01,1059,38.22,38.22,38.22,38.22,500,19110.00
2022/07/01,1100,38.22,38.22,38.22,38.22,500,19110.00
2022/07/01,1101,38.22,38.22,38.22,38.22,400,15288.00
2022/07/01,1102,38.22,38.22,38.22,38.22,300,11466.00
2022/07/01,1103,38.22,38.22,38.22,38.22,500,19110.00
2022/07/01,1104,38.22,38.22,38.22,38.22,0,0.00
2022/07/01,1105,38.22,38.22,38.22,38.22,1100,42042.00
2022/07/01,1106,38.22,38.22,38.22,38.22,0,0.00
2022/07/01,1107,38.22,38.22,38.22,38.22,1500,57330.00
2022/07/01,1108,38.22,38.22,38.22,38.22,1000,38220.00
2022/07/01,1109,38.22,38.22,38.22,38.22,500,19110.00
2022/07/01,1110,38.22,38.22,38.22,38.22,600,22932.00
2022/07/01,1111,38.22,38.22,38.22,38.22,500,19110.00
2022/07/01,1112,38.22,38.22,38.22,38.22,400,15288.00
2022/07/01,1113,38.22,38.22,38.22,38.22,500,19110.00
2022/07/01,1114,38.22,38.22,38.22,38.22,1000,38220.00
2022/07/01,1115,38.22,38.22,38.22,38.22,0,0.00
2022/07/01,1116,38.22,38.22,38.22,38.22,1100,42042.00
2022/07/01,1117,38.22,38.22,38.22,38.22,500,19110.00
2022/07/01,1118,38.22,38.22,38.22,38.22,0,0.00
2022/07/01,1119,38.22,38.22,38.22,38.22,500,19110.00
2022/07/01,1120,38.22,38.22,38.22,38.22,500,19110.00
2022/07/01,1121,38.22,38.22,38.22,38.22,500,19110.00
2022/07/01,1122,38.22,38.22,38.22,38.22,500,19110.00
2022/07/01,1123,38.22,38.22,38.22,38.22,500,19110.00
2022/07/01,1124,38.22,38.22,38.22,38.22,200,7644.00
2022/07/01,1125,38.22,38.22,38.22,38.22,600,22932.00
2022/07/01,1126,38.22,38.22,38.22,38.22,0,0.00
2022/07/01,1127,38.22,38.22,38.22,38.22,1100,43073.94
2022/07/01,1128,38.22,38.22,38.22,38.22,500,19110.00
2022/07/01,1129,38.22,38.22,38.22,38.22,500,19110.00
2022/07/01,1130,38.22,38.22,38.22,38.22,0,0.00
2022/07/01,1301,38.22,38.22,38.22,38.22,7600,290472.00
2022/07/01,1302,38.22,38.22,38.22,38.22,700,26754.00
2022/07/01,1303,38.22,38.22,38.22,38.22,400,15288.00
2022/07/01,1304,38.22,38.22,38.22,38.22,1500,57330.00
2022/07/01,1305,38.22,38.22,38.22,38.22,1000,38220.00
2022/07/01,1306,38.22,38.22,38.22,38.22,1000,38220.00
2022/07/01,1307,38.22,38.22,38.22,38.22,100,3822.00
2022/07/01,1308,38.22,38.22,38.22,38.22,300,11466.00
2022/07/01,1309,38.22,38.22,38.22,38.22,1300,49686.00
2022/07/01,1310,38.22,38.22,38.22,38.22,500,19110.00
2022/07/01,1311,38.22,38.22,38.22,38.22,1400,53508.00
2022/07/01,1312,38.22,38.22,38.22,38.22,800,30576.00
2022/07/01,1313,38.22,38.22,38.22,38.22,0,0.00
2022/07/01,1314,38.22,38.22,38.22,38.22,1000,38220.00
2022/07/01,1315,38.22,38.22,38.22,38.22,0,0.00
2022/07/01,1316,38.22,38.22,38.22,38.22,1000,38220.00
2022/07/01,1317,38.22,38.22,38.22,38.22,100,3822.00
2022/07/01,1318,38.22,38.22,38.22,38.22,1600,61152.00
2022/07/01,1319,38.22,38.22,38.22,38.22,1500,57330.00
2022/07/01,1320,38.22,38.22,38.22,38.22,300,11466.00
2022/07/01,1321,38.22,38.22,38.22,38.22,1000,38220.00
2022/07/01,1322,38.22,38.22,38.22,38.22,1400,53508.00
2022/07/01,1323,38.22,38.22,38.22,38.22,1000,38220.00
2022/07/01,1324,38.22,38.22,38.22,38.22,800,30576.00
2022/07/01,1325,38.22,38.22,38.22,38.22,500,19110.00
2022/07/01,1326,38.22,38.22,38.22,38.22,0,0.00
2022/07/01,1327,38.22,38.22,38.22,38.22,800,30576.00
2022/07/01,1328,38.22,38.22,38.22,38.22,800,30576.00
2022/07/01,1329,38.22,38.22,38.22,38.22,700,26754.00
2022/07/01,1330,38.22,38.22,38.22,38.22,1500,57330.00
2022/07/01,1331,38.22,38.22,38.22,38.22,0,0.00
2022/07/01,1332,38.22,38.22,38.22,38.22,500,19110.00
2022/07/01,1333,38.22,38.22,38.22,38.22,0,0.00
2022/07/01,1334,38.22,38.22,38.22,38.22,1300,49686.00
2022/07/01,1335,38.22,38.22,38.22,38.22,1600,61152.00
2022/07/01,1336,38.22,38.22,38.22,38.22,800,30576.00
2022/07/01,1337,38.22,38.22,38.22,38.22,0,0.00
2022/07/01,1338,38.22,38.22,38.22,38.22,700,26754.00
2022/07/01,1339,38.22,38.22,38.22,38.22,500,19110.00
2022/07/01,1340,38.22,38.22,38.22,38.22,1000,38220.00
2022/07/01,1341,38.22,38.22,38.22,38.22,0,0.00
2022/07/01,1342,38.22,38.22,38.22,38.22,900,34398.00
2022/07/01,1343,38.22,38.22,38.22,38.22,900,34398.00
2022/07/01,1344,38.22,38.22,38.22,38.22,0,0.00
2022/07/01,1345,38.22,38.22,38.22,38.22,500,19110.00
2022/07/01,1346,38.22,38.22,38.22,38.22,0,0.00
2022/07/01,1347,38.22,38.22,38.22,38.22,1000,38220.00
2022/07/01,1348,38.22,38.22,38.22,38.22,0,687.96
2022/07/01,1349,38.22,38.22,38.22,38.22,500,19110.00
2022/07/01,1350,38.22,38.22,38.22,38.22,2100,80262.00
2022/07/01,1351,38.22,38.22,38.22,38.22,500,19110.00
2022/07/01,1352,38.22,38.22,38.22,38.22,1000,38220.00
2022/07/01,1353,38.22,38.22,38.22,38.22,500,19110.00
2022/07/01,1354,38.22,38.22,38.22,38.22,0,0.00
2022/07/01,1355,38.22,38.22,38.22,38.22,800,30576.00
2022/07/01,1356,38.22,38.22,38.22,38.22,1500,57330.00
2022/07/01,1357,38.22,38.22,38.22,38.22,500,19110.00
2022/07/01,1358,38.22,38.22,38.22,38.22,0,0.00
2022/07/01,1359,38.22,38.22,38.22,38.22,400,15288.00
2022/07/01,1400,38.22,38.22,38.22,38.22,500,19110.00
2022/07/01,1401,38.22,38.22,38.22,38.22,0,0.00
2022/07/01,1402,38.22,38.22,38.22,38.22,500,19110.00
2022/07/01,1403,38.22,38.22,38.22,38.22,100,3822.00
2022/07/01,1404,38.22,38.22,38.22,38.22,0,0.00
2022/07/01,1405,38.22,38.22,38.22,38.22,0,0.00
2022/07/01,1406,38.22,38.22,38.22,38.22,100,3822.00
2022/07/01,1407,38.22,38.22,38.22,38.22,1000,38220.00
2022/07/01,1408,38.22,38.22,38.22,38.22,700,26754.00
2022/07/01,1409,38.22,38.22,38.22,38.22,500,19110.00
2022/07/01,1410,38.22,38.22,38.22,38.22,500,19110.00
2022/07/01,1411,38.22,38.22,38.22,38.22,0,0.00
2022/07/01,1412,38.22,38.22,38.22,38.22,0,0.00
2022/07/01,1413,38.22,38.22,38.22,38.22,500,19110.00
2022/07/01,1414,38.22,38.22,38.22,38.22,1000,38220.00
2022/07/01,1415,38.22,38.22,38.22,38.22,0,0.00
2022/07/01,1416,38.22,38.22,38.22,38.22,500,19110.00
2022/07/01,1417,38.22,38.22,38.22,38.22,0,0.00
2022/07/01,1418,38.22,38.22,38.22,38.22,500,19110.00
2022/07/01,1419,38.22,38.22,38.22,38.22,700,26754.00
2022/07/01,1420,38.22,38.22,38.22,38.22,0,0.00
2022/07/01,1421,38.22,38.22,38.22,38.22,1000,38220.00
2022/07/01,1422,38.22,38.22,38.22,38.22,500,19110.00
2022/07/01,1423,38.22,38.22,38.22,38.22,700,26754.00
2022/07/01,1424,38.22,38.22,38.22,38.22,0,0.00
2022/07/01,1425,38.22,38.22,38.22,38.22,200,7644.00
2022/07/01,1426,38.22,38.22,38.22,38.22,1200,45864.00
2022/07/01,1427,38.22,38.22,38.22,38.22,0,0.00
2022/07/01,1428,38.22,38.22,38.22,38.22,0,0.00
2022/07/01,1429,38.22,38.22,38.22,38.22,0,0.00
2022/07/01,1430,38.22,38.22,38.22,38.22,500,19110.00
2022/07/01,1431,38.22,38.22,38.22,38.22,0,0.00
2022/07/01,1432,38.22,38.22,38.22,38.22,500,19110.00
2022/07/01,1433,38.22,38.22,38.22,38.22,0,0.00
2022/07/01,1434,38.22,38.22,38.22,38.22,500,19110.00
2022/07/01,1435,38.22,38.22,38.22,38.22,500,19110.00
2022/07/01,1436,38.22,38.22,38.22,38.22,800,30576.00
2022/07/01,1437,38.22,38.22,38.22,38.22,300,11466.00
2022/07/01,1438,38.22,38.22,38.22,38.22,500,19110.00
2022/07/01,1439,38.22,38.22,38.22,38.22,700,26754.00
2022/07/01,1440,38.22,38.22,38.22,38.22,200,7644.00
2022/07/01,1441,38.22,38.22,38.22,38.22,800,30576.00
2022/07/01,1442,38.22,38.22,38.22,38.22,700,26754.00
2022/07/01,1443,38.22,38.22,38.22,38.22,500,19110.00
2022/07/01,1444,38.22,38.22,38.22,38.22,200,7644.00
2022/07/01,1445,38.22,38.22,38.22,38.22,200,7644.00
2022/07/01,1446,38.22,38.22,38.22,38.22,800,30576.00
2022/07/01,1447,38.22,38.22,38.22,38.22,0,0.00
2022/07/01,1448,38.22,38.22,38.22,38.22,300,11466.00
2022/07/01,1449,38.22,38.22,38.22,38.22,900,34398.00
2022/07/01,1450,38.22,38.22,38.22,38.22,800,30576.00
2022/07/01,1451,38.22,38.22,38.22,38.22,900,34398.00
2022/07/01,1452,38.22,38.22,38.22,38.22,600,22932.00
2022/07/01,1453,38.22,38.22,38.22,38.22,1300,49686.00
2022/07/01,1454,38.22,38.22,38.22,38.22,500,19110.00
2022/07/01,1455,38.22,38.22,38.22,38.22,900,34398.00
2022/07/01,1456,38.22,38.22,38.22,38.22,600,22932.00
2022/07/01,1457,38.22,38.22,38.22,38.22,1000,38220.00
2022/07/01,1458,38.22,38.22,38.22,38.22,0,0.00
2022/07/01,1459,38.22,38.22,38.22,38.22,0,0.00
2022/07/01,1500,38.22,38.22,38.22,38.22,2200,84084.00
2022/07/04,0931,42.04,42.04,42.04,42.04,21200,891248.00
2022/07/04,0932,42.04,42.04,42.04,42.04,0,0.00
2022/07/04,0933,42.04,42.04,42.04,42.04,900,37836.00
2022/07/04,0934,42.04,42.04,42.04,42.04,200,9416.96
2022/07/04,0935,42.04,42.04,42.04,42.04,300,12612.00
2022/07/04,0936,42.04,42.04,42.04,42.04,800,33632.00
2022/07/04,0937,42.04,42.04,42.04,42.04,400,16816.00
2022/07/04,0938,42.04,42.04,42.04,42.04,1700,71468.00
2022/07/04,0939,42.04,42.04,42.04,42.04,300,12612.00
2022/07/04,0940,42.04,42.04,42.04,42.04,1100,46244.00
2022/07/04,0941,42.04,42.04,42.04,42.04,500,21020.00
2022/07/04,0942,42.04,42.04,42.04,42.04,100,4204.00
2022/07/04,0943,42.04,42.04,42.04,42.04,700,29428.00
2022/07/04,0944,42.04,42.04,42.04,42.04,1000,42040.00
2022/07/04,0945,42.04,42.04,42.04,42.04,0,0.00
2022/07/04,0946,42.04,42.04,42.04,42.04,0,0.00
2022/07/04,0947,42.04,42.04,42.04,42.04,500,21020.00
2022/07/04,0948,42.04,42.04,42.04,42.04,0,0.00
2022/07/04,0949,42.04,42.04,42.04,42.04,0,0.00
2022/07/04,0950,42.04,42.04,42.04,42.04,1300,54652.00
2022/07/04,0951,42.04,42.04,42.04,42.04,0,0.00
2022/07/04,0952,42.04,42.04,42.04,42.04,500,21020.00
2022/07/04,0953,42.04,42.04,42.04,42.04,0,0.00
2022/07/04,0954,42.04,42.04,42.04,42.04,0,0.00
2022/07/04,0955,42.04,42.04,42.04,42.04,0,0.00
2022/07/04,0956,42.04,42.04,42.04,42.04,0,0.00
2022/07/04,0957,42.04,42.04,42.04,42.04,0,0.00
2022/07/04,0958,42.04,42.04,42.04,42.04,0,0.00
2022/07/04,0959,42.04,42.04,42.04,42.04,0,0.00
2022/07/04,1000,42.04,42.04,42.04,42.04,0,0.00
2022/07/04,1001,42.04,42.04,42.04,42.04,200,8408.00
2022/07/04,1002,42.04,42.04,42.04,42.04,0,0.00
2022/07/04,1003,42.04,42.04,42.04,42.04,0,0.00
2022/07/04,1004,42.04,42.04,42.04,42.04,0,0.00
2022/07/04,1005,42.04,42.04,42.04,42.04,0,0.00
2022/07/04,1006,42.04,42.04,42.04,42.04,100,4204.00
2022/07/04,1007,42.04,42.04,42.04,42.04,200,8408.00
2022/07/04,1008,42.04,42.04,42.04,42.04,500,21020.00
2022/07/04,1009,42.04,42.04,42.04,42.04,500,21020.00
2022/07/04,1010,42.04,42.04,42.04,42.04,0,0.00
2022/07/04,1011,42.04,42.04,42.04,42.04,0,0.00
2022/07/04,1012,42.04,42.04,42.04,42.04,0,0.00
2022/07/04,1013,42.04,42.04,42.04,42.04,500,21020.00
2022/07/04,1014,42.04,42.04,42.04,42.04,500,21020.00
2022/07/04,1015,42.04,42.04,42.04,42.04,0,0.00
2022/07/04,1016,42.04,42.04,42.04,42.04,0,0.00
2022/07/04,1017,42.04,42.04,42.04,42.04,0,714.68
2022/07/04,1018,42.04,42.04,42.04,42.04,500,21020.00
2022/07/04,1019,42.04,42.04,42.04,42.04,0,0.00
2022/07/04,1020,42.04,42.04,42.04,42.04,0,0.00
2022/07/04,1021,42.04,42.04,42.04,42.04,0,0.00
2022/07/04,1022,42.04,42.04,42.04,42.04,0,0.00
2022/07/04,1023,42.04,42.04,42.04,42.04,0,0.00
2022/07/04,1024,42.04,42.04,42.04,42.04,0,0.00
2022/07/04,1025,42.04,42.04,42.04,42.04,0,0.00
2022/07/04,1026,42.04,42.04,42.04,42.04,0,0.00
2022/07/04,1027,42.04,42.04,42.04,42.04,0,0.00
2022/07/04,1028,42.04,42.04,42.04,42.04,0,0.00
2022/07/04,1029,42.04,42.04,42.04,42.04,600,25224.00
2022/07/04,1030,42.04,42.04,42.04,42.04,0,0.00
2022/07/04,1031,42.04,42.04,42.04,42.04,0,0.00
2022/07/04,1032,42.04,42.04,42.04,42.04,1200,50448.00
2022/07/04,1033,42.04,42.04,42.04,42.04,0,0.00
2022/07/04,1034,42.04,42.04,42.04,42.04,0,0.00
2022/07/04,1035,42.04,42.04,42.04,42.04,0,0.00
2022/07/04,1036,42.04,42.04,42.04,42.04,0,0.00
2022/07/04,1037,42.04,42.04,42.04,42.04,200,8408.00
2022/07/04,1038,42.04,42.04,42.04,42.04,0,0.00
2022/07/04,1039,42.04,42.04,42.04,42.04,0,0.00
2022/07/04,1040,42.04,42.04,42.04,42.04,0,0.00
2022/07/04,1041,42.04,42.04,42.04,42.04,100,420.40
2022/07/04,1042,42.04,42.04,42.04,42.04,0,0.00
2022/07/04,1043,42.04,42.04,42.04,42.04,0,0.00
2022/07/04,1044,42.04,42.04,42.04,42.04,1100,46244.00
2022/07/04,1045,42.04,42.04,42.04,42.04,0,0.00
2022/07/04,1046,42.04,42.04,42.04,42.04,0,0.00
2022/07/04,1047,42.04,42.04,42.04,42.04,500,21020.00
2022/07/04,1048,42.04,42.04,42.04,42.04,0,0.00
2022/07/04,1049,42.04,42.04,42.04,42.04,0,0.00
2022/07/04,1050,42.04,42.04,42.04,42.04,0,0.00
2022/07/04,1051,42.04,42.04,42.04,42.04,0,0.00
2022/07/04,1052,42.04,42.04,42.04,42.04,0,0.00
2022/07/04,1053,42.04,42.04,42.04,42.04,0,0.00
2022/07/04,1054,42.04,42.04,42.04,42.04,0,0.00
2022/07/04,1055,42.04,42.04,42.04,42.04,0,0.00
2022/07/04,1056,42.04,42.04,42.04,42.04,0,0.00
2022/07/04,1057,42.04,42.04,42.04,42.04,0,0.00
2022/07/04,1058,42.04,42.04,42.04,42.04,0,0.00
2022/07/04,1059,42.04,42.04,42.04,42.04,500,21020.00
2022/07/04,1100,42.04,42.04,42.04,42.04,500,21020.00
2022/07/04,1101,42.04,42.04,42.04,42.04,0,0.00
2022/07/04,1102,42.04,42.04,42.04,42.04,0,0.00
2022/07/04,1103,42.04,42.04,42.04,42.04,0,0.00
2022/07/04,1104,42.04,42.04,42.04,42.04,500,21020.00
2022/07/04,1105,42.04,42.04,42.04,42.04,0,0.00
2022/07/04,1106,42.04,42.04,42.04,42.04,0,0.00
2022/07/04,1107,42.04,42.04,42.04,42.04,0,0.00
2022/07/04,1108,42.04,42.04,42.04,42.04,0,0.00
2022/07/04,1109,42.04,42.04,42.04,42.04,0,0.00
2022/07/04,1110,42.04,42.04,42.04,42.04,0,0.00
2022/07/04,1111,42.04,42.04,42.04,42.04,0,0.00
2022/07/04,1112,42.04,42.04,42.04,42.04,0,0.00
2022/07/04,1113,42.04,42.04,42.04,42.04,0,0.00
2022/07/04,1114,42.04,42.04,42.04,42.04,0,0.00
2022/07/04,1115,42.04,42.04,42.04,42.04,0,0.00
2022/07/04,1116,42.04,42.04,42.04,42.04,0,0.00
2022/07/04,1117,42.04,42.04,42.04,42.04,0,0.00
2022/07/04,1118,42.04,42.04,42.04,42.04,0,0.00
2022/07/04,1119,42.04,42.04,42.04,42.04,0,0.00
2022/07/04,1120,42.04,42.04,42.04,42.04,200,8408.00
2022/07/04,1121,42.04,42.04,42.04,42.04,0,0.00
2022/07/04,1122,42.04,42.04,42.04,42.04,0,0.00
2022/07/04,1123,42.04,42.04,42.04,42.04,500,21020.00
2022/07/04,1124,42.04,42.04,42.04,42.04,0,0.00
2022/07/04,1125,42.04,42.04,42.04,42.04,0,0.00
2022/07/04,1126,42.04,42.04,42.04,42.04,0,0.00
2022/07/04,1127,42.04,42.04,42.04,42.04,500,21020.00
2022/07/04,1128,42.04,42.04,42.04,42.04,0,0.00
2022/07/04,1129,42.04,42.04,42.04,42.04,0,0.00
2022/07/04,1130,42.04,42.04,42.04,42.04,0,0.00
2022/07/04,1301,42.04,42.04,42.04,42.04,1000,42040.00
2022/07/04,1302,42.04,42.04,42.04,42.04,0,0.00
2022/07/04,1303,42.04,42.04,42.04,42.04,0,0.00
2022/07/04,1304,42.04,42.04,42.04,42.04,0,0.00
2022/07/04,1305,42.04,42.04,42.04,42.04,0,0.00
2022/07/04,1306,42.04,42.04,42.04,42.04,0,0.00
2022/07/04,1307,42.04,42.04,42.04,42.04,0,0.00
2022/07/04,1308,42.04,42.04,42.04,42.04,0,0.00
2022/07/04,1309,42.04,42.04,42.04,42.04,0,0.00
2022/07/04,1310,42.04,42.04,42.04,42.04,0,0.00
2022/07/04,1311,42.04,42.04,42.04,42.04,0,0.00
2022/07/04,1312,42.04,42.04,42.04,42.04,0,0.00
2022/07/04,1313,42.04,42.04,42.04,42.04,0,0.00
2022/07/04,1314,42.04,42.04,42.04,42.04,0,0.00
2022/07/04,1315,42.04,42.04,42.04,42.04,0,0.00
2022/07/04,1316,42.04,42.04,42.04,42.04,0,0.00
2022/07/04,1317,42.04,42.04,42.04,42.04,0,0.00
2022/07/04,1318,42.04,42.04,42.04,42.04,0,0.00
2022/07/04,1319,42.04,42.04,42.04,42.04,0,0.00
2022/07/04,1320,42.04,42.04,42.04,42.04,0,0.00
2022/07/04,1321,42.04,42.04,42.04,42.04,0,0.00
2022/07/04,1322,42.04,42.04,42.04,42.04,0,0.00
2022/07/04,1323,42.04,42.04,42.04,42.04,0,0.00
2022/07/04,1324,42.04,42.04,42.04,42.04,0,0.00
2022/07/04,1325,42.04,42.04,42.04,42.04,0,0.00
2022/07/04,1326,42.04,42.04,42.04,42.04,0,0.00
2022/07/04,1327,42.04,42.04,42.04,42.04,0,0.00
2022/07/04,1328,42.04,42.04,42.04,42.04,0,0.00
2022/07/04,1329,42.04,42.04,42.04,42.04,200,8408.00
2022/07/04,1330,42.04,42.04,42.04,42.04,200,8408.00
2022/07/04,1331,42.04,42.04,42.04,42.04,500,21020.00
2022/07/04,1332,42.04,42.04,42.04,42.04,500,21020.00
2022/07/04,1333,42.04,42.04,42.04,42.04,500,21020.00
2022/07/04,1334,42.04,42.04,42.04,42.04,200,8408.00
2022/07/04,1335,42.04,42.04,42.04,42.04,600,25224.00
2022/07/04,1336,42.04,42.04,42.04,42.04,0,0.00
2022/07/04,1337,42.04,42.04,42.04,42.04,500,21020.00
2022/07/04,1338,42.04,42.04,42.04,42.04,0,0.00
2022/07/04,1339,42.04,42.04,42.04,42.04,0,0.00
2022/07/04,1340,42.04,42.04,42.04,42.04,0,0.00
2022/07/04,1341,42.04,42.04,42.04,42.04,0,0.00
2022/07/04,1342,42.04,42.04,42.04,42.04,0,0.00
2022/07/04,1343,42.04,42.04,42.04,42.04,0,0.00
2022/07/04,1344,42.04,42.04,42.04,42.04,300,12612.00
2022/07/04,1345,42.04,42.04,42.04,42.04,0,0.00
2022/07/04,1346,42.04,42.04,42.04,42.04,0,0.00
2022/07/04,1347,42.04,42.04,42.04,42.04,0,0.00
2022/07/04,1348,42.04,42.04,42.04,42.04,200,8408.00
2022/07/04,1349,42.04,42.04,42.04,42.04,500,21020.00
2022/07/04,1350,42.04,42.04,42.04,42.04,800,33632.00
2022/07/04,1351,42.04,42.04,42.04,42.04,0,0.00
2022/07/04,1352,42.04,42.04,42.04,42.04,0,0.00
2022/07/04,1353,42.04,42.04,42.04,42.04,100,4204.00
2022/07/04,1354,42.04,42.04,42.04,42.04,0,0.00
2022/07/04,1355,42.04,42.04,42.04,42.04,0,0.00
2022/07/04,1356,42.04,42.04,42.04,42.04,0,0.00
2022/07/04,1357,42.04,42.04,42.04,42.04,0,0.00
2022/07/04,1358,42.04,42.04,42.04,42.04,0,0.00
2022/07/04,1359,42.04,42.04,42.04,42.04,0,0.00
2022/07/04,1400,42.04,42.04,42.04,42.04,0,0.00
2022/07/04,1401,42.04,42.04,42.04,42.04,500,21020.00
2022/07/04,1402,42.04,42.04,42.04,42.04,0,0.00
2022/07/04,1403,42.04,42.04,42.04,42.04,500,21020.00
2022/07/04,1404,42.04,42.04,42.04,42.04,0,0.00
2022/07/04,1405,42.04,42.04,42.04,42.04,0,0.00
2022/07/04,1406,42.04,42.04,42.04,42.04,0,0.00
2022/07/04,1407,42.04,42.04,42.04,42.04,0,0.00
2022/07/04,1408,42.04,42.04,42.04,42.04,0,0.00
2022/07/04,1409,42.04,42.04,42.04,42.04,100,4204.00
2022/07/04,1410,42.04,42.04,42.04,42.04,0,0.00
2022/07/04,1411,42.04,42.04,42.04,42.04,200,8408.00
2022/07/04,1412,42.04,42.04,42.04,42.04,0,0.00
2022/07/04,1413,42.04,42.04,42.04,42.04,0,0.00
2022/07/04,1414,42.04,42.04,42.04,42.04,0,0.00
2022/07/04,1415,42.04,42.04,42.04,42.04,0,0.00
2022/07/04,1416,42.04,42.04,42.04,42.04,0,0.00
2022/07/04,1417,42.04,42.04,42.04,42.04,500,21020.00
2022/07/04,1418,42.04,42.04,42.04,42.04,0,0.00
2022/07/04,1419,42.04,42.04,42.04,42.04,0,0.00
2022/07/04,1420,42.04,42.04,42.04,42.04,0,0.00
2022/07/04,1421,42.04,42.04,42.04,42.04,0,0.00
2022/07/04,1422,42.04,42.04,42.04,42.04,0,0.00
2022/07/04,1423,42.04,42.04,42.04,42.04,500,21020.00
2022/07/04,1424,42.04,42.04,42.04,42.04,0,0.00
2022/07/04,1425,42.04,42.04,42.04,42.04,500,21020.00
2022/07/04,1426,42.04,42.04,42.04,42.04,0,0.00
2022/07/04,1427,42.04,42.04,42.04,42.04,0,0.00
2022/07/04,1428,42.04,42.04,42.04,42.04,0,0.00
2022/07/04,1429,42.04,42.04,42.04,42.04,500,21020.00
2022/07/04,1430,42.04,42.04,42.04,42.04,0,0.00
2022/07/04,1431,42.04,42.04,42.04,42.04,0,0.00
2022/07/04,1432,42.04,42.04,42.04,42.04,0,0.00
2022/07/04,1433,42.04,42.04,42.04,42.04,300,12612.00
2022/07/04,1434,42.04,42.04,42.04,42.04,0,0.00
2022/07/04,1435,42.04,42.04,42.04,42.04,500,21020.00
2022/07/04,1436,42.04,42.04,42.04,42.04,500,21020.00
2022/07/04,1437,42.04,42.04,42.04,42.04,400,16816.00
2022/07/04,1438,42.04,42.04,42.04,42.04,100,4204.00
2022/07/04,1439,42.04,42.04,42.04,42.04,200,8408.00
2022/07/04,1440,42.04,42.04,42.04,42.04,0,0.00
2022/07/04,1441,42.04,42.04,42.04,42.04,0,0.00
2022/07/04,1442,42.04,42.04,42.04,42.04,1100,46244.00
2022/07/04,1443,42.04,42.04,42.04,42.04,0,0.00
2022/07/04,1444,42.04,42.04,42.04,42.04,1000,42040.00
2022/07/04,1445,42.04,42.04,42.04,42.04,600,25224.00
2022/07/04,1446,42.04,42.04,42.04,42.04,500,21020.00
2022/07/04,1447,42.04,42.04,42.04,42.04,0,0.00
2022/07/04,1448,42.04,42.04,42.04,42.04,500,21020.00
2022/07/04,1449,42.04,42.04,42.04,42.04,200,8408.00
2022/07/04,1450,42.04,42.04,42.04,42.04,100,4204.00
2022/07/04,1451,42.04,42.04,42.04,42.04,1100,46244.00
2022/07/04,1452,42.04,42.04,42.04,42.04,500,21020.00
2022/07/04,1453,42.04,42.04,42.04,42.04,900,37836.00
2022/07/04,1454,42.04,42.04,42.04,42.04,200,8408.00
2022/07/04,1455,42.04,42.04,42.04,42.04,500,21020.00
2022/07/04,1456,42.04,42.04,42.04,42.04,1900,79876.00
2022/07/04,1457,42.04,42.04,42.04,42.04,3800,159752.00
2022/07/04,1458,42.04,42.04,42.04,42.04,1000,42040.00
2022/07/04,1459,42.04,42.04,42.04,42.04,0,0.00
2022/07/04,1500,42.04,42.04,42.04,42.04,7800,327912.00
2022/07/05,0931,46.24,46.24,46.24,46.24,32200,1488928.00
2022/07/05,0932,46.24,46.24,46.24,46.24,2500,115600.00
2022/07/05,0933,46.24,46.24,46.24,46.24,1200,55488.00
2022/07/05,0934,46.24,46.24,46.24,46.24,1100,50864.00
2022/07/05,0935,46.24,46.24,46.24,46.24,1000,46240.00
2022/07/05,0936,46.24,46.24,46.24,46.24,1800,83232.00
2022/07/05,0937,46.24,46.24,46.24,46.24,800,36992.00
2022/07/05,0938,46.24,46.24,46.24,46.24,0,0.00
2022/07/05,0939,46.24,46.24,46.24,46.24,300,13872.00
2022/07/05,0940,46.24,46.24,46.24,46.24,0,0.00
2022/07/05,0941,46.24,46.24,46.24,46.24,0,0.00
2022/07/05,0942,46.24,46.24,46.24,46.24,400,18496.00
2022/07/05,0943,46.24,46.24,46.24,46.24,500,23120.00
2022/07/05,0944,46.24,46.24,46.24,46.24,600,27744.00
2022/07/05,0945,46.24,46.24,46.24,46.24,800,36992.00
2022/07/05,0946,46.24,46.24,46.24,46.24,0,0.00
2022/07/05,0947,46.24,46.24,46.24,46.24,200,9248.00
2022/07/05,0948,46.24,46.24,46.24,46.24,0,0.00
2022/07/05,0949,46.24,46.24,46.24,46.24,0,0.00
2022/07/05,0950,46.24,46.24,46.24,46.24,0,0.00
2022/07/05,0951,46.24,46.24,46.24,46.24,100,4624.00
2022/07/05,0952,46.24,46.24,46.24,46.24,500,23120.00
2022/07/05,0953,46.24,46.24,46.24,46.24,0,0.00
2022/07/05,0954,46.24,46.24,46.24,46.24,0,0.00
2022/07/05,0955,46.24,46.24,46.24,46.24,600,27744.00
2022/07/05,0956,46.24,46.24,46.24,46.24,0,0.00
2022/07/05,0957,46.24,46.24,46.24,46.24,0,0.00
2022/07/05,0958,46.24,46.24,46.24,46.24,0,0.00
2022/07/05,0959,46.24,46.24,46.24,46.24,0,0.00
2022/07/05,1000,46.24,46.24,46.24,46.24,100,4624.00
2022/07/05,1001,46.24,46.24,46.24,46.24,600,27744.00
2022/07/05,1002,46.24,46.24,46.24,46.24,500,23120.00
2022/07/05,1003,46.24,46.24,46.24,46.24,100,4624.00
2022/07/05,1004,46.24,46.24,46.24,46.24,0,0.00
2022/07/05,1005,46.24,46.24,46.24,46.24,0,0.00
2022/07/05,1006,46.24,46.24,46.24,46.24,0,0.00
2022/07/05,1007,46.24,46.24,46.24,46.24,0,0.00
2022/07/05,1008,46.24,46.24,46.24,46.24,0,0.00
2022/07/05,1009,46.24,46.24,46.24,46.24,100,4624.00
2022/07/05,1010,46.24,46.24,46.24,46.24,0,0.00
2022/07/05,1011,46.24,46.24,46.24,46.24,0,0.00
2022/07/05,1012,46.24,46.24,46.24,46.24,0,0.00
2022/07/05,1013,46.24,46.24,46.24,46.24,0,0.00
2022/07/05,1014,46.24,46.24,46.24,46.24,0,0.00
2022/07/05,1015,46.24,46.24,46.24,46.24,300,13872.00
2022/07/05,1016,46.24,46.24,46.24,46.24,0,0.00
2022/07/05,1017,46.24,46.24,46.24,46.24,0,0.00
2022/07/05,1018,46.24,46.24,46.24,46.24,0,0.00
2022/07/05,1019,46.24,46.24,46.24,46.24,500,23120.00
2022/07/05,1020,46.24,46.24,46.24,46.24,0,0.00
2022/07/05,1021,46.24,46.24,46.24,46.24,0,0.00
2022/07/05,1022,46.24,46.24,46.24,46.24,0,0.00
2022/07/05,1023,46.24,46.24,46.24,46.24,0,0.00
2022/07/05,1024,46.24,46.24,46.24,46.24,0,0.00
2022/07/05,1025,46.24,46.24,46.24,46.24,0,0.00
2022/07/05,1026,46.24,46.24,46.24,46.24,0,0.00
2022/07/05,1027,46.24,46.24,46.24,46.24,0,0.00
2022/07/05,1028,46.24,46.24,46.24,46.24,500,23120.00
2022/07/05,1029,46.24,46.24,46.24,46.24,1000,46240.00
2022/07/05,1030,46.24,46.24,46.24,46.24,0,0.00
2022/07/05,1031,46.24,46.24,46.24,46.24,0,0.00
2022/07/05,1032,46.24,46.24,46.24,46.24,300,13872.00
2022/07/05,1033,46.24,46.24,46.24,46.24,0,0.00
2022/07/05,1034,46.24,46.24,46.24,46.24,100,4624.00
2022/07/05,1035,46.24,46.24,46.24,46.24,0,0.00
2022/07/05,1036,46.24,46.24,46.24,46.24,0,0.00
2022/07/05,1037,46.24,46.24,46.24,46.24,0,0.00
2022/07/05,1038,46.24,46.24,46.24,46.24,0,0.00
2022/07/05,1039,46.24,46.24,46.24,46.24,0,0.00
2022/07/05,1040,46.24,46.24,46.24,46.24,0,0.00
2022/07/05,1041,46.24,46.24,46.24,46.24,0,0.00
2022/07/05,1042,46.24,46.24,46.24,46.24,0,0.00
2022/07/05,1043,46.24,46.24,46.24,46.24,500,23120.00
2022/07/05,1044,46.24,46.24,46.24,46.24,0,0.00
2022/07/05,1045,46.24,46.24,46.24,46.24,0,0.00
2022/07/05,1046,46.24,46.24,46.24,46.24,0,0.00
2022/07/05,1047,46.24,46.24,46.24,46.24,0,0.00
2022/07/05,1048,46.24,46.24,46.24,46.24,0,0.00
2022/07/05,1049,46.24,46.24,46.24,46.24,0,0.00
2022/07/05,1050,46.24,46.24,46.24,46.24,0,0.00
2022/07/05,1051,46.24,46.24,46.24,46.24,0,0.00
2022/07/05,1052,46.24,46.24,46.24,46.24,0,0.00
2022/07/05,1053,46.24,46.24,46.24,46.24,0,0.00
2022/07/05,1054,46.24,46.24,46.24,46.24,0,0.00
2022/07/05,1055,46.24,46.24,46.24,46.24,0,0.00
2022/07/05,1056,46.24,46.24,46.24,46.24,0,0.00
2022/07/05,1057,46.24,46.24,46.24,46.24,0,0.00
2022/07/05,1058,46.24,46.24,46.24,46.24,0,0.00
2022/07/05,1059,46.24,46.24,46.24,46.24,0,0.00
2022/07/05,1100,46.24,46.24,46.24,46.24,0,0.00
2022/07/05,1101,46.24,46.24,46.24,46.24,0,0.00
2022/07/05,1102,46.24,46.24,46.24,46.24,0,0.00
2022/07/05,1103,46.24,46.24,46.24,46.24,0,0.00
2022/07/05,1104,46.24,46.24,46.24,46.24,500,23120.00
2022/07/05,1105,46.24,46.24,46.24,46.24,200,9248.00
2022/07/05,1106,46.24,46.24,46.24,46.24,0,0.00
2022/07/05,1107,46.24,46.24,46.24,46.24,0,0.00
2022/07/05,1108,46.24,46.24,46.24,46.24,0,0.00
2022/07/05,1109,46.24,46.24,46.24,46.24,0,0.00
2022/07/05,1110,46.24,46.24,46.24,46.24,0,0.00
2022/07/05,1111,46.24,46.24,46.24,46.24,0,0.00
2022/07/05,1112,46.24,46.24,46.24,46.24,0,0.00
2022/07/05,1113,46.24,46.24,46.24,46.24,100,4624.00
2022/07/05,1114,46.24,46.24,46.24,46.24,100,4624.00
2022/07/05,1115,46.24,46.24,46.24,46.24,100,4624.00
2022/07/05,1116,46.24,46.24,46.24,46.24,0,0.00
2022/07/05,1117,46.24,46.24,46.24,46.24,0,0.00
2022/07/05,1118,46.24,46.24,46.24,46.24,0,0.00
2022/07/05,1119,46.24,46.24,46.24,46.24,0,0.00
2022/07/05,1120,46.24,46.24,46.24,46.24,0,0.00
2022/07/05,1121,46.24,46.24,46.24,46.24,500,23120.00
2022/07/05,1122,46.24,46.24,46.24,46.24,0,0.00
2022/07/05,1123,46.24,46.24,46.24,46.24,100,4624.00
2022/07/05,1124,46.24,46.24,46.24,46.24,100,4624.00
2022/07/05,1125,46.24,46.24,46.24,46.24,300,13872.00
2022/07/05,1126,46.24,46.24,46.24,46.24,0,0.00
2022/07/05,1127,46.24,46.24,46.24,46.24,0,0.00
2022/07/05,1128,46.24,46.24,46.24,46.24,0,0.00
2022/07/05,1129,46.24,46.24,46.24,46.24,0,0.00
2022/07/05,1130,46.24,46.24,46.24,46.24,0,0.00
2022/07/05,1301,46.24,46.24,46.24,46.24,700,32368.00
2022/07/05,1302,46.24,46.24,46.24,46.24,0,0.00
2022/07/05,1303,46.24,46.24,46.24,46.24,0,0.00
2022/07/05,1304,46.24,46.24,46.24,46.24,0,0.00
2022/07/05,1305,46.24,46.24,46.24,46.24,0,0.00
2022/07/05,1306,46.24,46.24,46.24,46.24,0,0.00
2022/07/05,1307,46.24,46.24,46.24,46.24,0,0.00
2022/07/05,1308,46.24,46.24,46.24,46.24,0,0.00
2022/07/05,1309,46.24,46.24,46.24,46.24,0,0.00
2022/07/05,1310,46.24,46.24,46.24,46.24,0,0.00
2022/07/05,1311,46.24,46.24,46.24,46.24,0,0.00
2022/07/05,1312,46.24,46.24,46.24,46.24,0,0.00
2022/07/05,1313,46.24,46.24,46.24,46.24,0,0.00
2022/07/05,1314,46.24,46.24,46.24,46.24,0,0.00
2022/07/05,1315,46.24,46.24,46.24,46.24,0,0.00
2022/07/05,1316,46.24,46.24,46.24,46.24,0,0.00
2022/07/05,1317,46.24,46.24,46.24,46.24,0,0.00
2022/07/05,1318,46.24,46.24,46.24,46.24,0,0.00
2022/07/05,1319,46.24,46.24,46.24,46.24,0,0.00
2022/07/05,1320,46.24,46.24,46.24,46.24,0,0.00
2022/07/05,1321,46.24,46.24,46.24,46.24,0,0.00
2022/07/05,1322,46.24,46.24,46.24,46.24,0,0.00
2022/07/05,1323,46.24,46.24,46.24,46.24,0,0.00
2022/07/05,1324,46.24,46.24,46.24,46.24,0,0.00
2022/07/05,1325,46.24,46.24,46.24,46.24,0,0.00
2022/07/05,1326,46.24,46.24,46.24,46.24,0,0.00
2022/07/05,1327,46.24,46.24,46.24,46.24,0,0.00
2022/07/05,1328,46.24,46.24,46.24,46.24,0,0.00
2022/07/05,1329,46.24,46.24,46.24,46.24,0,0.00
2022/07/05,1330,46.24,46.24,46.24,46.24,100,4624.00
2022/07/05,1331,46.24,46.24,46.24,46.24,0,0.00
2022/07/05,1332,46.24,46.24,46.24,46.24,0,0.00
2022/07/05,1333,46.24,46.24,46.24,46.24,0,0.00
2022/07/05,1334,46.24,46.24,46.24,46.24,0,0.00
2022/07/05,1335,46.24,46.24,46.24,46.24,0,0.00
2022/07/05,1336,46.24,46.24,46.24,46.24,0,0.00
2022/07/05,1337,46.24,46.24,46.24,46.24,0,0.00
2022/07/05,1338,46.24,46.24,46.24,46.24,0,0.00
2022/07/05,1339,46.24,46.24,46.24,46.24,0,0.00
2022/07/05,1340,46.24,46.24,46.24,46.24,0,0.00
2022/07/05,1341,46.24,46.24,46.24,46.24,0,0.00
2022/07/05,1342,46.24,46.24,46.24,46.24,0,0.00
2022/07/05,1343,46.24,46.24,46.24,46.24,0,0.00
2022/07/05,1344,46.24,46.24,46.24,46.24,0,0.00
2022/07/05,1345,46.24,46.24,46.24,46.24,0,0.00
2022/07/05,1346,46.24,46.24,46.24,46.24,0,0.00
2022/07/05,1347,46.24,46.24,46.24,46.24,0,0.00
2022/07/05,1348,46.24,46.24,46.24,46.24,0,0.00
2022/07/05,1349,46.24,46.24,46.24,46.24,0,0.00
2022/07/05,1350,46.24,46.24,46.24,46.24,0,0.00
2022/07/05,1351,46.24,46.24,46.24,46.24,0,0.00
2022/07/05,1352,46.24,46.24,46.24,46.24,0,0.00
2022/07/05,1353,46.24,46.24,46.24,46.24,0,0.00
2022/07/05,1354,46.24,46.24,46.24,46.24,0,0.00
2022/07/05,1355,46.24,46.24,46.24,46.24,0,0.00
2022/07/05,1356,46.24,46.24,46.24,46.24,0,0.00
2022/07/05,1357,46.24,46.24,46.24,46.24,0,0.00
2022/07/05,1358,46.24,46.24,46.24,46.24,200,9248.00
2022/07/05,1359,46.24,46.24,46.24,46.24,0,0.00
2022/07/05,1400,46.24,46.24,46.24,46.24,100,4624.00
2022/07/05,1401,46.24,46.24,46.24,46.24,500,23120.00
2022/07/05,1402,46.24,46.24,46.24,46.24,0,0.00
2022/07/05,1403,46.24,46.24,46.24,46.24,0,0.00
2022/07/05,1404,46.24,46.24,46.24,46.24,700,32368.00
2022/07/05,1405,46.24,46.24,46.24,46.24,500,23120.00
2022/07/05,1406,46.24,46.24,46.24,46.24,0,0.00
2022/07/05,1407,46.24,46.24,46.24,46.24,0,0.00
2022/07/05,1408,46.24,46.24,46.24,46.24,200,9248.00
2022/07/05,1409,46.24,46.24,46.24,46.24,100,4624.00
2022/07/05,1410,46.24,46.24,46.24,46.24,0,0.00
2022/07/05,1411,46.24,46.24,46.24,46.24,0,0.00
2022/07/05,1412,46.24,46.24,46.24,46.24,0,0.00
2022/07/05,1413,46.24,46.24,46.24,46.24,0,0.00
2022/07/05,1414,46.24,46.24,46.24,46.24,0,0.00
2022/07/05,1415,46.24,46.24,46.24,46.24,0,0.00
2022/07/05,1416,46.24,46.24,46.24,46.24,0,0.00
2022/07/05,1417,46.24,46.24,46.24,46.24,0,0.00
2022/07/05,1418,46.24,46.24,46.24,46.24,0,0.00
2022/07/05,1419,46.24,46.24,46.24,46.24,0,0.00
2022/07/05,1420,46.24,46.24,46.24,46.24,300,13872.00
2022/07/05,1421,46.24,46.24,46.24,46.24,0,0.00
2022/07/05,1422,46.24,46.24,46.24,46.24,500,23120.00
2022/07/05,1423,46.24,46.24,46.24,46.24,0,0.00
2022/07/05,1424,46.24,46.24,46.24,46.24,0,0.00
2022/07/05,1425,46.24,46.24,46.24,46.24,0,0.00
2022/07/05,1426,46.24,46.24,46.24,46.24,0,0.00
2022/07/05,1427,46.24,46.24,46.24,46.24,0,0.00
2022/07/05,1428,46.24,46.24,46.24,46.24,0,0.00
2022/07/05,1429,46.24,46.24,46.24,46.24,0,0.00
2022/07/05,1430,46.24,46.24,46.24,46.24,0,0.00
2022/07/05,1431,46.24,46.24,46.24,46.24,0,0.00
2022/07/05,1432,46.24,46.24,46.24,46.24,0,0.00
2022/07/05,1433,46.24,46.24,46.24,46.24,0,0.00
2022/07/05,1434,46.24,46.24,46.24,46.24,0,0.00
2022/07/05,1435,46.24,46.24,46.24,46.24,0,0.00
2022/07/05,1436,46.24,46.24,46.24,46.24,0,0.00
2022/07/05,1437,46.24,46.24,46.24,46.24,0,0.00
2022/07/05,1438,46.24,46.24,46.24,46.24,0,0.00
2022/07/05,1439,46.24,46.24,46.24,46.24,0,0.00
2022/07/05,1440,46.24,46.24,46.24,46.24,0,0.00
2022/07/05,1441,46.24,46.24,46.24,46.24,0,0.00
2022/07/05,1442,46.24,46.24,46.24,46.24,0,0.00
2022/07/05,1443,46.24,46.24,46.24,46.24,500,23120.00
2022/07/05,1444,46.24,46.24,46.24,46.24,0,0.00
2022/07/05,1445,46.24,46.24,46.24,46.24,0,0.00
2022/07/05,1446,46.24,46.24,46.24,46.24,0,0.00
2022/07/05,1447,46.24,46.24,46.24,46.24,100,4624.00
2022/07/05,1448,46.24,46.24,46.24,46.24,0,0.00
2022/07/05,1449,46.24,46.24,46.24,46.24,200,9248.00
2022/07/05,1450,46.24,46.24,46.24,46.24,0,0.00
2022/07/05,1451,46.24,46.24,46.24,46.24,500,23120.00
2022/07/05,1452,46.24,46.24,46.24,46.24,0,0.00
2022/07/05,1453,46.24,46.24,46.24,46.24,0,0.00
2022/07/05,1454,46.24,46.24,46.24,46.24,300,13872.00
2022/07/05,1455,46.24,46.24,46.24,46.24,300,13872.00
2022/07/05,1456,46.24,46.24,46.24,46.24,1200,55488.00
2022/07/05,1457,46.24,46.24,46.24,46.24,2200,101728.00
2022/07/05,1458,46.24,46.24,46.24,46.24,500,23120.00
2022/07/05,1459,46.24,46.24,46.24,46.24,0,0.00
2022/07/05,1500,46.24,46.24,46.24,46.24,3400,157216.00
2022/07/06,0931,50.86,50.86,50.86,50.86,34700,1764842.00
2022/07/06,0932,50.86,50.86,50.86,50.86,2400,122064.00
2022/07/06,0933,50.86,50.86,50.86,50.86,2800,142408.00
2022/07/06,0934,50.86,50.86,50.86,50.86,2300,116978.00
2022/07/06,0935,50.86,50.86,50.86,50.86,500,25430.00
2022/07/06,0936,50.86,50.86,50.86,50.86,600,30516.00
2022/07/06,0937,50.86,50.86,50.86,50.86,1700,86462.00
2022/07/06,0938,50.86,50.86,50.86,50.86,2400,122064.00
2022/07/06,0939,50.86,50.86,50.86,50.86,900,45774.00
2022/07/06,0940,50.86,50.86,50.86,50.86,500,25430.00
2022/07/06,0941,50.86,50.86,50.86,50.86,600,30516.00
2022/07/06,0942,50.86,50.86,50.86,50.86,500,25430.00
2022/07/06,0943,50.86,50.86,50.86,50.86,300,15258.00
2022/07/06,0944,50.86,50.86,50.86,50.86,0,0.00
2022/07/06,0945,50.86,50.86,50.86,50.86,0,0.00
2022/07/06,0946,50.86,50.86,50.86,50.86,200,10172.00
2022/07/06,0947,50.86,50.86,50.86,50.86,0,0.00
2022/07/06,0948,50.86,50.86,50.86,50.86,500,25430.00
2022/07/06,0949,50.86,50.86,50.86,50.86,0,0.00
2022/07/06,0950,50.86,50.86,50.86,50.86,0,0.00
2022/07/06,0951,50.86,50.86,50.86,50.86,700,35602.00
2022/07/06,0952,50.86,50.86,50.86,50.86,500,25430.00
2022/07/06,0953,50.86,50.86,50.86,50.86,0,0.00
2022/07/06,0954,50.86,50.86,50.86,50.86,0,0.00
2022/07/06,0955,50.86,50.86,50.86,50.86,0,0.00
2022/07/06,0956,50.86,50.86,50.86,50.86,700,35602.00
2022/07/06,0957,50.86,50.86,50.86,50.86,300,15258.00
2022/07/06,0958,50.86,50.86,50.86,50.86,0,0.00
2022/07/06,0959,50.86,50.86,50.86,50.86,700,35602.00
2022/07/06,1000,50.86,50.86,50.86,50.86,600,30516.00
2022/07/06,1001,50.86,50.86,50.86,50.86,0,0.00
2022/07/06,1002,50.86,50.86,50.86,50.86,100,5086.00
2022/07/06,1003,50.86,50.86,50.86,50.86,200,10172.00
2022/07/06,1004,50.86,50.86,50.86,50.86,1200,61032.00
2022/07/06,1005,50.86,50.86,50.86,50.86,1000,50860.00
2022/07/06,1006,50.86,50.86,50.86,50.86,700,35602.00
2022/07/06,1007,50.86,50.86,50.86,50.86,1000,50860.00
2022/07/06,1008,50.86,50.86,50.86,50.86,800,40688.00
2022/07/06,1009,50.86,50.86,50.86,50.86,2500,127150.00
2022/07/06,1010,50.86,50.86,50.86,50.86,600,30516.00
2022/07/06,1011,50.86,50.86,50.86,50.86,800,40688.00
2022/07/06,1012,50.86,50.86,50.86,50.86,0,0.00
2022/07/06,1013,50.86,50.86,50.86,50.86,600,30516.00
2022/07/06,1014,50.86,50.86,50.86,50.86,200,10172.00
2022/07/06,1015,50.86,50.86,50.86,50.86,0,0.00
2022/07/06,1016,50.86,50.86,50.86,50.86,200,10172.00
2022/07/06,1017,50.86,50.86,50.86,50.86,600,30516.00
2022/07/06,1018,50.86,50.86,50.86,50.86,400,20344.00
2022/07/06,1019,50.86,50.86,50.86,50.86,0,0.00
2022/07/06,1020,50.86,50.86,50.86,50.86,0,0.00
2022/07/06,1021,50.86,50.86,50.86,50.86,0,0.00
2022/07/06,1022,50.86,50.86,50.86,50.86,0,0.00
2022/07/06,1023,50.86,50.86,50.86,50.86,500,25430.00
2022/07/06,1024,50.86,50.86,50.86,50.86,0,0.00
2022/07/06,1025,50.86,50.86,50.86,50.86,800,40688.00
2022/07/06,1026,50.86,50.86,50.86,50.86,100,5086.00
2022/07/06,1027,50.86,50.86,50.86,50.86,0,0.00
2022/07/06,1028,50.86,50.86,50.86,50.86,0,0.00
2022/07/06,1029,50.86,50.86,50.86,50.86,0,0.00
2022/07/06,1030,50.86,50.86,50.86,50.86,200,10172.00
2022/07/06,1031,50.86,50.86,50.86,50.86,0,0.00
2022/07/06,1032,50.86,50.86,50.86,50.86,0,0.00
2022/07/06,1033,50.86,50.86,50.86,50.86,500,25430.00
2022/07/06,1034,50.86,50.86,50.86,50.86,0,0.00
2022/07/06,1035,50.86,50.86,50.86,50.86,0,0.00
2022/07/06,1036,50.86,50.86,50.86,50.86,200,10172.00
2022/07/06,1037,50.86,50.86,50.86,50.86,200,10172.00
2022/07/06,1038,50.86,50.86,50.86,50.86,0,0.00
2022/07/06,1039,50.86,50.86,50.86,50.86,0,0.00
2022/07/06,1040,50.86,50.86,50.86,50.86,0,0.00
2022/07/06,1041,50.86,50.86,50.86,50.86,0,559.46
2022/07/06,1042,50.86,50.86,50.86,50.86,0,0.00
2022/07/06,1043,50.86,50.86,50.86,50.86,0,0.00
2022/07/06,1044,50.86,50.86,50.86,50.86,0,0.00
2022/07/06,1045,50.86,50.86,50.86,50.86,0,0.00
2022/07/06,1046,50.86,50.86,50.86,50.86,0,0.00
2022/07/06,1047,50.86,50.86,50.86,50.86,500,25430.00
2022/07/06,1048,50.86,50.86,50.86,50.86,0,0.00
2022/07/06,1049,50.86,50.86,50.86,50.86,0,0.00
2022/07/06,1050,50.86,50.86,50.86,50.86,0,0.00
2022/07/06,1051,50.86,50.86,50.86,50.86,0,0.00
2022/07/06,1052,50.86,50.86,50.86,50.86,500,25430.00
2022/07/06,1053,50.86,50.86,50.86,50.86,100,5086.00
2022/07/06,1054,50.86,50.86,50.86,50.86,0,0.00
2022/07/06,1055,50.86,50.86,50.86,50.86,0,0.00
2022/07/06,1056,50.86,50.86,50.86,50.86,100,5086.00
2022/07/06,1057,50.86,50.86,50.86,50.86,0,0.00
2022/07/06,1058,50.86,50.86,50.86,50.86,100,5086.00
2022/07/06,1059,50.86,50.86,50.86,50.86,0,0.00
2022/07/06,1100,50.86,50.86,50.86,50.86,0,0.00
2022/07/06,1101,50.86,50.86,50.86,50.86,0,0.00
2022/07/06,1102,50.86,50.86,50.86,50.86,0,0.00
2022/07/06,1103,50.86,50.86,50.86,50.86,0,0.00
2022/07/06,1104,50.86,50.86,50.86,50.86,300,15258.00
2022/07/06,1105,50.86,50.86,50.86,50.86,0,0.00
2022/07/06,1106,50.86,50.86,50.86,50.86,0,0.00
2022/07/06,1107,50.86,50.86,50.86,50.86,500,25430.00
2022/07/06,1108,50.86,50.86,50.86,50.86,0,0.00
2022/07/06,1109,50.86,50.86,50.86,50.86,0,0.00
2022/07/06,1110,50.86,50.86,50.86,50.86,0,0.00
2022/07/06,1111,50.86,50.86,50.86,50.86,0,0.00
2022/07/06,1112,50.86,50.86,50.86,50.86,0,0.00
2022/07/06,1113,50.86,50.86,50.86,50.86,0,0.00
2022/07/06,1114,50.86,50.86,50.86,50.86,500,25430.00
2022/07/06,1115,50.86,50.86,50.86,50.86,0,0.00
2022/07/06,1116,50.86,50.86,50.86,50.86,0,0.00
2022/07/06,1117,50.86,50.86,50.86,50.86,0,0.00
2022/07/06,1118,50.86,50.86,50.86,50.86,0,0.00
2022/07/06,1119,50.86,50.86,50.86,50.86,0,0.00
2022/07/06,1120,50.86,50.86,50.86,50.86,0,0.00
2022/07/06,1121,50.86,50.86,50.86,50.86,100,5086.00
2022/07/06,1122,50.86,50.86,50.86,50.86,0,0.00
2022/07/06,1123,50.86,50.86,50.86,50.86,0,0.00
2022/07/06,1124,50.86,50.86,50.86,50.86,500,25430.00
2022/07/06,1125,50.86,50.86,50.86,50.86,0,0.00
2022/07/06,1126,50.86,50.86,50.86,50.86,0,0.00
2022/07/06,1127,50.86,50.86,50.86,50.86,0,0.00
2022/07/06,1128,50.86,50.86,50.86,50.86,0,0.00
2022/07/06,1129,50.86,50.86,50.86,50.86,0,0.00
2022/07/06,1130,50.86,50.86,50.86,50.86,0,0.00
2022/07/06,1301,50.86,50.86,50.86,50.86,600,30516.00
2022/07/06,1302,50.86,50.86,50.86,50.86,500,25430.00
2022/07/06,1303,50.86,50.86,50.86,50.86,100,5086.00
2022/07/06,1304,50.86,50.86,50.86,50.86,0,0.00
2022/07/06,1305,50.86,50.86,50.86,50.86,0,0.00
2022/07/06,1306,50.86,50.86,50.86,50.86,500,25430.00
2022/07/06,1307,50.86,50.86,50.86,50.86,0,0.00
2022/07/06,1308,50.86,50.86,50.86,50.86,500,25430.00
2022/07/06,1309,50.86,50.86,50.86,50.86,0,0.00
2022/07/06,1310,50.86,50.86,50.86,50.86,0,0.00
2022/07/06,1311,50.86,50.86,50.86,50.86,0,0.00
2022/07/06,1312,50.86,50.86,50.86,50.86,0,0.00
2022/07/06,1313,50.86,50.86,50.86,50.86,0,0.00
2022/07/06,1314,50.86,50.86,50.86,50.86,0,0.00
2022/07/06,1315,50.86,50.86,50.86,50.86,0,0.00
2022/07/06,1316,50.86,50.86,50.86,50.86,0,0.00
2022/07/06,1317,50.86,50.86,50.86,50.86,0,0.00
2022/07/06,1318,50.86,50.86,50.86,50.86,300,15258.00
2022/07/06,1319,50.86,50.86,50.86,50.86,0,0.00
2022/07/06,1320,50.86,50.86,50.86,50.86,0,0.00
2022/07/06,1321,50.86,50.86,50.86,50.86,0,0.00
2022/07/06,1322,50.86,50.86,50.86,50.86,0,0.00
2022/07/06,1323,50.86,50.86,50.86,50.86,0,0.00
2022/07/06,1324,50.86,50.86,50.86,50.86,0,0.00
2022/07/06,1325,50.86,50.86,50.86,50.86,0,0.00
2022/07/06,1326,50.86,50.86,50.86,50.86,0,0.00
2022/07/06,1327,50.86,50.86,50.86,50.86,0,0.00
2022/07/06,1328,50.86,50.86,50.86,50.86,0,0.00
2022/07/06,1329,50.86,50.86,50.86,50.86,0,0.00
2022/07/06,1330,50.86,50.86,50.86,50.86,0,0.00
2022/07/06,1331,50.86,50.86,50.86,50.86,200,10172.00
2022/07/06,1332,50.86,50.86,50.86,50.86,0,0.00
2022/07/06,1333,50.86,50.86,50.86,50.86,0,0.00
2022/07/06,1334,50.86,50.86,50.86,50.86,0,0.00
2022/07/06,1335,50.86,50.86,50.86,50.86,500,25430.00
2022/07/06,1336,50.86,50.86,50.86,50.86,0,0.00
2022/07/06,1337,50.86,50.86,50.86,50.86,0,0.00
2022/07/06,1338,50.86,50.86,50.86,50.86,0,0.00
2022/07/06,1339,50.86,50.86,50.86,50.86,0,0.00
2022/07/06,1340,50.86,50.86,50.86,50.86,0,0.00
2022/07/06,1341,50.86,50.86,50.86,50.86,0,0.00
2022/07/06,1342,50.86,50.86,50.86,50.86,0,0.00
2022/07/06,1343,50.86,50.86,50.86,50.86,0,0.00
2022/07/06,1344,50.86,50.86,50.86,50.86,0,0.00
2022/07/06,1345,50.86,50.86,50.86,50.86,0,0.00
2022/07/06,1346,50.86,50.86,50.86,50.86,0,0.00
2022/07/06,1347,50.86,50.86,50.86,50.86,0,0.00
2022/07/06,1348,50.86,50.86,50.86,50.86,0,0.00
2022/07/06,1349,50.86,50.86,50.86,50.86,0,0.00
2022/07/06,1350,50.86,50.86,50.86,50.86,0,0.00
2022/07/06,1351,50.86,50.86,50.86,50.86,0,0.00
2022/07/06,1352,50.86,50.86,50.86,50.86,0,0.00
2022/07/06,1353,50.86,50.86,50.86,50.86,0,0.00
2022/07/06,1354,50.86,50.86,50.86,50.86,100,5086.00
2022/07/06,1355,50.86,50.86,50.86,50.86,0,0.00
2022/07/06,1356,50.86,50.86,50.86,50.86,100,5086.00
2022/07/06,1357,50.86,50.86,50.86,50.86,0,0.00
2022/07/06,1358,50.86,50.86,50.86,50.86,0,0.00
2022/07/06,1359,50.86,50.86,50.86,50.86,0,0.00
2022/07/06,1400,50.86,50.86,50.86,50.86,0,0.00
2022/07/06,1401,50.86,50.86,50.86,50.86,0,0.00
2022/07/06,1402,50.86,50.86,50.86,50.86,0,0.00
2022/07/06,1403,50.86,50.86,50.86,50.86,500,25430.00
2022/07/06,1404,50.86,50.86,50.86,50.86,0,0.00
2022/07/06,1405,50.86,50.86,50.86,50.86,0,0.00
2022/07/06,1406,50.86,50.86,50.86,50.86,300,15258.00
2022/07/06,1407,50.86,50.86,50.86,50.86,0,0.00
2022/07/06,1408,50.86,50.86,50.86,50.86,100,5086.00
2022/07/06,1409,50.86,50.86,50.86,50.86,0,0.00
2022/07/06,1410,50.86,50.86,50.86,50.86,0,0.00
2022/07/06,1411,50.86,50.86,50.86,50.86,0,0.00
2022/07/06,1412,50.86,50.86,50.86,50.86,0,0.00
2022/07/06,1413,50.86,50.86,50.86,50.86,0,0.00
2022/07/06,1414,50.86,50.86,50.86,50.86,0,0.00
2022/07/06,1415,50.86,50.86,50.86,50.86,0,0.00
2022/07/06,1416,50.86,50.86,50.86,50.86,0,0.00
2022/07/06,1417,50.86,50.86,50.86,50.86,500,25430.00
2022/07/06,1418,50.86,50.86,50.86,50.86,500,25430.00
2022/07/06,1419,50.86,50.86,50.86,50.86,0,0.00
2022/07/06,1420,50.86,50.86,50.86,50.86,0,0.00
2022/07/06,1421,50.86,50.86,50.86,50.86,0,0.00
2022/07/06,1422,50.86,50.86,50.86,50.86,0,0.00
2022/07/06,1423,50.86,50.86,50.86,50.86,0,0.00
2022/07/06,1424,50.86,50.86,50.86,50.86,800,40688.00
2022/07/06,1425,50.86,50.86,50.86,50.86,0,0.00
2022/07/06,1426,50.86,50.86,50.86,50.86,0,0.00
2022/07/06,1427,50.86,50.86,50.86,50.86,0,0.00
2022/07/06,1428,50.86,50.86,50.86,50.86,800,40688.00
2022/07/06,1429,50.86,50.86,50.86,50.86,700,35602.00
2022/07/06,1430,50.86,50.86,50.86,50.86,500,25430.00
2022/07/06,1431,50.86,50.86,50.86,50.86,300,15258.00
2022/07/06,1432,50.86,50.86,50.86,50.86,600,30516.00
2022/07/06,1433,50.86,50.86,50.86,50.86,0,0.00
2022/07/06,1434,50.86,50.86,50.86,50.86,200,10172.00
2022/07/06,1435,50.86,50.86,50.86,50.86,800,40688.00
2022/07/06,1436,50.86,50.86,50.86,50.86,600,30516.00
2022/07/06,1437,50.86,50.86,50.86,50.86,1300,66118.00
2022/07/06,1438,50.86,50.86,50.86,50.86,500,25430.00
2022/07/06,1439,50.86,50.86,50.86,50.86,200,10172.00
2022/07/06,1440,50.86,50.86,50.86,50.86,500,25430.00
2022/07/06,1441,50.86,50.86,50.86,50.86,500,25430.00
2022/07/06,1442,50.86,50.86,50.86,50.86,200,10172.00
2022/07/06,1443,50.86,50.86,50.86,50.86,200,10172.00
2022/07/06,1444,50.86,50.86,50.86,50.86,500,25430.00
2022/07/06,1445,50.86,50.86,50.86,50.86,1200,61032.00
2022/07/06,1446,50.86,50.86,50.86,50.86,1600,81376.00
2022/07/06,1447,50.86,50.86,50.86,50.86,500,25430.00
2022/07/06,1448,50.86,50.86,50.86,50.86,400,20344.00
2022/07/06,1449,50.86,50.86,50.86,50.86,500,25430.00
2022/07/06,1450,50.86,50.86,50.86,50.86,500,25430.00
2022/07/06,1451,50.86,50.86,50.86,50.86,1200,61032.00
2022/07/06,1452,50.86,50.86,50.86,50.86,3100,157666.00
2022/07/06,1453,50.86,50.86,50.86,50.86,2500,127150.00
2022/07/06,1454,50.86,50.86,50.86,50.86,1300,66118.00
2022/07/06,1455,50.86,50.86,50.86,50.86,6500,330590.00
2022/07/06,1456,50.86,50.86,50.86,50.86,2800,142408.00
2022/07/06,1457,50.86,50.86,50.86,50.86,1800,91548.00
2022/07/06,1458,50.86,50.86,50.86,50.86,500,25430.00
2022/07/06,1459,50.86,50.86,50.86,50.86,0,0.00
2022/07/06,1500,50.86,50.86,50.86,50.86,6200,316603.50
2022/07/07,0931,55.95,55.95,55.95,55.95,64800,3625560.00
2022/07/07,0932,55.95,55.95,55.95,55.95,6000,335700.00
2022/07/07,0933,55.95,55.95,55.95,55.95,3300,184635.00
2022/07/07,0934,55.95,55.95,55.95,55.95,6400,358080.00
2022/07/07,0935,55.95,55.95,55.95,55.95,1800,100710.00
2022/07/07,0936,55.95,55.95,55.95,55.95,2200,123090.00
2022/07/07,0937,55.95,55.95,55.95,55.95,1700,95115.00
2022/07/07,0938,55.95,55.95,55.95,55.95,2400,134280.00
2022/07/07,0939,55.95,55.95,55.95,55.95,2000,111900.00
2022/07/07,0940,55.95,55.95,55.95,55.95,4300,240585.00
2022/07/07,0941,55.95,55.95,55.95,55.95,6400,358080.00
2022/07/07,0942,55.95,55.95,55.95,55.95,3600,201420.00
2022/07/07,0943,55.95,55.95,55.95,55.95,1300,72735.00
2022/07/07,0944,55.95,55.95,55.95,55.95,3700,207015.00
2022/07/07,0945,55.95,55.95,55.95,55.95,1500,83925.00
2022/07/07,0946,55.95,55.95,55.95,55.95,1900,106305.00
2022/07/07,0947,55.95,55.95,55.95,55.95,4500,251775.00
2022/07/07,0948,55.95,55.95,55.95,55.95,3800,212610.00
2022/07/07,0949,55.95,55.95,55.95,55.95,1500,83925.00
2022/07/07,0950,55.95,55.95,55.95,55.95,3700,207015.00
2022/07/07,0951,55.95,55.95,55.95,55.95,1100,61545.00
2022/07/07,0952,55.95,55.95,55.95,55.95,1900,106305.00
2022/07/07,0953,55.95,55.95,55.95,55.95,1100,61545.00
2022/07/07,0954,55.95,55.95,55.95,55.95,2600,145470.00
2022/07/07,0955,55.95,55.95,55.95,55.95,5100,285345.00
2022/07/07,0956,55.95,55.95,55.95,55.95,3700,207015.00
2022/07/07,0957,55.95,55.95,55.95,55.95,3600,201420.00
2022/07/07,0958,55.95,55.95,55.95,55.95,2600,145470.00
2022/07/07,0959,55.95,55.95,55.95,55.95,4500,251775.00
2022/07/07,1000,55.95,55.95,55.95,55.95,1100,61545.00
2022/07/07,1001,55.95,55.95,55.95,55.95,8600,481170.00
2022/07/07,1002,55.95,55.95,55.95,55.95,2900,162255.00
2022/07/07,1003,55.95,55.95,55.95,55.95,1300,72735.00
2022/07/07,1004,55.95,55.95,55.95,55.95,1200,67140.00
2022/07/07,1005,55.95,55.95,55.95,55.95,2800,156660.00
2022/07/07,1006,55.95,55.95,55.95,55.95,1000,55950.00
2022/07/07,1007,55.95,55.95,55.95,55.95,2300,128685.00
2022/07/07,1008,55.95,55.95,55.95,55.95,1900,106305.00
2022/07/07,1009,55.95,55.95,55.95,55.95,1200,67140.00
2022/07/07,1010,55.95,55.95,55.95,55.95,800,44760.00
2022/07/07,1011,55.95,55.95,55.95,55.95,200,11190.00
2022/07/07,1012,55.95,55.95,55.95,55.95,600,33570.00
2022/07/07,1013,55.95,55.95,55.95,55.95,500,27975.00
2022/07/07,1014,55.95,55.95,55.95,55.95,0,0.00
2022/07/07,1015,55.95,55.95,55.95,55.95,1100,61545.00
2022/07/07,1016,55.95,55.95,55.95,55.95,4400,246180.00
2022/07/07,1017,55.95,55.95,55.95,55.95,6300,352485.00
2022/07/07,1018,55.95,55.95,55.95,55.95,2600,145470.00
2022/07/07,1019,55.95,55.95,55.95,55.95,3700,207015.00
2022/07/07,1020,55.95,55.95,55.95,55.95,1900,106305.00
2022/07/07,1021,55.95,55.95,55.95,55.95,2400,134280.00
2022/07/07,1022,55.95,55.95,55.95,55.95,2500,139875.00
2022/07/07,1023,55.95,55.95,55.95,55.95,4000,223800.00
2022/07/07,1024,55.95,55.95,55.95,55.95,1400,78330.00
2022/07/07,1025,55.95,55.95,55.95,55.95,2700,151065.00
2022/07/07,1026,55.95,55.95,55.95,55.95,2800,156660.00
2022/07/07,1027,55.95,55.95,55.95,55.95,1100,61545.00
2022/07/07,1028,55.95,55.95,55.95,55.95,2300,128685.00
2022/07/07,1029,55.95,55.95,55.95,55.95,3800,212610.00
2022/07/07,1030,55.95,55.95,55.95,55.95,2400,134280.00
2022/07/07,1031,55.95,55.95,55.95,55.95,0,0.00
2022/07/07,1032,55.95,55.95,55.95,55.95,1600,89520.00
2022/07/07,1033,55.95,55.95,55.95,55.95,400,22380.00
2022/07/07,1034,55.95,55.95,55.95,55.95,1300,74637.30
2022/07/07,1035,55.95,55.95,55.95,55.95,500,27975.00
2022/07/07,1036,55.95,55.95,55.95,55.95,200,11190.00
2022/07/07,1037,55.95,55.95,55.95,55.95,1500,83925.00
2022/07/07,1038,55.95,55.95,55.95,55.95,600,33570.00
2022/07/07,1039,55.95,55.95,55.95,55.95,400,22380.00
2022/07/07,1040,55.95,55.95,55.95,55.95,0,0.00
2022/07/07,1041,55.95,55.95,55.95,55.95,200,11190.00
2022/07/07,1042,55.95,55.95,55.95,55.95,300,16785.00
2022/07/07,1043,55.95,55.95,55.95,55.95,1700,95115.00
2022/07/07,1044,55.95,55.95,55.95,55.95,600,33570.00
2022/07/07,1045,55.95,55.95,55.95,55.95,500,27975.00
2022/07/07,1046,55.95,55.95,55.95,55.95,600,33570.00
2022/07/07,1047,55.95,55.95,55.95,55.95,1000,55950.00
2022/07/07,1048,55.95,55.95,55.95,55.95,0,0.00
2022/07/07,1049,55.95,55.95,55.95,55.95,700,39165.00
2022/07/07,1050,55.95,55.95,55.95,55.95,0,0.00
2022/07/07,1051,55.95,55.95,55.95,55.95,300,16785.00
2022/07/07,1052,55.95,55.95,55.95,55.95,100,5595.00
2022/07/07,1053,55.95,55.95,55.95,55.95,200,11190.00
2022/07/07,1054,55.95,55.95,55.95,55.95,0,0.00
2022/07/07,1055,55.95,55.95,55.95,55.95,1200,64846.05
2022/07/07,1056,55.95,55.95,55.95,55.95,100,5595.00
2022/07/07,1057,55.95,55.95,55.95,55.95,0,0.00
2022/07/07,1058,55.95,55.95,55.95,55.95,500,27975.00
2022/07/07,1059,55.95,55.95,55.95,55.95,200,11190.00
2022/07/07,1100,55.95,55.95,55.95,55.95,500,27975.00
2022/07/07,1101,55.95,55.95,55.95,55.95,500,27975.00
2022/07/07,1102,55.95,55.95,55.95,55.95,100,5595.00
2022/07/07,1103,55.95,55.95,55.95,55.95,500,27975.00
2022/07/07,1104,55.95,55.95,55.95,55.95,0,0.00
2022/07/07,1105,55.95,55.95,55.95,55.95,200,11190.00
2022/07/07,1106,55.95,55.95,55.95,55.95,100,5595.00
2022/07/07,1107,55.95,55.95,55.95,55.95,300,16785.00
2022/07/07,1108,55.95,55.95,55.95,55.95,200,11190.00
2022/07/07,1109,55.95,55.95,55.95,55.95,0,0.00
2022/07/07,1110,55.95,55.95,55.95,55.95,700,39165.00
2022/07/07,1111,55.95,55.95,55.95,55.95,1000,55950.00
2022/07/07,1112,55.95,55.95,55.95,55.95,0,0.00
2022/07/07,1113,55.95,55.95,55.95,55.95,0,0.00
2022/07/07,1114,55.95,55.95,55.95,55.95,500,27975.00
2022/07/07,1115,55.95,55.95,55.95,55.95,500,27975.00
2022/07/07,1116,55.95,55.95,55.95,55.95,0,0.00
2022/07/07,1117,55.95,55.95,55.95,55.95,500,27975.00
2022/07/07,1118,55.95,55.95,55.95,55.95,800,44760.00
2022/07/07,1119,55.95,55.95,55.95,55.95,0,0.00
2022/07/07,1120,55.95,55.95,55.95,55.95,200,11190.00
2022/07/07,1121,55.95,55.95,55.95,55.95,800,44760.00
2022/07/07,1122,55.95,55.95,55.95,55.95,200,11190.00
2022/07/07,1123,55.95,55.95,55.95,55.95,200,11190.00
2022/07/07,1124,55.95,55.95,55.95,55.95,100,5595.00
2022/07/07,1125,55.95,55.95,55.95,55.95,0,0.00
2022/07/07,1126,55.95,55.95,55.95,55.95,1200,67140.00
2022/07/07,1127,55.95,55.95,55.95,55.95,100,5595.00
2022/07/07,1128,55.95,55.95,55.95,55.95,100,5595.00
2022/07/07,1129,55.95,55.95,55.95,55.95,1400,78330.00
2022/07/07,1130,55.95,55.95,55.95,55.95,0,0.00
2022/07/07,1301,55.95,55.95,55.95,55.95,2600,145470.00
2022/07/07,1302,55.95,55.95,55.95,55.95,0,0.00
2022/07/07,1303,55.95,55.95,55.95,55.95,500,27975.00
2022/07/07,1304,55.95,55.95,55.95,55.95,800,44760.00
2022/07/07,1305,55.95,55.95,55.95,55.95,100,5595.00
2022/07/07,1306,55.95,55.95,55.95,55.95,400,22380.00
2022/07/07,1307,55.95,55.95,55.95,55.95,300,16785.00
2022/07/07,1308,55.95,55.95,55.95,55.95,500,27975.00
2022/07/07,1309,55.95,55.95,55.95,55.95,0,0.00
2022/07/07,1310,55.95,55.95,55.95,55.95,0,0.00
2022/07/07,1311,55.95,55.95,55.95,55.95,0,0.00
2022/07/07,1312,55.95,55.95,55.95,55.95,800,44760.00
2022/07/07,1313,55.95,55.95,55.95,55.95,800,44760.00
2022/07/07,1314,55.95,55.95,55.95,55.95,100,5595.00
2022/07/07,1315,55.95,55.95,55.95,55.95,0,0.00
2022/07/07,1316,55.95,55.95,55.95,55.95,0,0.00
2022/07/07,1317,55.95,55.95,55.95,55.95,100,5595.00
2022/07/07,1318,55.95,55.95,55.95,55.95,600,33570.00
2022/07/07,1319,55.95,55.95,55.95,55.95,100,5595.00
2022/07/07,1320,55.95,55.95,55.95,55.95,200,11190.00
2022/07/07,1321,55.95,55.95,55.95,55.95,0,0.00
2022/07/07,1322,55.95,55.95,55.95,55.95,0,0.00
2022/07/07,1323,55.95,55.95,55.95,55.95,500,27975.00
2022/07/07,1324,55.95,55.95,55.95,55.95,0,0.00
2022/07/07,1325,55.95,55.95,55.95,55.95,100,5595.00
2022/07/07,1326,55.95,55.95,55.95,55.95,0,0.00
2022/07/07,1327,55.95,55.95,55.95,55.95,0,0.00
2022/07/07,1328,55.95,55.95,55.95,55.95,200,11190.00
2022/07/07,1329,55.95,55.95,55.95,55.95,200,11190.00
2022/07/07,1330,55.95,55.95,55.95,55.95,500,27975.00
2022/07/07,1331,55.95,55.95,55.95,55.95,0,0.00
2022/07/07,1332,55.95,55.95,55.95,55.95,0,0.00
2022/07/07,1333,55.95,55.95,55.95,55.95,400,22380.00
2022/07/07,1334,55.95,55.95,55.95,55.95,700,39165.00
2022/07/07,1335,55.95,55.95,55.95,55.95,0,0.00
2022/07/07,1336,55.95,55.95,55.95,55.95,0,0.00
2022/07/07,1337,55.95,55.95,55.95,55.95,0,0.00
2022/07/07,1338,55.95,55.95,55.95,55.95,0,0.00
2022/07/07,1339,55.95,55.95,55.95,55.95,0,0.00
2022/07/07,1340,55.95,55.95,55.95,55.95,0,0.00
2022/07/07,1341,55.95,55.95,55.95,55.95,0,0.00
2022/07/07,1342,55.95,55.95,55.95,55.95,1200,67140.00
2022/07/07,1343,55.95,55.95,55.95,55.95,100,5595.00
2022/07/07,1344,55.95,55.95,55.95,55.95,1000,55950.00
2022/07/07,1345,55.95,55.95,55.95,55.95,0,0.00
2022/07/07,1346,55.95,55.95,55.95,55.95,700,39165.00
2022/07/07,1347,55.95,55.95,55.95,55.95,700,39165.00
2022/07/07,1348,55.95,55.95,55.95,55.95,500,27975.00
2022/07/07,1349,55.95,55.95,55.95,55.95,0,0.00
2022/07/07,1350,55.95,55.95,55.95,55.95,1300,72735.00
2022/07/07,1351,55.95,55.95,55.95,55.95,600,33570.00
2022/07/07,1352,55.95,55.95,55.95,55.95,100,5595.00
2022/07/07,1353,55.95,55.95,55.95,55.95,900,50355.00
2022/07/07,1354,55.95,55.95,55.95,55.95,300,16785.00
2022/07/07,1355,55.95,55.95,55.95,55.95,0,0.00
2022/07/07,1356,55.95,55.95,55.95,55.95,0,0.00
2022/07/07,1357,55.95,55.95,55.95,55.95,100,5595.00
2022/07/07,1358,55.95,55.95,55.95,55.95,400,22380.00
2022/07/07,1359,55.95,55.95,55.95,55.95,500,27975.00
2022/07/07,1400,55.95,55.95,55.95,55.95,600,33570.00
2022/07/07,1401,55.95,55.95,55.95,55.95,0,0.00
2022/07/07,1402,55.95,55.95,55.95,55.95,0,0.00
2022/07/07,1403,55.95,55.95,55.95,55.95,400,22380.00
2022/07/07,1404,55.95,55.95,55.95,55.95,500,27975.00
2022/07/07,1405,55.95,55.95,55.95,55.95,0,0.00
2022/07/07,1406,55.95,55.95,55.95,55.95,0,0.00
2022/07/07,1407,55.95,55.95,55.95,55.95,0,0.00
2022/07/07,1408,55.95,55.95,55.95,55.95,0,0.00
2022/07/07,1409,55.95,55.95,55.95,55.95,0,0.00
2022/07/07,1410,55.95,55.95,55.95,55.95,300,16785.00
2022/07/07,1411,55.95,55.95,55.95,55.95,0,0.00
2022/07/07,1412,55.95,55.95,55.95,55.95,200,11190.00
2022/07/07,1413,55.95,55.95,55.95,55.95,300,16785.00
2022/07/07,1414,55.95,55.95,55.95,55.95,0,0.00
2022/07/07,1415,55.95,55.95,55.95,55.95,0,0.00
2022/07/07,1416,55.95,55.95,55.95,55.95,500,27975.00
2022/07/07,1417,55.95,55.95,55.95,55.95,400,22380.00
2022/07/07,1418,55.95,55.95,55.95,55.95,200,11190.00
2022/07/07,1419,55.95,55.95,55.95,55.95,100,5595.00
2022/07/07,1420,55.95,55.95,55.95,55.95,100,5595.00
2022/07/07,1421,55.95,55.95,55.95,55.95,500,27975.00
2022/07/07,1422,55.95,55.95,55.95,55.95,300,16785.00
2022/07/07,1423,55.95,55.95,55.95,55.95,1800,100710.00
2022/07/07,1424,55.95,55.95,55.95,55.95,0,0.00
2022/07/07,1425,55.95,55.95,55.95,55.95,1100,61545.00
2022/07/07,1426,55.95,55.95,55.95,55.95,200,11190.00
2022/07/07,1427,55.95,55.95,55.95,55.95,100,5595.00
2022/07/07,1428,55.95,55.95,55.95,55.95,200,11190.00
2022/07/07,1429,55.95,55.95,55.95,55.95,0,0.00
2022/07/07,1430,55.95,55.95,55.95,55.95,400,22380.00
2022/07/07,1431,55.95,55.95,55.95,55.95,700,39165.00
2022/07/07,1432,55.95,55.95,55.95,55.95,400,22380.00
2022/07/07,1433,55.95,55.95,55.95,55.95,500,27975.00
2022/07/07,1434,55.95,55.95,55.95,55.95,100,5595.00
2022/07/07,1435,55.95,55.95,55.95,55.95,600,33570.00
2022/07/07,1436,55.95,55.95,55.95,55.95,0,0.00
2022/07/07,1437,55.95,55.95,55.95,55.95,700,39165.00
2022/07/07,1438,55.95,55.95,55.95,55.95,300,16785.00
2022/07/07,1439,55.95,55.95,55.95,55.95,500,27975.00
2022/07/07,1440,55.95,55.95,55.95,55.95,600,33570.00
2022/07/07,1441,55.95,55.95,55.95,55.95,700,39165.00
2022/07/07,1442,55.95,55.95,55.95,55.95,1100,61545.00
2022/07/07,1443,55.95,55.95,55.95,55.95,600,33570.00
2022/07/07,1444,55.95,55.95,55.95,55.95,700,39165.00
2022/07/07,1445,55.95,55.95,55.95,55.95,1000,55950.00
2022/07/07,1446,55.95,55.95,55.95,55.95,0,0.00
2022/07/07,1447,55.95,55.95,55.95,55.95,0,0.00
2022/07/07,1448,55.95,55.95,55.95,55.95,100,5595.00
2022/07/07,1449,55.95,55.95,55.95,55.95,300,16785.00
2022/07/07,1450,55.95,55.95,55.95,55.95,1000,55950.00
2022/07/07,1451,55.95,55.95,55.95,55.95,1100,61545.00
2022/07/07,1452,55.95,55.95,55.95,55.95,1700,95115.00
2022/07/07,1453,55.95,55.95,55.95,55.95,1900,106305.00
2022/07/07,1454,55.95,55.95,55.95,55.95,600,33570.00
2022/07/07,1455,55.95,55.95,55.95,55.95,1200,67140.00
2022/07/07,1456,55.95,55.95,55.95,55.95,1700,95115.00
2022/07/07,1457,55.95,55.95,55.95,55.95,1500,83925.00
2022/07/07,1458,55.95,55.95,55.95,55.95,0,0.00
2022/07/07,1459,55.95,55.95,55.95,55.95,0,0.00
2022/07/07,1500,55.95,55.95,55.95,55.95,3400,190230.00
2022/07/08,0931,61.55,61.55,61.55,61.55,161700,9952635.00
2022/07/08,0932,61.55,61.55,61.55,61.55,20900,1286395.00
2022/07/08,0933,61.55,61.55,61.55,61.55,12100,744755.00
2022/07/08,0934,61.55,61.55,61.55,61.55,6200,381610.00
2022/07/08,0935,61.55,61.55,61.55,61.55,6500,400075.00
2022/07/08,0936,61.55,61.55,61.55,61.55,2400,147720.00
2022/07/08,0937,61.55,61.55,61.55,61.55,6900,424695.00
2022/07/08,0938,61.55,61.55,61.55,61.55,6900,424695.00
2022/07/08,0939,61.55,61.55,61.55,61.55,5600,344680.00
2022/07/08,0940,61.55,61.55,61.55,61.55,2600,160030.00
2022/07/08,0941,61.55,61.55,61.55,61.55,100,6155.00
2022/07/08,0942,61.55,61.55,61.55,61.55,2000,123100.00
2022/07/08,0943,61.55,61.55,61.55,61.55,1300,80015.00
2022/07/08,0944,61.55,61.55,61.55,61.55,900,55395.00
2022/07/08,0945,61.55,61.55,61.55,61.55,2300,141565.00
2022/07/08,0946,61.55,61.55,61.55,61.55,1800,110790.00
2022/07/08,0947,61.55,61.55,61.55,61.55,3600,221580.00
2022/07/08,0948,61.55,61.55,61.55,61.55,500,30775.00
2022/07/08,0949,61.55,61.55,61.55,61.55,300,18465.00
2022/07/08,0950,61.55,61.55,61.55,61.55,500,30775.00
2022/07/08,0951,61.55,61.55,61.55,61.55,700,43085.00
2022/07/08,0952,61.55,61.55,61.55,61.55,1000,61550.00
2022/07/08,0953,61.55,61.55,61.55,61.55,100,6155.00
2022/07/08,0954,61.55,61.55,61.55,61.55,200,12310.00
2022/07/08,0955,61.55,61.55,61.55,61.55,1600,98480.00
2022/07/08,0956,61.55,61.55,61.55,61.55,1800,110790.00
2022/07/08,0957,61.55,61.55,61.55,61.55,800,49240.00
2022/07/08,0958,61.55,61.55,61.55,61.55,100,6155.00
2022/07/08,0959,61.55,61.55,61.55,61.55,0,0.00
2022/07/08,1000,61.55,61.55,61.55,61.55,1300,80015.00
2022/07/08,1001,61.55,61.55,61.55,61.55,700,43085.00
2022/07/08,1002,61.55,61.55,61.55,61.55,200,12310.00
2022/07/08,1003,61.55,61.55,61.55,61.55,1200,73860.00
2022/07/08,1004,61.55,61.55,61.55,61.55,0,0.00
2022/07/08,1005,61.55,61.55,61.55,61.55,100,6155.00
2022/07/08,1006,61.55,61.55,61.55,61.55,1600,98480.00
2022/07/08,1007,61.55,61.55,61.55,61.55,500,30775.00
2022/07/08,1008,61.55,61.55,61.55,61.55,0,0.00
2022/07/08,1009,61.55,61.55,61.55,61.55,0,0.00
2022/07/08,1010,61.55,61.55,61.55,61.55,100,6155.00
2022/07/08,1011,61.55,61.55,61.55,61.55,500,30775.00
2022/07/08,1012,61.55,61.55,61.55,61.55,400,24620.00
2022/07/08,1013,61.55,61.55,61.55,61.55,600,36930.00
2022/07/08,1014,61.55,61.55,61.55,61.55,400,24620.00
2022/07/08,1015,61.55,61.55,61.55,61.55,600,36930.00
2022/07/08,1016,61.55,61.55,61.55,61.55,0,0.00
2022/07/08,1017,61.55,61.55,61.55,61.55,0,0.00
2022/07/08,1018,61.55,61.55,61.55,61.55,100,6155.00
2022/07/08,1019,61.55,61.55,61.55,61.55,300,18465.00
2022/07/08,1020,61.55,61.55,61.55,61.55,100,6155.00
2022/07/08,1021,61.55,61.55,61.55,61.55,0,0.00
2022/07/08,1022,61.55,61.55,61.55,61.55,600,36930.00
2022/07/08,1023,61.55,61.55,61.55,61.55,400,24620.00
2022/07/08,1024,61.55,61.55,61.55,61.55,200,12310.00
2022/07/08,1025,61.55,61.55,61.55,61.55,0,0.00
2022/07/08,1026,61.55,61.55,61.55,61.55,0,0.00
2022/07/08,1027,61.55,61.55,61.55,61.55,600,36930.00
2022/07/08,1028,61.55,61.55,61.55,61.55,500,30775.00
2022/07/08,1029,61.55,61.55,61.55,61.55,0,0.00
2022/07/08,1030,61.55,61.55,61.55,61.55,1600,98480.00
2022/07/08,1031,61.55,61.55,61.55,61.55,0,0.00
2022/07/08,1032,61.55,61.55,61.55,61.55,0,0.00
2022/07/08,1033,61.55,61.55,61.55,61.55,200,12310.00
2022/07/08,1034,61.55,61.55,61.55,61.55,0,0.00
2022/07/08,1035,61.55,61.55,61.55,61.55,0,0.00
2022/07/08,1036,61.55,61.55,61.55,61.55,500,30775.00
2022/07/08,1037,61.55,61.55,61.55,61.55,0,0.00
2022/07/08,1038,61.55,61.55,61.55,61.55,0,0.00
2022/07/08,1039,61.55,61.55,61.55,61.55,0,0.00
2022/07/08,1040,61.55,61.55,61.55,61.55,0,0.00
2022/07/08,1041,61.55,61.55,61.55,61.55,0,0.00
2022/07/08,1042,61.55,61.55,61.55,61.55,300,18465.00
2022/07/08,1043,61.55,61.55,61.55,61.55,0,0.00
2022/07/08,1044,61.55,61.55,61.55,61.55,0,0.00
2022/07/08,1045,61.55,61.55,61.55,61.55,0,0.00
2022/07/08,1046,61.55,61.55,61.55,61.55,0,0.00
2022/07/08,1047,61.55,61.55,61.55,61.55,400,24620.00
2022/07/08,1048,61.55,61.55,61.55,61.55,600,36930.00
2022/07/08,1049,61.55,61.55,61.55,61.55,0,0.00
2022/07/08,1050,61.55,61.55,61.55,61.55,0,0.00
2022/07/08,1051,61.55,61.55,61.55,61.55,100,6155.00
2022/07/08,1052,61.55,61.55,61.55,61.55,0,0.00
2022/07/08,1053,61.55,61.55,61.55,61.55,0,0.00
2022/07/08,1054,61.55,61.55,61.55,61.55,0,0.00
2022/07/08,1055,61.55,61.55,61.55,61.55,0,0.00
2022/07/08,1056,61.55,61.55,61.55,61.55,500,30775.00
2022/07/08,1057,61.55,61.55,61.55,61.55,0,0.00
2022/07/08,1058,61.55,61.55,61.55,61.55,0,0.00
2022/07/08,1059,61.55,61.55,61.55,61.55,0,0.00
2022/07/08,1100,61.55,61.55,61.55,61.55,0,0.00
2022/07/08,1101,61.55,61.55,61.55,61.55,0,0.00
2022/07/08,1102,61.55,61.55,61.55,61.55,0,0.00
2022/07/08,1103,61.55,61.55,61.55,61.55,0,0.00
2022/07/08,1104,61.55,61.55,61.55,61.55,700,43085.00
2022/07/08,1105,61.55,61.55,61.55,61.55,0,0.00
2022/07/08,1106,61.55,61.55,61.55,61.55,0,0.00
2022/07/08,1107,61.55,61.55,61.55,61.55,600,36930.00
2022/07/08,1108,61.55,61.55,61.55,61.55,100,6155.00
2022/07/08,1109,61.55,61.55,61.55,61.55,0,0.00
2022/07/08,1110,61.55,61.55,61.55,61.55,500,30775.00
2022/07/08,1111,61.55,61.55,61.55,61.55,0,0.00
2022/07/08,1112,61.55,61.55,61.55,61.55,100,5785.70
2022/07/08,1113,61.55,61.55,61.55,61.55,0,0.00
2022/07/08,1114,61.55,61.55,61.55,61.55,300,18465.00
2022/07/08,1115,61.55,61.55,61.55,61.55,0,0.00
2022/07/08,1116,61.55,61.55,61.55,61.55,0,0.00
2022/07/08,1117,61.55,61.55,61.55,61.55,0,0.00
2022/07/08,1118,61.55,61.55,61.55,61.55,0,0.00
2022/07/08,1119,61.55,61.55,61.55,61.55,0,0.00
2022/07/08,1120,61.55,61.55,61.55,61.55,0,0.00
2022/07/08,1121,61.55,61.55,61.55,61.55,0,0.00
2022/07/08,1122,61.55,61.55,61.55,61.55,100,6155.00
2022/07/08,1123,61.55,61.55,61.55,61.55,300,18465.00
2022/07/08,1124,61.55,61.55,61.55,61.55,0,0.00
2022/07/08,1125,61.55,61.55,61.55,61.55,0,0.00
2022/07/08,1126,61.55,61.55,61.55,61.55,0,0.00
2022/07/08,1127,61.55,61.55,61.55,61.55,0,0.00
2022/07/08,1128,61.55,61.55,61.55,61.55,0,0.00
2022/07/08,1129,61.55,61.55,61.55,61.55,0,0.00
2022/07/08,1130,61.55,61.55,61.55,61.55,0,0.00
2022/07/08,1301,61.55,61.55,61.55,61.55,3300,203115.00
2022/07/08,1302,61.55,61.55,61.55,61.55,0,0.00
2022/07/08,1303,61.55,61.55,61.55,61.55,0,0.00
2022/07/08,1304,61.55,61.55,61.55,61.55,0,0.00
2022/07/08,1305,61.55,61.55,61.55,61.55,0,0.00
2022/07/08,1306,61.55,61.55,61.55,61.55,0,0.00
2022/07/08,1307,61.55,61.55,61.55,61.55,0,0.00
2022/07/08,1308,61.55,61.55,61.55,61.55,0,0.00
2022/07/08,1309,61.55,61.55,61.55,61.55,0,0.00
2022/07/08,1310,61.55,61.55,61.55,61.55,0,0.00
2022/07/08,1311,61.55,61.55,61.55,61.55,500,30775.00
2022/07/08,1312,61.55,61.55,61.55,61.55,500,30775.00
2022/07/08,1313,61.55,61.55,61.55,61.55,0,0.00
2022/07/08,1314,61.55,61.55,61.55,61.55,0,0.00
2022/07/08,1315,61.55,61.55,61.55,61.55,0,0.00
2022/07/08,1316,61.55,61.55,61.55,61.55,0,0.00
2022/07/08,1317,61.55,61.55,61.55,61.55,0,0.00
2022/07/08,1318,61.55,61.55,61.55,61.55,500,30775.00
2022/07/08,1319,61.55,61.55,61.55,61.55,0,0.00
2022/07/08,1320,61.55,61.55,61.55,61.55,100,6155.00
2022/07/08,1321,61.55,61.55,61.55,61.55,0,0.00
2022/07/08,1322,61.55,61.55,61.55,61.55,200,12310.00
2022/07/08,1323,61.55,61.55,61.55,61.55,400,24620.00
2022/07/08,1324,61.55,61.55,61.55,61.55,0,0.00
2022/07/08,1325,61.55,61.55,61.55,61.55,100,6155.00
2022/07/08,1326,61.55,61.55,61.55,61.55,0,0.00
2022/07/08,1327,61.55,61.55,61.55,61.55,100,6155.00
2022/07/08,1328,61.55,61.55,61.55,61.55,200,12310.00
2022/07/08,1329,61.55,61.55,61.55,61.55,500,30775.00
2022/07/08,1330,61.55,61.55,61.55,61.55,0,0.00
2022/07/08,1331,61.55,61.55,61.55,61.55,800,49240.00
2022/07/08,1332,61.55,61.55,61.55,61.55,0,0.00
2022/07/08,1333,61.55,61.55,61.55,61.55,1000,61550.00
2022/07/08,1334,61.55,61.55,61.55,61.55,500,30775.00
2022/07/08,1335,61.55,61.55,61.55,61.55,200,12310.00
2022/07/08,1336,61.55,61.55,61.55,61.55,0,0.00
2022/07/08,1337,61.55,61.55,61.55,61.55,100,6155.00
2022/07/08,1338,61.55,61.55,61.55,61.55,0,0.00
2022/07/08,1339,61.55,61.55,61.55,61.55,0,0.00
2022/07/08,1340,61.55,61.55,61.55,61.55,100,6155.00
2022/07/08,1341,61.55,61.55,61.55,61.55,0,0.00
2022/07/08,1342,61.55,61.55,61.55,61.55,0,0.00
2022/07/08,1343,61.55,61.55,61.55,61.55,100,6155.00
2022/07/08,1344,61.55,61.55,61.55,61.55,200,12310.00
2022/07/08,1345,61.55,61.55,61.55,61.55,0,0.00
2022/07/08,1346,61.55,61.55,61.55,61.55,0,0.00
2022/07/08,1347,61.55,61.55,61.55,61.55,0,0.00
2022/07/08,1348,61.55,61.55,61.55,61.55,300,18465.00
2022/07/08,1349,61.55,61.55,61.55,61.55,200,12310.00
2022/07/08,1350,61.55,61.55,61.55,61.55,0,0.00
2022/07/08,1351,61.55,61.55,61.55,61.55,400,24620.00
2022/07/08,1352,61.55,61.55,61.55,61.55,200,12310.00
2022/07/08,1353,61.55,61.55,61.55,61.55,500,30775.00
2022/07/08,1354,61.55,61.55,61.55,61.55,100,6155.00
2022/07/08,1355,61.55,61.55,61.55,61.55,0,0.00
2022/07/08,1356,61.55,61.55,61.55,61.55,200,12310.00
2022/07/08,1357,61.55,61.55,61.55,61.55,0,0.00
2022/07/08,1358,61.55,61.55,61.55,61.55,0,0.00
2022/07/08,1359,61.55,61.55,61.55,61.55,0,0.00
2022/07/08,1400,61.55,61.55,61.55,61.55,0,0.00
2022/07/08,1401,61.55,61.55,61.55,61.55,0,0.00
2022/07/08,1402,61.55,61.55,61.55,61.55,0,0.00
2022/07/08,1403,61.55,61.55,61.55,61.55,0,0.00
2022/07/08,1404,61.55,61.55,61.55,61.55,100,6155.00
2022/07/08,1405,61.55,61.55,61.55,61.55,0,0.00
2022/07/08,1406,61.55,61.55,61.55,61.55,0,0.00
2022/07/08,1407,61.55,61.55,61.55,61.55,0,0.00
2022/07/08,1408,61.55,61.55,61.55,61.55,0,0.00
2022/07/08,1409,61.55,61.55,61.55,61.55,500,30775.00
2022/07/08,1410,61.55,61.55,61.55,61.55,0,0.00
2022/07/08,1411,61.55,61.55,61.55,61.55,0,0.00
2022/07/08,1412,61.55,61.55,61.55,61.55,0,0.00
2022/07/08,1413,61.55,61.55,61.55,61.55,0,0.00
2022/07/08,1414,61.55,61.55,61.55,61.55,600,36930.00
2022/07/08,1415,61.55,61.55,61.55,61.55,500,30775.00
2022/07/08,1416,61.55,61.55,61.55,61.55,0,0.00
2022/07/08,1417,61.55,61.55,61.55,61.55,0,0.00
2022/07/08,1418,61.55,61.55,61.55,61.55,1100,67705.00
2022/07/08,1419,61.55,61.55,61.55,61.55,0,0.00
2022/07/08,1420,61.55,61.55,61.55,61.55,0,0.00
2022/07/08,1421,61.55,61.55,61.55,61.55,0,0.00
2022/07/08,1422,61.55,61.55,61.55,61.55,0,0.00
2022/07/08,1423,61.55,61.55,61.55,61.55,0,0.00
2022/07/08,1424,61.55,61.55,61.55,61.55,100,6155.00
2022/07/08,1425,61.55,61.55,61.55,61.55,100,6155.00
2022/07/08,1426,61.55,61.55,61.55,61.55,100,6155.00
2022/07/08,1427,61.55,61.55,61.55,61.55,600,36930.00
2022/07/08,1428,61.55,61.55,61.55,61.55,0,0.00
2022/07/08,1429,61.55,61.55,61.55,61.55,0,0.00
2022/07/08,1430,61.55,61.55,61.55,61.55,100,6155.00
2022/07/08,1431,61.55,61.55,61.55,61.55,1000,61550.00
2022/07/08,1432,61.55,61.55,61.55,61.55,0,0.00
2022/07/08,1433,61.55,61.55,61.55,61.55,0,0.00
2022/07/08,1434,61.55,61.55,61.55,61.55,0,0.00
2022/07/08,1435,61.55,61.55,61.55,61.55,0,0.00
2022/07/08,1436,61.55,61.55,61.55,61.55,500,30775.00
2022/07/08,1437,61.55,61.55,61.55,61.55,600,36930.00
2022/07/08,1438,61.55,61.55,61.55,61.55,700,43085.00
2022/07/08,1439,61.55,61.55,61.55,61.55,0,0.00
2022/07/08,1440,61.55,61.55,61.55,61.55,200,12310.00
2022/07/08,1441,61.55,61.55,61.55,61.55,0,0.00
2022/07/08,1442,61.55,61.55,61.55,61.55,700,43085.00
2022/07/08,1443,61.55,61.55,61.55,61.55,800,49240.00
2022/07/08,1444,61.55,61.55,61.55,61.55,100,6155.00
2022/07/08,1445,61.55,61.55,61.55,61.55,800,49240.00
2022/07/08,1446,61.55,61.55,61.55,61.55,600,36930.00
2022/07/08,1447,61.55,61.55,61.55,61.55,500,30775.00
2022/07/08,1448,61.55,61.55,61.55,61.55,1700,104635.00
2022/07/08,1449,61.55,61.55,61.55,61.55,1700,104635.00
2022/07/08,1450,61.55,61.55,61.55,61.55,1800,110790.00
2022/07/08,1451,61.55,61.55,61.55,61.55,1600,98480.00
2022/07/08,1452,61.55,61.55,61.55,61.55,0,0.00
2022/07/08,1453,61.55,61.55,61.55,61.55,2500,153875.00
2022/07/08,1454,61.55,61.55,61.55,61.55,2400,147720.00
2022/07/08,1455,61.55,61.55,61.55,61.55,1600,98480.00
2022/07/08,1456,61.55,61.55,61.55,61.55,4100,252355.00
2022/07/08,1457,61.55,61.55,61.55,61.55,2900,178495.00
2022/07/08,1458,61.55,61.55,61.55,61.55,200,12310.00
2022/07/08,1459,61.55,61.55,61.55,61.55,0,0.00
2022/07/08,1500,61.55,61.55,61.55,61.55,5500,338525.00
:
