2022/07/07,0931,61.10,63.30,61.10,62.20,588000,36343456.00
2022/07/07,0932,62.59,62.92,62.21,62.75,228100,14316509.00
2022/07/07,0933,62.80,62.81,62.50,62.50,171400,10752295.00
2022/07/07,0934,62.50,62.50,62.00,62.00,124600,7757532.50
2022/07/07,0935,62.00,62.00,61.43,61.50,87500,5395366.00
2022/07/07,0936,61.30,61.33,61.12,61.14,176200,10780717.00
2022/07/07,0937,61.10,61.10,60.70,60.73,138000,8416367.00
2022/07/07,0938,60.70,60.70,60.28,60.40,186300,11261549.00
2022/07/07,0939,60.43,60.70,60.40,60.70,227800,13784018.00
2022/07/07,0940,60.70,61.09,60.70,61.05,74800,4554207.00
2022/07/07,0941,61.12,61.60,61.10,61.60,69000,4224320.50
2022/07/07,0942,61.60,62.36,61.60,62.36,85000,5272000.00
2022/07/07,0943,62.38,62.80,62.33,62.80,116500,7299581.50
2022/07/07,0944,62.81,62.88,61.96,61.96,104700,6562830.50
2022/07/07,0945,61.92,61.92,61.35,61.46,66400,4091210.50
2022/07/07,0946,61.41,61.65,61.26,61.65,104500,6427773.50
2022/07/07,0947,61.60,62.00,61.60,62.00,62600,3869881.00
2022/07/07,0948,62.00,62.29,62.00,62.21,71300,4429413.00
2022/07/07,0949,62.26,62.46,62.18,62.20,60700,3781462.75
2022/07/07,0950,62.18,62.20,61.80,61.80,39300,2436817.00
2022/07/07,0951,61.76,61.80,61.55,61.55,33300,2053965.00
2022/07/07,0952,61.58,61.58,61.38,61.40,28200,1733653.00
2022/07/07,0953,61.43,61.51,61.38,61.51,49100,3020192.50
2022/07/07,0954,61.60,61.91,61.51,61.91,39300,2425120.00
2022/07/07,0955,61.95,62.07,61.92,62.07,59800,3705244.00
2022/07/07,0956,62.07,62.10,61.99,62.00,37100,2303922.00
2022/07/07,0957,62.00,62.00,61.78,61.80,17400,1077238.00
2022/07/07,0958,61.80,61.80,61.60,61.60,26600,1640979.13
2022/07/07,0959,61.60,61.64,61.52,61.55,26500,1631372.00
2022/07/07,1000,61.55,61.55,61.51,61.52,29700,1827283.00
2022/07/07,1001,61.52,61.54,61.51,61.53,26600,1636651.50
2022/07/07,1002,61.52,61.55,61.51,61.54,34500,2122701.00
2022/07/07,1003,61.55,61.55,61.52,61.52,22400,1378331.00
2022/07/07,1004,61.52,61.53,61.51,61.51,28800,1771673.00
2022/07/07,1005,61.51,61.53,61.51,61.53,40800,2509920.00
2022/07/07,1006,61.53,61.54,61.52,61.52,18100,1113569.00
2022/07/07,1007,61.52,61.52,61.51,61.52,35000,2152991.00
2022/07/07,1008,61.51,61.53,61.50,61.51,49100,3020458.25
2022/07/07,1009,61.50,61.51,61.48,61.48,28100,1728046.00
2022/07/07,1010,61.46,61.47,61.40,61.40,14500,890811.00
2022/07/07,1011,61.40,61.40,61.20,61.20,19400,1189795.88
2022/07/07,1012,61.20,61.20,61.00,61.02,17500,1069324.00
2022/07/07,1013,61.00,61.00,60.74,60.74,38400,2338321.00
2022/07/07,1014,60.70,60.70,60.51,60.51,34200,2072205.00
2022/07/07,1015,60.50,60.51,60.39,60.39,45100,2726101.75
2022/07/07,1016,60.39,60.39,60.28,60.28,37100,2236308.00
2022/07/07,1017,60.28,60.28,60.21,60.26,59300,3569505.25
2022/07/07,1018,60.28,60.32,60.27,60.32,36200,2182595.00
2022/07/07,1019,60.31,60.43,60.31,60.43,25300,1530970.75
2022/07/07,1020,60.45,60.78,60.45,60.78,22800,1381369.00
2022/07/07,1021,60.84,61.00,60.80,61.00,24300,1481082.75
2022/07/07,1022,61.04,61.13,61.02,61.13,21000,1279825.00
2022/07/07,1023,61.14,61.15,61.09,61.12,21200,1295873.00
2022/07/07,1024,61.09,61.10,60.99,60.99,14900,912656.38
2022/07/07,1025,60.89,60.92,60.58,60.60,14800,899720.19
2022/07/07,1026,60.58,60.58,60.36,60.36,11500,692332.19
2022/07/07,1027,60.36,60.36,60.28,60.28,31900,1924137.00
2022/07/07,1028,60.27,60.28,60.26,60.27,31400,1892681.00
2022/07/07,1029,60.26,60.36,60.26,60.36,33900,2048118.75
2022/07/07,1030,60.33,60.58,60.33,60.58,18200,1094609.00
2022/07/07,1031,60.58,60.78,60.58,60.78,12500,758187.00
2022/07/07,1032,60.76,60.81,60.76,60.76,13400,815691.63
2022/07/07,1033,60.76,60.77,60.62,60.62,24500,1488442.63
2022/07/07,1034,60.62,60.62,60.52,60.52,9900,599876.00
2022/07/07,1035,60.52,60.52,60.45,60.45,18900,1142607.00
2022/07/07,1036,60.46,60.48,60.40,60.40,23800,1438649.00
2022/07/07,1037,60.40,60.40,60.29,60.29,15500,935621.00
2022/07/07,1038,60.32,60.32,60.27,60.29,25700,1549372.00
2022/07/07,1039,60.30,60.31,60.29,60.31,23600,1423044.00
2022/07/07,1040,60.31,60.32,60.29,60.31,23000,1387031.00
2022/07/07,1041,60.32,60.32,60.30,60.30,12600,759868.00
2022/07/07,1042,60.29,60.30,60.28,60.28,17000,1024895.00
2022/07/07,1043,60.28,60.28,60.25,60.25,23800,1434325.00
2022/07/07,1044,60.27,60.28,60.25,60.26,27700,1669122.00
2022/07/07,1045,60.27,60.27,60.23,60.23,23000,1385563.00
2022/07/07,1046,60.23,60.23,60.21,60.22,18800,1132161.00
2022/07/07,1047,60.22,60.22,60.19,60.20,42500,2561752.50
2022/07/07,1048,60.19,60.20,60.08,60.08,17200,1034406.00
2022/07/07,1049,60.06,60.06,59.99,59.99,36000,2160499.00
2022/07/07,1050,59.98,59.98,59.60,59.60,23300,1395253.00
2022/07/07,1051,59.80,59.80,59.31,59.31,31300,1863931.00
2022/07/07,1052,59.30,59.30,59.00,59.00,51800,3062928.75
2022/07/07,1053,59.01,59.01,58.88,58.88,54800,3230912.00
2022/07/07,1054,58.88,58.88,58.77,58.77,49500,2912235.00
2022/07/07,1055,58.79,58.79,58.61,58.63,45600,2676573.00
2022/07/07,1056,58.65,58.71,58.63,58.71,100700,5902873.00
2022/07/07,1057,58.72,58.87,58.71,58.87,29800,1752005.00
2022/07/07,1058,58.86,59.12,58.86,59.12,37700,2223524.00
2022/07/07,1059,59.18,59.62,59.18,59.62,19500,1163276.38
2022/07/07,1100,59.68,60.00,59.68,59.99,37000,2217263.75
2022/07/07,1101,60.00,60.01,59.98,59.99,49600,2976430.00
2022/07/07,1102,59.98,59.98,59.36,59.36,9900,591936.00
2022/07/07,1103,59.57,59.57,59.18,59.18,20800,1229357.63
2022/07/07,1104,59.20,59.20,59.10,59.18,23400,1385299.00
2022/07/07,1105,59.15,59.20,59.11,59.20,18900,1118612.38
2022/07/07,1106,59.16,59.31,59.16,59.31,21100,1248139.38
2022/07/07,1107,59.34,59.68,59.34,59.68,10500,625030.00
2022/07/07,1108,59.79,59.88,59.68,59.88,18300,1094654.00
2022/07/07,1109,59.89,59.92,59.88,59.90,15700,940371.00
2022/07/07,1110,59.90,59.91,59.85,59.85,17700,1060068.00
2022/07/07,1111,59.87,59.87,59.53,59.53,6400,381929.00
2022/07/07,1112,59.52,59.52,59.35,59.35,13400,797250.00
2022/07/07,1113,59.35,59.35,59.31,59.32,14400,854201.00
2022/07/07,1114,59.30,59.30,59.19,59.20,12600,746199.00
2022/07/07,1115,59.21,59.22,59.18,59.19,13100,775441.00
2022/07/07,1116,59.20,59.26,59.19,59.26,18800,1113168.00
2022/07/07,1117,59.29,59.29,59.21,59.25,11500,681185.00
2022/07/07,1118,59.23,59.28,59.23,59.25,6600,391085.00
2022/07/07,1119,59.26,59.35,59.26,59.35,22400,1328392.00
2022/07/07,1120,59.35,59.50,59.35,59.50,5300,314852.00
2022/07/07,1121,59.50,59.87,59.50,59.86,15600,931171.00
2022/07/07,1122,59.87,59.88,59.80,59.80,18800,1125349.00
2022/07/07,1123,59.80,59.80,59.70,59.70,9100,543540.00
2022/07/07,1124,59.66,59.66,59.57,59.65,6900,411535.00
2022/07/07,1125,59.65,59.66,59.40,59.40,6200,369503.00
2022/07/07,1126,59.50,59.58,59.50,59.58,14400,860695.50
2022/07/07,1127,59.58,59.65,59.58,59.65,18300,1090945.00
2022/07/07,1128,59.65,59.70,59.65,59.69,19600,1169530.00
2022/07/07,1129,59.70,59.74,59.69,59.74,16000,955317.00
2022/07/07,1130,59.74,59.75,59.69,59.69,10400,621028.00
2022/07/07,1301,59.69,59.69,59.60,59.60,36800,2196093.00
2022/07/07,1302,59.60,59.65,59.60,59.61,5500,327875.00
2022/07/07,1303,59.60,59.61,59.55,59.55,10300,613755.00
2022/07/07,1304,59.50,59.55,59.40,59.41,8900,529263.00
2022/07/07,1305,59.40,59.40,59.38,59.38,14000,831354.00
2022/07/07,1306,59.39,59.39,59.31,59.31,7900,468923.00
2022/07/07,1307,59.30,59.30,59.21,59.21,9000,533290.00
2022/07/07,1308,59.21,59.21,59.16,59.17,14000,828671.00
2022/07/07,1309,59.16,59.16,59.07,59.09,10700,632538.00
2022/07/07,1310,59.06,59.07,58.99,58.99,21300,1256959.00
2022/07/07,1311,58.99,59.00,58.89,58.89,15700,925284.00
2022/07/07,1312,58.89,58.94,58.88,58.94,22700,1336946.00
2022/07/07,1313,58.94,58.96,58.90,58.93,10000,589201.00
2022/07/07,1314,58.93,58.96,58.91,58.95,16800,990153.00
2022/07/07,1315,58.95,59.01,58.95,59.01,25700,1517468.00
2022/07/07,1316,59.02,59.08,59.01,59.08,10900,643640.00
2022/07/07,1317,59.07,59.11,59.07,59.08,15800,933617.00
2022/07/07,1318,59.11,59.13,59.10,59.13,8800,520219.00
2022/07/07,1319,59.14,59.15,59.11,59.13,10700,632606.00
2022/07/07,1320,59.14,59.14,59.10,59.11,13500,798061.00
2022/07/07,1321,59.11,59.13,59.11,59.11,12800,756678.00
2022/07/07,1322,59.11,59.12,59.10,59.11,16000,945825.00
2022/07/07,1323,59.11,59.11,59.10,59.10,29400,1737579.00
2022/07/07,1324,59.10,59.10,59.07,59.07,24500,1447719.00
2022/07/07,1325,59.07,59.07,59.00,59.02,12300,726155.00
2022/07/07,1326,59.00,59.00,58.95,58.95,9200,542577.00
2022/07/07,1327,58.95,58.95,58.89,58.89,16400,967015.69
2022/07/07,1328,58.89,58.89,58.83,58.83,13500,794060.31
2022/07/07,1329,58.85,58.85,58.79,58.79,19200,1129252.00
2022/07/07,1330,58.79,58.79,58.73,58.73,16700,981416.19
2022/07/07,1331,58.73,58.74,58.71,58.72,23900,1399197.00
2022/07/07,1332,58.72,58.73,58.71,58.72,17900,1051069.00
2022/07/07,1333,58.72,58.73,58.71,58.72,19500,1145185.50
2022/07/07,1334,58.72,58.73,58.71,58.71,18700,1100433.00
2022/07/07,1335,58.71,58.72,58.71,58.71,13700,804399.00
2022/07/07,1336,58.72,58.72,58.71,58.71,20400,1195140.00
2022/07/07,1337,58.71,58.71,58.70,58.71,19300,1135638.50
2022/07/07,1338,58.71,58.89,58.70,58.89,46200,2712610.00
2022/07/07,1339,58.90,59.02,58.90,59.02,24100,1421303.00
2022/07/07,1340,59.03,59.11,59.03,59.11,24400,1441513.00
2022/07/07,1341,59.09,59.16,59.09,59.16,30200,1785832.00
2022/07/07,1342,59.16,59.20,59.16,59.17,15300,905363.00
2022/07/07,1343,59.18,59.18,59.15,59.15,20400,1207103.00
2022/07/07,1344,59.16,59.16,59.10,59.10,8100,479059.00
2022/07/07,1345,59.10,59.10,59.00,59.00,10500,620006.00
2022/07/07,1346,58.97,58.97,58.91,58.91,28000,1650874.00
2022/07/07,1347,58.90,58.94,58.90,58.92,12800,754074.00
2022/07/07,1348,58.94,58.94,58.91,58.94,10400,616749.75
2022/07/07,1349,58.93,58.94,58.92,58.92,8400,491115.97
2022/07/07,1350,58.92,58.94,58.92,58.94,10800,640339.38
2022/07/07,1351,58.95,58.95,58.93,58.94,9500,559926.00
2022/07/07,1352,58.94,58.95,58.92,58.92,15000,880179.31
2022/07/07,1353,58.92,58.95,58.92,58.94,12600,742666.00
2022/07/07,1354,58.94,58.95,58.93,58.93,9800,577642.00
2022/07/07,1355,58.94,58.95,58.93,58.94,8400,495086.00
2022/07/07,1356,58.93,58.94,58.92,58.93,11300,669921.56
2022/07/07,1357,58.93,58.94,58.92,58.92,11800,695420.00
2022/07/07,1358,58.93,58.93,58.92,58.92,16600,978166.00
2022/07/07,1359,58.93,58.93,58.91,58.91,11000,644088.75
2022/07/07,1400,58.91,58.92,58.89,58.89,15300,901305.00
2022/07/07,1401,58.89,58.90,58.86,58.86,10800,635820.00
2022/07/07,1402,58.83,58.86,58.81,58.81,10400,611819.00
2022/07/07,1403,58.80,58.81,58.72,58.73,17000,998993.00
2022/07/07,1404,58.73,58.73,58.70,58.70,22400,1316658.50
2022/07/07,1405,58.69,58.69,58.66,58.66,18700,1097220.00
2022/07/07,1406,58.66,58.66,58.63,58.63,20900,1223676.25
2022/07/07,1407,58.63,58.64,58.61,58.61,25600,1502661.13
2022/07/07,1408,58.61,58.61,58.57,58.58,19300,1130754.00
2022/07/07,1409,58.58,58.58,58.50,58.50,24300,1422068.38
2022/07/07,1410,58.48,58.48,58.28,58.28,20100,1172827.00
2022/07/07,1411,58.28,58.28,58.10,58.16,25300,1472407.00
2022/07/07,1412,58.10,58.14,58.00,58.00,41000,2379507.00
2022/07/07,1413,58.01,58.01,57.81,57.81,45200,2619687.00
2022/07/07,1414,57.83,57.83,57.64,57.65,47600,2748418.50
2022/07/07,1415,57.60,57.64,57.56,57.60,60300,3473432.75
2022/07/07,1416,57.60,57.60,57.55,57.57,46500,2677461.00
2022/07/07,1417,57.56,57.65,57.56,57.63,57400,3305802.00
2022/07/07,1418,57.66,57.90,57.66,57.90,27900,1613931.00
2022/07/07,1419,57.90,58.00,57.89,58.00,29600,1715989.00
2022/07/07,1420,58.01,58.15,58.01,58.14,22300,1293926.00
2022/07/07,1421,58.15,58.21,58.15,58.20,24400,1419720.00
2022/07/07,1422,58.21,58.37,58.21,58.37,22200,1293848.00
2022/07/07,1423,58.37,58.50,58.37,58.48,29800,1742499.00
2022/07/07,1424,58.50,58.51,58.40,58.45,36000,2105717.00
2022/07/07,1425,58.40,58.40,58.26,58.26,14800,863848.00
2022/07/07,1426,58.22,58.22,58.00,58.02,20000,1162416.00
2022/07/07,1427,58.00,58.00,57.80,57.80,12400,718077.00
2022/07/07,1428,57.80,57.80,57.68,57.70,29300,1691152.00
2022/07/07,1429,57.68,57.68,57.65,57.67,21600,1245407.00
2022/07/07,1430,57.66,57.76,57.66,57.76,21600,1246139.00
2022/07/07,1431,57.76,57.88,57.76,57.88,18900,1093948.75
2022/07/07,1432,57.88,57.99,57.88,57.99,15700,909539.00
2022/07/07,1433,57.99,58.02,57.98,58.02,33200,1925602.00
2022/07/07,1434,58.02,58.08,58.02,58.03,24100,1399113.00
2022/07/07,1435,58.02,58.03,57.96,57.96,26900,1560112.00
2022/07/07,1436,57.96,57.96,57.90,57.90,28700,1662568.00
2022/07/07,1437,57.90,57.90,57.81,57.81,16200,937495.00
2022/07/07,1438,57.85,57.85,57.81,57.83,29200,1688553.00
2022/07/07,1439,57.84,57.85,57.81,57.81,19000,1097480.75
2022/07/07,1440,57.81,57.82,57.77,57.77,21900,1266927.25
2022/07/07,1441,57.77,57.77,57.68,57.68,18900,1091046.00
2022/07/07,1442,57.68,57.68,57.60,57.60,31500,1815705.00
2022/07/07,1443,57.61,57.61,57.57,57.57,52300,3011841.00
2022/07/07,1444,57.57,57.57,57.51,57.52,35100,2019740.00
2022/07/07,1445,57.51,57.51,57.40,57.40,46200,2655534.00
2022/07/07,1446,57.39,57.40,57.28,57.30,33900,1944260.00
2022/07/07,1447,57.27,57.27,57.00,57.00,65400,3733795.00
2022/07/07,1448,56.99,57.00,56.82,56.85,40800,2322895.00
2022/07/07,1449,56.82,56.82,56.70,56.73,48700,2765228.00
2022/07/07,1450,56.71,56.71,56.53,56.55,57100,3232923.00
2022/07/07,1451,56.55,56.55,56.50,56.50,107600,6080750.00
2022/07/07,1452,56.50,56.51,56.50,56.50,168400,9515034.00
2022/07/07,1453,56.49,56.50,56.30,56.40,47000,2653314.00
2022/07/07,1454,56.38,56.40,56.30,56.33,111500,6279488.00
2022/07/07,1455,56.33,56.42,56.33,56.42,96200,5423437.50
2022/07/07,1456,56.43,56.44,56.41,56.43,72600,4096441.00
2022/07/07,1457,56.43,56.43,56.40,56.40,107200,6047073.00
2022/07/07,1458,56.41,56.41,56.41,56.41,4200,236914.00
2022/07/07,1459,56.41,56.41,56.41,56.41,0,0.00
2022/07/07,1500,56.40,56.40,56.40,56.40,91800,5177745.50
2022/07/08,0931,51.97,51.99,50.00,50.04,556700,28477418.00
2022/07/08,0932,50.03,50.03,49.31,49.70,292800,14573774.00
2022/07/08,0933,49.70,49.88,49.52,49.77,190800,9477721.00
2022/07/08,0934,49.90,50.04,49.88,50.04,118600,5922637.50
2022/07/08,0935,50.08,50.50,50.08,50.20,135200,6786893.00
2022/07/08,0936,50.24,50.25,50.16,50.17,105200,5281744.00
2022/07/08,0937,50.13,50.13,49.80,49.80,88000,4397239.00
2022/07/08,0938,49.77,49.77,49.51,49.51,151500,7520558.00
2022/07/08,0939,49.50,49.50,49.43,49.49,198400,9815640.00
2022/07/08,0940,49.47,49.93,49.44,49.93,129700,6428782.00
2022/07/08,0941,49.97,50.10,49.97,50.00,79500,3976955.00
2022/07/08,0942,50.00,50.00,49.67,49.67,54200,2704393.00
2022/07/08,0943,49.69,49.76,49.62,49.73,51600,2567884.75
2022/07/08,0944,49.79,49.88,49.79,49.83,41900,2087499.63
2022/07/08,0945,49.83,49.90,49.83,49.88,34300,1710727.63
2022/07/08,0946,49.88,49.90,49.86,49.87,48700,2425153.50
2022/07/08,0947,49.87,49.87,49.81,49.82,45200,2257491.00
2022/07/08,0948,49.83,49.89,49.83,49.86,53200,2651646.75
2022/07/08,0949,49.92,49.99,49.90,49.99,22400,1118803.00
2022/07/08,0950,49.94,50.20,49.94,50.20,54100,2703472.00
2022/07/08,0951,50.22,50.49,50.22,50.49,37100,1868725.00
2022/07/08,0952,50.45,50.63,50.45,50.63,45200,2282803.00
2022/07/08,0953,50.64,50.94,50.64,50.93,33300,1691838.00
2022/07/08,0954,50.94,51.07,50.94,51.07,37700,1922973.00
2022/07/08,0955,51.10,51.20,51.08,51.08,67400,3446050.00
2022/07/08,0956,51.08,51.08,50.49,50.49,32400,1645965.88
2022/07/08,0957,50.40,50.48,50.33,50.48,36800,1855024.00
2022/07/08,0958,50.41,50.64,50.40,50.60,33500,1691822.00
2022/07/08,0959,50.64,50.96,50.64,50.96,14700,746341.00
2022/07/08,1000,50.96,51.06,50.93,51.04,31800,1621636.00
2022/07/08,1001,51.05,51.05,50.87,50.87,28000,1427159.25
2022/07/08,1002,50.80,50.90,50.70,50.78,23000,1167968.75
2022/07/08,1003,50.78,50.80,50.50,50.51,41300,2090106.13
2022/07/08,1004,50.51,50.58,50.50,50.50,21800,1097442.00
2022/07/08,1005,50.50,50.52,50.32,50.32,21100,1067545.00
2022/07/08,1006,50.30,50.33,50.26,50.27,35300,1774988.00
2022/07/08,1007,50.26,50.48,50.26,50.30,24100,1212262.00
2022/07/08,1008,50.30,50.49,50.30,50.49,9600,484028.00
2022/07/08,1009,50.49,50.49,50.35,50.40,7000,352801.34
2022/07/08,1010,50.36,50.37,50.28,50.29,23800,1197486.25
2022/07/08,1011,50.28,50.28,50.16,50.21,28100,1411532.13
2022/07/08,1012,50.15,50.15,50.00,50.00,37200,1862143.00
2022/07/08,1013,50.00,50.00,49.91,49.96,34000,1698309.00
2022/07/08,1014,49.96,49.96,49.91,49.93,48900,2441431.00
2022/07/08,1015,49.94,50.00,49.92,49.96,40300,2012790.00
2022/07/08,1016,50.00,50.25,50.00,50.21,23100,1154830.75
2022/07/08,1017,50.30,50.40,50.25,50.40,19000,955022.38
2022/07/08,1018,50.42,50.45,50.40,50.40,16700,842021.00
2022/07/08,1019,50.42,50.50,50.41,50.49,16300,823282.50
2022/07/08,1020,50.50,50.52,50.49,50.50,20500,1035272.56
2022/07/08,1021,50.50,50.52,50.48,50.49,9600,484731.31
2022/07/08,1022,50.48,50.50,50.37,50.37,12000,604474.50
2022/07/08,1023,50.34,50.40,50.33,50.33,16900,851241.06
2022/07/08,1024,50.34,50.39,50.33,50.38,7800,392833.84
2022/07/08,1025,50.38,50.38,50.33,50.33,8400,423069.00
2022/07/08,1026,50.33,50.35,50.26,50.26,8400,422635.00
2022/07/08,1027,50.30,50.30,50.01,50.01,28800,1442843.00
2022/07/08,1028,50.05,50.05,49.92,49.92,19800,989338.00
2022/07/08,1029,49.91,49.91,49.89,49.90,38800,1936068.00
2022/07/08,1030,49.90,49.90,49.88,49.89,31300,1561435.00
2022/07/08,1031,49.87,49.90,49.86,49.89,35300,1764339.00
2022/07/08,1032,49.90,50.00,49.90,49.99,15700,784047.00
2022/07/08,1033,49.99,50.17,49.99,50.12,10300,515591.00
2022/07/08,1034,50.17,50.20,50.13,50.17,10400,521637.00
2022/07/08,1035,50.01,50.19,50.01,50.06,11600,581390.00
2022/07/08,1036,50.08,50.08,50.01,50.04,6000,300317.00
2022/07/08,1037,50.04,50.04,50.00,50.00,13900,694973.56
2022/07/08,1038,50.00,50.00,49.95,49.97,15200,759875.00
2022/07/08,1039,49.97,49.97,49.91,49.93,11800,589221.00
2022/07/08,1040,49.92,49.98,49.92,49.98,7000,349487.19
2022/07/08,1041,49.99,49.99,49.96,49.98,9700,484765.00
2022/07/08,1042,49.99,50.00,49.99,49.99,12000,599936.00
2022/07/08,1043,50.00,50.04,50.00,50.03,8400,420102.00
2022/07/08,1044,50.01,50.01,49.98,49.98,8500,424997.00
2022/07/08,1045,49.98,49.98,49.93,49.93,11900,594625.81
2022/07/08,1046,49.93,49.93,49.91,49.91,8800,439257.00
2022/07/08,1047,49.91,49.93,49.91,49.93,10100,504143.00
2022/07/08,1048,49.93,49.97,49.92,49.95,10100,504183.22
2022/07/08,1049,49.96,50.00,49.96,50.00,18000,899656.00
2022/07/08,1050,50.00,50.00,49.98,49.98,10800,539935.00
2022/07/08,1051,49.98,49.98,49.96,49.97,6300,314796.00
2022/07/08,1052,49.97,49.97,49.93,49.95,18300,914075.00
2022/07/08,1053,49.95,49.97,49.93,49.93,10200,509503.00
2022/07/08,1054,49.92,49.97,49.91,49.91,13700,683933.00
2022/07/08,1055,49.91,49.91,49.87,49.87,18700,932881.00
2022/07/08,1056,49.87,49.91,49.86,49.90,7700,384343.47
2022/07/08,1057,49.89,49.92,49.89,49.91,10500,524024.00
2022/07/08,1058,49.92,49.93,49.91,49.92,18600,928519.00
2022/07/08,1059,49.97,49.98,49.93,49.98,6800,339731.00
2022/07/08,1100,49.94,49.98,49.92,49.92,8100,404150.47
2022/07/08,1101,49.93,49.96,49.92,49.92,18100,904180.00
2022/07/08,1102,49.93,49.95,49.92,49.95,5800,289585.00
2022/07/08,1103,49.93,49.99,49.93,49.95,6000,299801.00
2022/07/08,1104,49.98,49.98,49.95,49.95,5000,249800.00
2022/07/08,1105,49.95,49.98,49.95,49.98,7600,379831.00
2022/07/08,1106,49.99,49.99,49.98,49.99,8100,404878.00
2022/07/08,1107,49.97,49.99,49.97,49.99,5000,249921.00
2022/07/08,1108,49.99,49.99,49.97,49.99,9900,494827.00
2022/07/08,1109,49.99,50.00,49.98,49.99,10300,514941.00
2022/07/08,1110,49.99,50.00,49.99,50.00,11600,579963.00
2022/07/08,1111,50.00,50.03,50.00,50.03,10800,540084.00
2022/07/08,1112,50.03,50.10,50.03,50.10,7500,375528.00
2022/07/08,1113,50.12,50.19,50.12,50.19,7600,381169.00
2022/07/08,1114,50.20,50.22,50.19,50.22,10600,532202.00
2022/07/08,1115,50.21,50.23,50.21,50.23,14200,713117.00
2022/07/08,1116,50.23,50.27,50.23,50.27,12900,647883.38
2022/07/08,1117,50.27,50.32,50.27,50.32,6000,301769.00
2022/07/08,1118,50.31,50.38,50.31,50.38,6100,307946.09
2022/07/08,1119,50.38,50.41,50.38,50.40,4000,201589.00
2022/07/08,1120,50.40,50.40,50.37,50.37,8700,437562.91
2022/07/08,1121,50.37,50.37,50.26,50.26,8600,432942.00
2022/07/08,1122,50.26,50.26,50.19,50.19,3500,175901.69
2022/07/08,1123,50.19,50.19,50.13,50.13,6000,300945.00
2022/07/08,1124,50.12,50.14,50.09,50.10,6400,320725.00
2022/07/08,1125,50.08,50.13,50.05,50.05,6800,340661.00
2022/07/08,1126,50.06,50.08,50.05,50.08,6000,300308.00
2022/07/08,1127,50.09,50.14,50.07,50.07,6500,325557.00
2022/07/08,1128,50.10,50.10,50.08,50.09,1800,90153.00
2022/07/08,1129,50.08,50.10,50.08,50.09,5200,260482.00
2022/07/08,1130,50.10,50.13,50.09,50.13,4800,240529.00
2022/07/08,1301,50.10,50.13,50.10,50.10,14600,731852.00
2022/07/08,1302,50.08,50.10,50.06,50.06,14500,726148.00
2022/07/08,1303,50.08,50.08,50.01,50.01,8900,445254.00
2022/07/08,1304,50.00,50.01,49.92,49.92,17900,894644.00
2022/07/08,1305,49.92,49.92,49.88,49.88,7800,389539.50
2022/07/08,1306,49.89,49.91,49.88,49.90,9500,473648.72
2022/07/08,1307,49.91,49.96,49.90,49.91,7600,380107.66
2022/07/08,1308,49.90,49.91,49.89,49.89,12600,628220.38
2022/07/08,1309,49.90,49.98,49.90,49.98,6700,331758.13
2022/07/08,1310,49.97,50.00,49.97,49.99,6100,308626.75
2022/07/08,1311,49.99,50.00,49.93,49.93,7300,364830.00
2022/07/08,1312,49.93,49.93,49.86,49.87,30900,1541293.50
2022/07/08,1313,49.87,49.87,49.71,49.74,27900,1389443.00
2022/07/08,1314,49.70,49.71,49.58,49.60,30800,1529449.63
2022/07/08,1315,49.58,49.60,49.57,49.60,30200,1497408.38
2022/07/08,1316,49.59,49.62,49.56,49.60,51500,2549804.50
2022/07/08,1317,49.58,49.60,49.56,49.58,31300,1552287.00
2022/07/08,1318,49.60,49.64,49.58,49.64,26500,1314438.38
2022/07/08,1319,49.66,49.68,49.64,49.67,5700,283044.00
2022/07/08,1320,49.68,49.78,49.67,49.78,7300,362866.00
2022/07/08,1321,49.78,49.91,49.78,49.86,6500,324167.00
2022/07/08,1322,49.86,49.91,49.80,49.91,5400,269279.00
2022/07/08,1323,49.91,49.94,49.87,49.94,4800,239559.00
2022/07/08,1324,49.89,49.94,49.87,49.88,5900,294343.75
2022/07/08,1325,49.88,49.88,49.86,49.86,6400,320318.56
2022/07/08,1326,49.86,49.88,49.86,49.86,23500,1171842.00
2022/07/08,1327,49.86,49.86,49.85,49.85,23500,1170587.25
2022/07/08,1328,49.81,49.85,49.80,49.80,2900,144440.00
2022/07/08,1329,49.78,49.80,49.71,49.71,4400,218871.00
2022/07/08,1330,49.71,49.71,49.61,49.61,7100,352668.00
2022/07/08,1331,49.63,49.63,49.60,49.63,14700,729307.00
2022/07/08,1332,49.62,49.64,49.62,49.62,13000,646298.25
2022/07/08,1333,49.63,49.64,49.63,49.64,12200,605569.00
2022/07/08,1334,49.64,49.64,49.63,49.64,10000,496339.00
2022/07/08,1335,49.63,49.63,49.61,49.61,6000,297734.00
2022/07/08,1336,49.61,49.61,49.58,49.58,11300,560512.00
2022/07/08,1337,49.58,49.58,49.55,49.56,12200,604693.00
2022/07/08,1338,49.55,49.55,49.53,49.54,15500,767892.19
2022/07/08,1339,49.53,49.57,49.53,49.57,8500,421147.00
2022/07/08,1340,49.58,49.60,49.57,49.60,7900,390205.72
2022/07/08,1341,49.60,49.64,49.60,49.64,9700,481259.00
2022/07/08,1342,49.64,49.80,49.64,49.71,12200,605828.44
2022/07/08,1343,49.71,49.81,49.71,49.79,3700,184109.00
2022/07/08,1344,49.79,49.79,49.75,49.75,6100,303565.00
2022/07/08,1345,49.72,49.75,49.72,49.75,7000,348112.00
2022/07/08,1346,49.76,49.80,49.75,49.79,15000,746695.00
2022/07/08,1347,49.78,49.87,49.78,49.87,13700,682711.00
2022/07/08,1348,49.87,49.90,49.86,49.90,9500,473854.00
2022/07/08,1349,49.90,49.91,49.88,49.91,7800,389140.00
2022/07/08,1350,49.90,49.94,49.90,49.91,4600,229635.00
2022/07/08,1351,49.94,49.94,49.91,49.93,9000,449279.00
2022/07/08,1352,49.91,49.92,49.91,49.91,5400,269546.00
2022/07/08,1353,49.91,49.91,49.90,49.90,10200,509011.00
2022/07/08,1354,49.90,49.90,49.75,49.90,10000,498635.00
2022/07/08,1355,49.76,49.86,49.72,49.72,3600,179106.00
2022/07/08,1356,49.71,49.71,49.68,49.68,7100,352832.00
2022/07/08,1357,49.66,49.67,49.61,49.62,9500,471585.00
2022/07/08,1358,49.64,49.65,49.61,49.61,11200,555722.00
2022/07/08,1359,49.62,49.62,49.58,49.58,15100,750505.31
2022/07/08,1400,49.57,49.58,49.55,49.58,8100,402446.53
2022/07/08,1401,49.60,49.60,49.58,49.60,5400,267805.00
2022/07/08,1402,49.60,49.67,49.60,49.64,12900,640069.00
2022/07/08,1403,49.64,49.68,49.64,49.68,4500,223528.00
2022/07/08,1404,49.69,49.71,49.69,49.70,3100,154059.00
2022/07/08,1405,49.70,49.73,49.68,49.73,3400,168996.00
2022/07/08,1406,49.73,49.78,49.73,49.75,7100,354137.41
2022/07/08,1407,49.78,49.85,49.78,49.85,4200,209155.00
2022/07/08,1408,49.85,49.90,49.85,49.89,8600,428942.00
2022/07/08,1409,49.90,49.90,49.82,49.83,5200,259213.00
2022/07/08,1410,49.82,49.82,49.78,49.78,6900,343708.00
2022/07/08,1411,49.79,49.79,49.72,49.73,6100,303493.00
2022/07/08,1412,49.73,49.73,49.72,49.73,4000,198916.00
2022/07/08,1413,49.72,49.75,49.72,49.72,7400,367989.00
2022/07/08,1414,49.72,49.72,49.70,49.70,11900,591520.00
2022/07/08,1415,49.68,49.68,49.65,49.65,13000,645641.00
2022/07/08,1416,49.64,49.65,49.63,49.64,6200,307787.00
2022/07/08,1417,49.64,49.65,49.63,49.64,10900,541079.00
2022/07/08,1418,49.65,49.71,49.65,49.70,8200,407421.00
2022/07/08,1419,49.71,49.75,49.71,49.73,6300,313272.00
2022/07/08,1420,49.73,49.73,49.72,49.73,14300,711142.00
2022/07/08,1421,49.73,49.75,49.70,49.72,11900,591688.00
2022/07/08,1422,49.72,49.72,49.68,49.70,10300,512005.00
2022/07/08,1423,49.70,49.70,49.66,49.66,13600,675624.00
2022/07/08,1424,49.64,49.66,49.63,49.66,14000,695105.00
2022/07/08,1425,49.63,49.67,49.63,49.65,7600,377241.00
2022/07/08,1426,49.65,49.68,49.63,49.68,11200,556136.00
2022/07/08,1427,49.68,49.68,49.63,49.63,14500,719814.00
2022/07/08,1428,49.63,49.64,49.61,49.63,24200,1200914.00
2022/07/08,1429,49.63,49.64,49.63,49.63,17900,888432.00
2022/07/08,1430,49.62,49.62,49.59,49.59,16200,803527.00
2022/07/08,1431,49.58,49.59,49.55,49.56,8900,441164.00
2022/07/08,1432,49.55,49.56,49.50,49.50,17400,862792.56
2022/07/08,1433,49.50,49.50,49.41,49.41,34900,1727028.00
2022/07/08,1434,49.41,49.41,49.33,49.33,35800,1766843.00
2022/07/08,1435,49.30,49.30,49.19,49.20,44400,2188098.00
2022/07/08,1436,49.20,49.20,49.14,49.15,44500,2188863.00
2022/07/08,1437,49.15,49.18,49.14,49.18,41300,2030104.00
2022/07/08,1438,49.19,49.26,49.19,49.26,26700,1309572.88
2022/07/08,1439,49.26,49.30,49.26,49.29,24200,1192763.00
2022/07/08,1440,49.28,49.30,49.26,49.26,15700,773696.00
2022/07/08,1441,49.25,49.27,49.19,49.21,24800,1220722.00
2022/07/08,1442,49.20,49.20,49.03,49.03,38400,1886336.00
2022/07/08,1443,49.03,49.04,48.90,48.91,61000,2988565.00
2022/07/08,1444,48.91,48.91,48.83,48.84,55800,2727141.00
2022/07/08,1445,48.85,48.90,48.82,48.90,47900,2340605.00
2022/07/08,1446,48.88,48.90,48.88,48.90,29600,1447268.00
2022/07/08,1447,48.91,48.91,48.88,48.89,43200,2112066.00
2022/07/08,1448,48.89,48.89,48.85,48.85,43200,2111080.00
2022/07/08,1449,48.86,48.86,48.83,48.84,58200,2843119.00
2022/07/08,1450,48.84,48.84,48.80,48.80,53200,2596785.00
2022/07/08,1451,48.78,48.79,48.70,48.70,30600,1491392.13
2022/07/08,1452,48.70,48.70,48.61,48.63,48000,2335949.00
2022/07/08,1453,48.61,48.62,48.58,48.60,57200,2779956.00
2022/07/08,1454,48.59,48.62,48.58,48.62,82800,4024584.00
2022/07/08,1455,48.63,48.68,48.63,48.68,62600,3049015.00
2022/07/08,1456,48.68,48.69,48.63,48.63,43700,2126493.50
2022/07/08,1457,48.65,48.67,48.64,48.67,63400,3084458.00
2022/07/08,1458,48.67,48.67,48.67,48.67,1900,92473.00
2022/07/08,1459,48.67,48.67,48.67,48.67,0,0.00
2022/07/08,1500,48.67,48.67,48.67,48.67,61200,2978604.00
数据来源:通达信
