2022/07/05,0931,51.00,51.10,49.01,49.03,1202400,60844476.00
2022/07/05,0932,49.03,49.03,48.19,48.20,527800,25730484.00
2022/07/05,0933,48.37,49.06,48.05,49.06,575600,27875296.00
2022/07/05,0934,49.05,50.55,49.05,50.55,276200,13766717.00
2022/07/05,0935,50.86,50.99,50.08,50.50,352500,17908692.00
2022/07/05,0936,50.50,50.50,49.85,49.85,183900,9225391.00
2022/07/05,0937,49.80,49.90,49.59,49.89,216300,10761822.00
2022/07/05,0938,49.89,50.48,49.89,50.36,305300,15297392.00
2022/07/05,0939,50.45,50.54,50.40,50.47,242000,12217387.00
2022/07/05,0940,50.46,50.46,50.19,50.20,80900,4073592.00
2022/07/05,0941,50.05,50.05,49.76,49.77,45500,2270936.00
2022/07/05,0942,49.69,49.80,49.65,49.80,128000,6361179.00
2022/07/05,0943,49.90,50.09,49.90,50.07,153900,7700271.50
2022/07/05,0944,50.10,50.10,49.93,49.93,64300,3212797.25
2022/07/05,0945,50.00,50.00,49.91,49.98,95500,4771523.00
2022/07/05,0946,49.98,50.35,49.98,50.28,221700,11111186.00
2022/07/05,0947,50.39,50.60,50.38,50.60,258100,13034558.00
2022/07/05,0948,50.60,50.92,50.60,50.90,117900,5988924.00
2022/07/05,0949,50.98,51.00,50.70,50.84,180100,9182603.00
2022/07/05,0950,50.58,50.68,50.31,50.39,35900,1812548.00
2022/07/05,0951,50.26,50.28,50.02,50.02,43500,2183741.00
2022/07/05,0952,50.00,50.02,49.88,49.88,55500,2771798.00
2022/07/05,0953,49.88,49.90,49.82,49.90,64900,3235446.00
2022/07/05,0954,49.89,49.89,49.83,49.83,36400,1814834.88
2022/07/05,0955,49.80,49.85,49.80,49.81,34900,1738589.00
2022/07/05,0956,49.80,49.80,49.70,49.71,28200,1403389.00
2022/07/05,0957,49.70,49.70,49.52,49.52,25600,1271021.00
2022/07/05,0958,49.50,49.52,49.31,49.31,44000,2173844.00
2022/07/05,0959,49.33,49.33,49.14,49.18,70900,3489548.00
2022/07/05,1000,49.11,49.12,49.00,49.00,69600,3413425.00
2022/07/05,1001,49.00,49.00,48.89,48.95,56700,2776982.00
2022/07/05,1002,48.94,49.25,48.90,49.25,94800,4645920.00
2022/07/05,1003,49.25,49.50,49.25,49.50,44300,2188862.00
2022/07/05,1004,49.50,49.55,49.50,49.51,30600,1515732.00
2022/07/05,1005,49.52,49.52,49.42,49.42,30400,1504339.00
2022/07/05,1006,49.41,49.42,49.25,49.26,15500,765205.00
2022/07/05,1007,49.26,49.26,49.03,49.10,29600,1454637.00
2022/07/05,1008,49.01,49.03,48.99,48.99,51400,2519551.00
2022/07/05,1009,48.99,48.99,48.95,48.97,28500,1395734.00
2022/07/05,1010,48.95,49.06,48.95,49.05,61700,3022895.00
2022/07/05,1011,49.06,49.25,49.06,49.25,25600,1258383.00
2022/07/05,1012,49.23,49.35,49.23,49.35,27000,1330627.00
2022/07/05,1013,49.32,49.39,49.32,49.32,19900,982031.00
2022/07/05,1014,49.33,49.33,49.29,49.29,33200,1637174.00
2022/07/05,1015,49.30,49.30,49.22,49.22,20400,1005121.00
2022/07/05,1016,49.22,49.22,49.10,49.10,11900,585236.00
2022/07/05,1017,49.10,49.10,48.99,49.00,36300,1779509.00
2022/07/05,1018,48.99,48.99,48.95,48.95,18400,900930.00
2022/07/05,1019,48.95,48.95,48.90,48.90,20900,1022420.00
2022/07/05,1020,48.90,48.90,48.84,48.84,26200,1280545.00
2022/07/05,1021,48.84,48.84,48.70,48.70,17500,853923.00
2022/07/05,1022,48.70,48.70,48.65,48.66,40200,1956575.00
2022/07/05,1023,48.64,48.65,48.61,48.64,39300,1911081.00
2022/07/05,1024,48.62,48.65,48.62,48.65,43100,2096313.00
2022/07/05,1025,48.65,48.68,48.64,48.67,33600,1635676.75
2022/07/05,1026,48.69,48.79,48.67,48.72,30500,1485862.88
2022/07/05,1027,48.72,48.82,48.72,48.81,15600,761188.00
2022/07/05,1028,48.81,48.83,48.76,48.76,22200,1083511.00
2022/07/05,1029,48.76,48.78,48.72,48.72,13100,638728.00
2022/07/05,1030,48.71,48.72,48.67,48.68,19600,954471.00
2022/07/05,1031,48.66,48.67,48.62,48.63,21900,1065278.00
2022/07/05,1032,48.62,48.62,48.59,48.59,30200,1467999.00
2022/07/05,1033,48.59,48.59,48.53,48.53,21500,1044161.00
2022/07/05,1034,48.53,48.53,48.44,48.45,25000,1212651.00
2022/07/05,1035,48.44,48.44,48.26,48.27,24800,1199471.00
2022/07/05,1036,48.25,48.25,48.18,48.18,49500,2389586.25
2022/07/05,1037,48.15,48.16,48.09,48.09,61900,2975769.25
2022/07/05,1038,48.09,48.21,48.09,48.21,75800,3648504.75
2022/07/05,1039,48.21,48.41,48.21,48.41,29600,1429547.25
2022/07/05,1040,48.44,48.60,48.44,48.60,31700,1537995.00
2022/07/05,1041,48.58,48.65,48.58,48.61,25000,1217610.75
2022/07/05,1042,48.60,48.65,48.56,48.56,27300,1324509.75
2022/07/05,1043,48.56,48.57,48.50,48.51,20800,1009707.00
2022/07/05,1044,48.50,48.50,48.40,48.41,19100,925116.00
2022/07/05,1045,48.41,48.45,48.41,48.45,22600,1096590.63
2022/07/05,1046,48.44,48.46,48.42,48.44,22100,1070567.00
2022/07/05,1047,48.44,48.46,48.44,48.45,21000,1014860.13
2022/07/05,1048,48.45,48.46,48.44,48.44,21400,1036786.50
2022/07/05,1049,48.45,48.45,48.40,48.40,11700,569070.88
2022/07/05,1050,48.40,48.40,48.35,48.35,14400,696806.00
2022/07/05,1051,48.35,48.35,48.26,48.26,16400,791739.00
2022/07/05,1052,48.27,48.27,48.20,48.20,16900,815215.00
2022/07/05,1053,48.20,48.20,48.15,48.15,18300,881764.00
2022/07/05,1054,48.18,48.18,48.12,48.15,22600,1088009.00
2022/07/05,1055,48.15,48.21,48.14,48.21,32900,1584961.00
2022/07/05,1056,48.20,48.38,48.20,48.36,22800,1100828.00
2022/07/05,1057,48.38,48.46,48.37,48.43,29600,1432965.50
2022/07/05,1058,48.45,48.47,48.41,48.46,14300,692908.50
2022/07/05,1059,48.46,48.46,48.41,48.41,10100,489130.00
2022/07/05,1100,48.42,48.42,48.37,48.37,6900,333941.00
2022/07/05,1101,48.35,48.37,48.30,48.30,10000,483423.00
2022/07/05,1102,48.30,48.33,48.30,48.33,20300,980687.00
2022/07/05,1103,48.34,48.40,48.33,48.40,24200,1170493.00
2022/07/05,1104,48.41,48.42,48.40,48.41,16100,779362.00
2022/07/05,1105,48.40,48.44,48.40,48.43,17600,852706.13
2022/07/05,1106,48.45,48.46,48.44,48.45,16200,784897.00
2022/07/05,1107,48.46,48.46,48.43,48.43,18000,872042.00
2022/07/05,1108,48.46,48.47,48.44,48.45,22600,1095155.00
2022/07/05,1109,48.46,48.47,48.45,48.45,17800,862577.06
2022/07/05,1110,48.46,48.49,48.46,48.49,25100,1214207.50
2022/07/05,1111,48.49,48.51,48.48,48.51,35600,1726481.00
2022/07/05,1112,48.51,48.59,48.51,48.56,20300,985505.00
2022/07/05,1113,48.60,48.85,48.60,48.85,33100,1614764.38
2022/07/05,1114,48.87,49.00,48.86,49.00,37500,1835304.00
2022/07/05,1115,49.00,49.38,49.00,49.38,47700,2342369.50
2022/07/05,1116,49.37,49.59,49.37,49.59,49600,2453104.00
2022/07/05,1117,49.60,49.89,49.60,49.89,37800,1882039.75
2022/07/05,1118,49.88,50.00,49.88,49.92,79900,3993445.00
2022/07/05,1119,49.90,49.93,49.75,49.80,48500,2419566.00
2022/07/05,1120,49.75,49.86,49.70,49.85,34600,1723446.00
2022/07/05,1121,49.85,49.86,49.80,49.80,14200,707698.00
2022/07/05,1122,49.75,49.75,49.70,49.70,19700,981730.13
2022/07/05,1123,49.66,49.74,49.63,49.74,21400,1061280.00
2022/07/05,1124,49.71,49.73,49.70,49.70,14900,740725.00
2022/07/05,1125,49.70,49.71,49.70,49.70,20900,1038776.00
2022/07/05,1126,49.71,49.71,49.56,49.56,9400,467013.00
2022/07/05,1127,49.55,49.56,49.19,49.19,6500,323422.00
2022/07/05,1128,49.09,49.09,49.00,49.00,13200,647126.00
2022/07/05,1129,48.99,48.99,48.94,48.95,8400,411371.00
2022/07/05,1130,48.95,48.95,48.90,48.90,11500,562741.00
2022/07/05,1301,48.92,49.02,48.90,49.01,39700,1943193.88
2022/07/05,1302,49.01,49.09,49.01,49.03,9900,485314.00
2022/07/05,1303,49.01,49.05,49.01,49.05,6100,299036.00
2022/07/05,1304,49.08,49.08,49.02,49.07,12400,608320.00
2022/07/05,1305,49.05,49.07,49.02,49.05,5900,289314.00
2022/07/05,1306,49.02,49.05,49.00,49.00,8500,416597.00
2022/07/05,1307,49.00,49.05,49.00,49.01,20500,1004988.00
2022/07/05,1308,49.01,49.08,49.00,49.00,15400,755036.00
2022/07/05,1309,49.02,49.02,48.93,48.93,6600,323415.00
2022/07/05,1310,49.00,49.00,48.92,48.93,8600,421196.00
2022/07/05,1311,48.93,48.96,48.93,48.95,3200,156594.00
2022/07/05,1312,48.96,49.00,48.96,49.00,13500,661265.00
2022/07/05,1313,49.00,49.00,48.98,48.99,16300,796359.50
2022/07/05,1314,48.99,49.00,48.99,49.00,9700,475256.00
2022/07/05,1315,48.99,49.00,48.97,48.97,7000,345229.00
2022/07/05,1316,48.97,48.98,48.97,48.97,6400,313425.00
2022/07/05,1317,48.96,48.98,48.96,48.98,7200,352566.00
2022/07/05,1318,48.98,49.02,48.98,49.01,30600,1498898.00
2022/07/05,1319,49.01,49.02,49.01,49.02,12900,632310.00
2022/07/05,1320,49.02,49.02,49.01,49.01,6000,294078.00
2022/07/05,1321,49.01,49.02,49.01,49.01,12000,588199.13
2022/07/05,1322,49.00,49.02,48.99,48.99,8900,436710.00
2022/07/05,1323,48.99,48.99,48.98,48.98,3700,181245.00
2022/07/05,1324,48.97,48.97,48.93,48.93,6500,318242.00
2022/07/05,1325,48.92,48.92,48.88,48.88,6800,332509.00
2022/07/05,1326,48.86,48.86,48.77,48.77,5600,273523.00
2022/07/05,1327,48.77,48.77,48.69,48.69,5100,248666.00
2022/07/05,1328,48.70,48.70,48.60,48.60,11200,545133.25
2022/07/05,1329,48.60,48.60,48.51,48.52,6900,335164.00
2022/07/05,1330,48.52,48.54,48.50,48.51,11700,567536.00
2022/07/05,1331,48.50,48.51,48.48,48.48,10900,528638.00
2022/07/05,1332,48.48,48.50,48.46,48.48,12900,625389.00
2022/07/05,1333,48.48,48.52,48.48,48.51,14100,683916.00
2022/07/05,1334,48.53,48.55,48.53,48.55,8100,393140.00
2022/07/05,1335,48.60,48.65,48.55,48.60,8700,422784.00
2022/07/05,1336,48.60,48.65,48.58,48.65,11100,539626.00
2022/07/05,1337,48.65,48.66,48.63,48.66,7900,384263.00
2022/07/05,1338,48.65,48.68,48.65,48.65,6400,311419.00
2022/07/05,1339,48.65,48.69,48.65,48.69,9500,462427.00
2022/07/05,1340,48.68,48.68,48.66,48.67,7500,365055.00
2022/07/05,1341,48.69,48.69,48.61,48.61,8900,433124.63
2022/07/05,1342,48.64,48.64,48.60,48.60,8000,388874.00
2022/07/05,1343,48.58,48.60,48.55,48.55,7200,349630.00
2022/07/05,1344,48.55,48.56,48.52,48.52,12300,597179.00
2022/07/05,1345,48.53,48.54,48.51,48.52,10100,490129.00
2022/07/05,1346,48.50,48.51,48.50,48.50,11600,562612.00
2022/07/05,1347,48.49,48.51,48.45,48.46,18400,892220.00
2022/07/05,1348,48.46,48.48,48.45,48.45,5400,261680.00
2022/07/05,1349,48.45,48.45,48.42,48.42,5700,276085.00
2022/07/05,1350,48.42,48.42,48.38,48.38,8900,430791.00
2022/07/05,1351,48.38,48.38,48.33,48.33,6800,328867.00
2022/07/05,1352,48.32,48.33,48.25,48.25,5900,284906.00
2022/07/05,1353,48.24,48.24,48.16,48.16,15000,723063.00
2022/07/05,1354,48.16,48.18,48.16,48.17,20700,997032.00
2022/07/05,1355,48.16,48.16,48.12,48.12,13300,640380.00
2022/07/05,1356,48.13,48.13,48.09,48.10,12800,615746.00
2022/07/05,1357,48.10,48.10,48.06,48.06,17000,817288.00
2022/07/05,1358,48.05,48.05,48.00,48.01,20900,1003659.00
2022/07/05,1359,48.01,48.02,48.00,48.01,58200,2793939.00
2022/07/05,1400,48.00,48.28,48.00,48.28,33200,1597631.00
2022/07/05,1401,48.33,48.69,48.32,48.69,29600,1435658.00
2022/07/05,1402,48.68,49.01,48.68,49.01,52900,2586283.50
2022/07/05,1403,49.00,49.25,49.00,49.25,45000,2208827.00
2022/07/05,1404,49.25,49.40,49.25,49.33,31700,1563088.00
2022/07/05,1405,49.34,49.36,49.30,49.34,20800,1026207.00
2022/07/05,1406,49.30,49.30,48.99,48.99,12200,600467.00
2022/07/05,1407,48.89,48.89,48.51,48.51,7400,360082.00
2022/07/05,1408,48.51,48.60,48.51,48.58,8600,417671.00
2022/07/05,1409,48.57,48.65,48.57,48.61,10500,510154.00
2022/07/05,1410,48.61,48.65,48.60,48.64,6100,296622.00
2022/07/05,1411,48.65,48.65,48.60,48.62,10200,495374.94
2022/07/05,1412,48.62,48.66,48.62,48.65,11800,573930.00
2022/07/05,1413,48.63,48.66,48.63,48.65,4300,209174.00
2022/07/05,1414,48.64,48.65,48.64,48.65,7800,379422.00
2022/07/05,1415,48.66,48.70,48.66,48.70,13900,676511.00
2022/07/05,1416,48.75,48.75,48.70,48.72,5500,267953.00
2022/07/05,1417,48.75,48.87,48.74,48.80,11300,551333.00
2022/07/05,1418,48.88,49.16,48.82,49.16,38600,1890993.00
2022/07/05,1419,49.16,49.28,49.16,49.25,24000,1181713.00
2022/07/05,1420,49.25,49.30,49.25,49.30,54900,2705934.00
2022/07/05,1421,49.30,49.32,49.28,49.28,35400,1745232.00
2022/07/05,1422,49.28,49.28,48.88,48.88,9100,447849.00
2022/07/05,1423,48.88,48.89,48.80,48.80,14100,688767.00
2022/07/05,1424,48.80,48.80,48.70,48.70,6500,316817.00
2022/07/05,1425,48.70,48.78,48.70,48.72,17200,838101.00
2022/07/05,1426,48.72,49.06,48.72,49.02,34300,1678330.00
2022/07/05,1427,49.02,49.10,49.00,49.00,10200,500184.00
2022/07/05,1428,49.00,49.00,48.80,48.87,9700,473766.00
2022/07/05,1429,48.87,48.99,48.81,48.86,8200,401118.00
2022/07/05,1430,48.82,48.82,48.80,48.80,7200,351425.00
2022/07/05,1431,48.79,48.80,48.78,48.79,9300,453734.00
2022/07/05,1432,48.79,48.80,48.78,48.78,7000,341515.00
2022/07/05,1433,48.78,48.78,48.71,48.75,6500,316977.00
2022/07/05,1434,48.70,48.73,48.68,48.68,14300,696370.00
2022/07/05,1435,48.68,48.68,48.66,48.67,14400,700888.00
2022/07/05,1436,48.66,48.68,48.66,48.68,19300,939345.94
2022/07/05,1437,48.66,48.68,48.66,48.66,15100,734887.00
2022/07/05,1438,48.67,48.68,48.65,48.66,13500,656988.00
2022/07/05,1439,48.65,48.66,48.65,48.66,16100,783382.00
2022/07/05,1440,48.66,48.67,48.64,48.64,22300,1085079.00
2022/07/05,1441,48.64,48.65,48.63,48.63,20700,1006894.00
2022/07/05,1442,48.63,48.63,48.57,48.57,10700,520708.06
2022/07/05,1443,48.56,48.56,48.45,48.45,20000,970217.00
2022/07/05,1444,48.45,48.45,48.34,48.34,23100,1117376.00
2022/07/05,1445,48.34,48.35,48.34,48.34,46800,2262371.00
2022/07/05,1446,48.34,48.34,48.25,48.25,27400,1324122.88
2022/07/05,1447,48.20,48.25,48.08,48.10,16300,784732.00
2022/07/05,1448,48.07,48.08,47.98,47.98,49800,2391109.00
2022/07/05,1449,47.98,47.98,47.86,47.86,38500,1845910.00
2022/07/05,1450,47.88,47.88,47.77,47.78,35100,1678164.00
2022/07/05,1451,47.77,47.77,47.69,47.70,43600,2082269.00
2022/07/05,1452,47.70,47.70,47.60,47.60,52200,2488090.25
2022/07/05,1453,47.60,47.62,47.50,47.50,38800,1845537.00
2022/07/05,1454,47.50,47.50,47.22,47.28,47300,2241348.00
2022/07/05,1455,47.28,47.28,47.00,47.02,78400,3690874.00
2022/07/05,1456,47.01,47.01,46.90,46.91,85000,3993176.00
2022/07/05,1457,46.91,46.97,46.91,46.92,106400,4993973.50
2022/07/05,1458,46.97,46.97,46.96,46.96,9100,427295.00
2022/07/05,1459,46.96,46.96,46.96,46.96,0,0.00
2022/07/05,1500,46.94,46.94,46.94,46.94,130300,6116282.00
2022/07/06,0931,44.50,44.98,43.66,43.73,488400,21703062.00
2022/07/06,0932,43.75,43.80,42.89,43.50,396700,17148874.00
2022/07/06,0933,43.40,44.00,43.40,44.00,158400,6913955.00
2022/07/06,0934,43.99,44.05,43.50,43.50,178200,7833424.50
2022/07/06,0935,43.40,43.40,42.50,42.66,167800,7209978.00
2022/07/06,0936,42.59,43.50,42.51,43.20,224900,9649972.00
2022/07/06,0937,43.20,43.30,42.98,43.00,88000,3795494.50
2022/07/06,0938,43.00,43.20,42.98,43.19,92500,3982828.00
2022/07/06,0939,43.20,43.23,43.03,43.03,93000,4016967.00
2022/07/06,0940,43.09,43.09,42.76,42.77,96000,4117083.00
2022/07/06,0941,42.76,42.86,42.69,42.86,161500,6896260.00
2022/07/06,0942,42.85,43.23,42.85,43.23,48900,2103751.25
2022/07/06,0943,43.03,43.28,43.02,43.03,65100,2807492.75
2022/07/06,0944,43.03,43.03,42.98,43.01,46900,2018648.50
2022/07/06,0945,42.99,43.03,42.99,43.03,93300,4012209.00
2022/07/06,0946,43.01,43.01,42.97,42.98,63500,2729659.00
2022/07/06,0947,42.96,42.97,42.85,42.85,52300,2245548.25
2022/07/06,0948,42.88,42.88,42.60,42.60,106000,4526474.50
2022/07/06,0949,42.60,42.61,42.52,42.59,74700,3180931.00
2022/07/06,0950,42.60,42.78,42.60,42.72,48400,2064759.00
2022/07/06,0951,42.78,42.88,42.75,42.88,39200,1676944.38
2022/07/06,0952,42.78,43.00,42.76,42.92,46400,1989560.38
2022/07/06,0953,42.80,43.00,42.69,42.81,75000,3211801.00
2022/07/06,0954,42.70,42.79,42.59,42.59,47400,2020445.00
2022/07/06,0955,42.56,42.56,42.51,42.51,76400,3248204.00
2022/07/06,0956,42.53,42.62,42.51,42.62,56100,2387304.00
2022/07/06,0957,42.65,42.88,42.62,42.80,21700,927325.00
2022/07/06,0958,42.82,42.90,42.78,42.78,33600,1439322.00
2022/07/06,0959,42.78,42.78,42.63,42.66,29400,1256735.88
2022/07/06,1000,42.62,42.65,42.60,42.64,25600,1091177.25
2022/07/06,1001,42.66,42.78,42.66,42.78,14200,606432.00
2022/07/06,1002,42.80,43.00,42.80,43.00,48900,2098362.75
2022/07/06,1003,43.00,43.30,43.00,43.29,26100,1122816.13
2022/07/06,1004,43.40,43.64,43.39,43.39,133200,5800513.00
2022/07/06,1005,43.49,43.50,43.39,43.49,40200,1746624.00
2022/07/06,1006,43.50,43.88,43.50,43.88,45600,1990501.00
2022/07/06,1007,43.89,43.92,43.50,43.50,76800,3365131.00
2022/07/06,1008,43.50,43.50,43.30,43.30,24300,1054611.00
2022/07/06,1009,43.36,43.52,43.31,43.52,20000,867906.00
2022/07/06,1010,43.52,43.52,43.20,43.20,40800,1770721.25
2022/07/06,1011,43.20,43.20,43.00,43.02,33000,1420792.00
2022/07/06,1012,43.02,43.15,43.02,43.11,20400,878337.00
2022/07/06,1013,43.19,43.19,42.90,42.90,28100,1210333.25
2022/07/06,1014,42.90,42.90,42.74,42.75,24100,1031879.00
2022/07/06,1015,42.74,43.00,42.74,43.00,38800,1660295.00
2022/07/06,1016,42.99,43.18,42.90,42.99,27700,1191251.00
2022/07/06,1017,42.90,43.07,42.90,43.00,8600,369849.00
2022/07/06,1018,43.00,43.00,42.80,42.80,28700,1232807.00
2022/07/06,1019,42.83,42.84,42.80,42.83,11900,509245.19
2022/07/06,1020,42.84,42.93,42.82,42.93,12600,540102.13
2022/07/06,1021,42.93,42.99,42.86,42.93,24900,1069223.00
2022/07/06,1022,42.80,42.80,42.51,42.51,57700,2462097.00
2022/07/06,1023,42.50,42.50,42.35,42.44,83000,3524268.75
2022/07/06,1024,42.39,42.70,42.39,42.70,36700,1559953.63
2022/07/06,1025,42.60,42.70,42.53,42.63,19600,835769.94
2022/07/06,1026,42.55,42.63,42.54,42.60,55000,2341370.75
2022/07/06,1027,42.62,42.62,42.58,42.60,12400,528157.00
2022/07/06,1028,42.62,42.62,42.57,42.57,22000,937141.00
2022/07/06,1029,42.57,42.57,42.35,42.38,48400,2056207.00
2022/07/06,1030,42.35,42.35,42.07,42.08,82300,3476971.25
2022/07/06,1031,42.09,42.10,42.01,42.03,72200,3035599.00
2022/07/06,1032,42.04,42.28,42.03,42.22,31100,1308713.00
2022/07/06,1033,42.28,42.51,42.28,42.51,19600,828525.00
2022/07/06,1034,42.51,42.62,42.51,42.62,26200,1118242.88
2022/07/06,1035,42.64,42.72,42.64,42.66,32800,1395947.00
2022/07/06,1036,42.66,42.76,42.61,42.61,14700,627421.00
2022/07/06,1037,42.61,42.62,42.57,42.58,22900,975487.00
2022/07/06,1038,42.61,42.61,42.57,42.60,13300,566526.00
2022/07/06,1039,42.60,42.60,42.51,42.51,9600,408779.00
2022/07/06,1040,42.51,42.60,42.51,42.60,9800,417097.00
2022/07/06,1041,42.60,42.62,42.59,42.60,12800,545322.00
2022/07/06,1042,42.60,42.60,42.58,42.59,11800,502493.00
2022/07/06,1043,42.58,42.58,42.51,42.51,4600,195758.00
2022/07/06,1044,42.51,42.51,42.38,42.38,13400,568902.00
2022/07/06,1045,42.37,42.37,42.31,42.31,9200,389465.00
2022/07/06,1046,42.31,42.34,42.27,42.34,37500,1586504.00
2022/07/06,1047,42.32,42.56,42.32,42.56,17500,742986.00
2022/07/06,1048,42.59,42.81,42.59,42.77,16700,712832.00
2022/07/06,1049,42.75,42.99,42.75,42.99,14100,605535.00
2022/07/06,1050,42.99,42.99,42.75,42.75,20600,885205.00
2022/07/06,1051,42.75,42.94,42.75,42.92,8500,364246.00
2022/07/06,1052,42.99,43.09,42.99,43.05,23100,993331.00
2022/07/06,1053,43.10,43.20,43.10,43.20,12800,552159.00
2022/07/06,1054,43.20,43.26,43.20,43.26,42300,1828602.00
2022/07/06,1055,43.26,43.26,43.00,43.00,13000,561200.00
2022/07/06,1056,43.00,43.19,42.92,43.17,13100,563845.00
2022/07/06,1057,43.17,43.17,42.71,42.80,10600,454760.00
2022/07/06,1058,42.80,42.99,42.80,42.96,5100,218559.00
2022/07/06,1059,42.90,43.10,42.90,43.10,10100,434561.00
2022/07/06,1100,43.10,43.15,43.00,43.15,8400,361807.00
2022/07/06,1101,43.17,43.19,43.15,43.19,11300,488019.00
2022/07/06,1102,43.19,43.41,43.19,43.41,14300,619018.00
2022/07/06,1103,43.35,43.46,43.28,43.45,45400,1970303.00
2022/07/06,1104,43.40,43.44,43.28,43.28,18700,810209.00
2022/07/06,1105,43.27,43.27,42.85,43.19,29300,1259836.00
2022/07/06,1106,42.91,43.00,42.85,43.00,4900,210248.00
2022/07/06,1107,42.87,43.00,42.85,43.00,14800,634650.00
2022/07/06,1108,43.00,43.20,43.00,43.20,12500,539681.00
2022/07/06,1109,43.19,43.20,42.90,43.20,9500,409767.00
2022/07/06,1110,43.19,43.19,43.00,43.00,4200,180749.00
2022/07/06,1111,43.00,43.05,43.00,43.05,7000,301180.00
2022/07/06,1112,43.00,43.09,43.00,43.09,6200,266807.00
2022/07/06,1113,43.09,43.09,43.05,43.06,4900,210952.00
2022/07/06,1114,43.06,43.06,43.00,43.00,9400,404238.00
2022/07/06,1115,43.00,43.00,42.89,42.89,15500,665332.00
2022/07/06,1116,42.88,42.88,42.78,42.80,6200,265603.00
2022/07/06,1117,42.71,42.80,42.60,42.66,7400,315783.00
2022/07/06,1118,42.67,42.80,42.67,42.80,4800,205152.00
2022/07/06,1119,42.75,43.00,42.75,42.89,7600,325765.00
2022/07/06,1120,43.00,43.15,42.89,43.15,5600,241020.00
2022/07/06,1121,43.15,43.18,43.04,43.04,12100,522180.00
2022/07/06,1122,43.05,43.10,43.04,43.08,10300,443470.00
2022/07/06,1123,43.05,43.08,43.04,43.04,3200,137796.00
2022/07/06,1124,43.00,43.00,42.93,43.00,7900,339372.00
2022/07/06,1125,43.00,43.07,43.00,43.03,7500,322571.00
2022/07/06,1126,43.00,43.06,42.85,42.85,4100,176266.00
2022/07/06,1127,42.83,42.86,42.79,42.80,5900,252616.00
2022/07/06,1128,42.80,42.80,42.73,42.73,7400,316554.00
2022/07/06,1129,42.78,42.98,42.78,42.87,5200,222696.00
2022/07/06,1130,42.98,43.04,42.88,43.04,5400,232194.00
2022/07/06,1301,43.00,43.00,42.99,42.99,8900,382842.91
2022/07/06,1302,42.99,42.99,42.89,42.89,4200,180196.00
2022/07/06,1303,42.90,42.90,42.88,42.89,2100,90071.00
2022/07/06,1304,42.88,42.89,42.87,42.89,5400,231547.00
2022/07/06,1305,42.86,42.88,42.86,42.86,6300,270052.00
2022/07/06,1306,42.85,42.86,42.80,42.80,9900,424130.00
2022/07/06,1307,42.72,42.73,42.67,42.67,8000,341547.00
2022/07/06,1308,42.66,42.80,42.66,42.68,14200,606173.00
2022/07/06,1309,42.67,42.70,42.67,42.70,5500,234781.00
2022/07/06,1310,42.69,42.73,42.69,42.73,4900,209232.00
2022/07/06,1311,42.77,42.77,42.66,42.73,16500,704510.00
2022/07/06,1312,42.73,42.73,42.60,42.62,5200,221874.00
2022/07/06,1313,42.62,42.72,42.61,42.63,8300,353808.00
2022/07/06,1314,42.63,42.63,42.50,42.50,14900,634058.00
2022/07/06,1315,42.50,42.51,42.42,42.42,16000,679487.00
2022/07/06,1316,42.41,42.41,42.24,42.30,20900,884521.00
2022/07/06,1317,42.18,42.27,42.10,42.15,83500,3520827.25
2022/07/06,1318,42.14,42.31,42.14,42.30,21800,920805.00
2022/07/06,1319,42.35,42.48,42.35,42.48,23500,996863.00
2022/07/06,1320,42.43,42.53,42.33,42.35,24500,1038424.00
2022/07/06,1321,42.30,42.32,42.05,42.05,39800,1678494.88
2022/07/06,1322,42.13,42.13,41.88,41.90,75100,3149207.00
2022/07/06,1323,41.90,41.96,41.88,41.88,60000,2514185.00
2022/07/06,1324,41.88,42.09,41.86,42.01,32400,1362072.88
2022/07/06,1325,42.20,42.20,42.00,42.00,33200,1396171.00
2022/07/06,1326,42.00,42.00,41.92,41.99,21900,919255.00
2022/07/06,1327,42.00,42.07,41.99,42.07,14400,604877.00
2022/07/06,1328,42.10,42.14,42.01,42.02,16800,706992.00
2022/07/06,1329,42.00,42.07,41.95,42.01,24300,1020683.00
2022/07/06,1330,41.99,42.01,41.96,41.99,20500,860738.00
2022/07/06,1331,42.01,42.01,41.97,42.00,29600,1242855.00
2022/07/06,1332,42.00,42.02,41.97,42.02,9800,411570.00
2022/07/06,1333,42.02,42.14,42.02,42.14,7000,294450.00
2022/07/06,1334,42.15,42.37,42.15,42.37,16800,710070.00
2022/07/06,1335,42.40,42.49,42.40,42.40,14700,624224.00
2022/07/06,1336,42.36,42.40,42.18,42.18,5000,211444.00
2022/07/06,1337,42.16,42.16,42.03,42.04,10700,450325.00
2022/07/06,1338,42.05,42.25,42.05,42.25,7300,305675.63
2022/07/06,1339,42.18,42.27,42.16,42.16,6800,287002.00
2022/07/06,1340,42.17,42.18,42.04,42.04,9600,405902.38
2022/07/06,1341,42.03,42.03,41.91,41.91,31400,1317772.00
2022/07/06,1342,41.92,41.94,41.90,41.90,32200,1347527.63
2022/07/06,1343,41.90,41.96,41.90,41.93,14000,587195.00
2022/07/06,1344,41.90,41.92,41.81,41.81,42500,1781435.88
2022/07/06,1345,41.81,41.81,41.68,41.75,42100,1757440.00
2022/07/06,1346,41.74,41.83,41.72,41.72,59300,2476319.00
2022/07/06,1347,41.74,41.74,41.52,41.56,39300,1636139.13
2022/07/06,1348,41.54,41.58,41.52,41.54,44800,1861304.25
2022/07/06,1349,41.55,41.59,41.43,41.43,72700,3018428.25
2022/07/06,1350,41.43,41.43,41.30,41.34,37500,1551376.00
2022/07/06,1351,41.33,41.36,41.00,41.00,96700,3984871.00
2022/07/06,1352,41.08,41.10,41.00,41.10,95400,3914098.00
2022/07/06,1353,41.10,41.55,41.10,41.52,37900,1567482.00
2022/07/06,1354,41.55,41.92,41.55,41.92,17600,735218.00
2022/07/06,1355,41.91,41.91,41.31,41.59,62500,2605067.50
2022/07/06,1356,41.59,41.59,41.18,41.33,9000,371731.00
2022/07/06,1357,41.37,41.55,41.37,41.47,12500,518444.00
2022/07/06,1358,41.54,41.54,41.48,41.50,39300,1631071.00
2022/07/06,1359,41.48,41.48,41.38,41.40,16100,667269.00
2022/07/06,1400,41.40,41.42,41.38,41.40,26800,1109284.75
2022/07/06,1401,41.38,41.40,41.34,41.40,18500,764130.00
2022/07/06,1402,41.40,41.46,41.39,41.41,20300,840580.38
2022/07/06,1403,41.39,41.41,41.38,41.39,11000,456779.34
2022/07/06,1404,41.39,41.39,41.20,41.23,17500,722689.00
2022/07/06,1405,41.19,41.23,40.95,40.99,59000,2422552.00
2022/07/06,1406,40.89,41.00,40.85,41.00,40900,1672653.00
2022/07/06,1407,40.99,41.19,40.99,41.19,21500,883366.94
2022/07/06,1408,41.19,41.27,41.19,41.20,42400,1747247.00
2022/07/06,1409,41.20,41.27,41.20,41.27,17000,700431.00
2022/07/06,1410,41.28,41.28,41.22,41.22,10700,441434.00
2022/07/06,1411,41.21,41.22,41.19,41.19,13000,535592.00
2022/07/06,1412,41.19,41.19,41.01,41.01,25300,1040510.00
2022/07/06,1413,41.03,41.03,40.88,40.89,19100,781882.00
2022/07/06,1414,40.89,40.89,40.85,40.88,33900,1384369.25
2022/07/06,1415,40.89,40.94,40.89,40.94,15000,613663.38
2022/07/06,1416,40.93,40.99,40.93,40.96,12300,503980.00
2022/07/06,1417,40.98,41.03,40.98,41.01,19400,795346.00
2022/07/06,1418,41.03,41.23,41.02,41.23,49300,2028204.00
2022/07/06,1419,41.23,41.40,41.23,41.40,49300,2035818.00
2022/07/06,1420,41.40,41.47,41.35,41.40,20700,857196.19
2022/07/06,1421,41.38,41.38,41.19,41.30,16000,661080.00
2022/07/06,1422,41.30,41.36,41.27,41.27,30800,1273034.00
2022/07/06,1423,41.26,41.26,41.13,41.13,9600,395471.00
2022/07/06,1424,41.02,41.13,41.00,41.08,9600,393989.00
2022/07/06,1425,41.03,41.18,41.03,41.18,6300,258777.00
2022/07/06,1426,41.18,41.20,41.08,41.08,8400,345872.00
2022/07/06,1427,41.08,41.13,41.07,41.12,6300,258950.00
2022/07/06,1428,41.11,41.11,40.88,40.88,67300,2758481.00
2022/07/06,1429,40.87,41.12,40.80,41.12,51800,2116399.25
2022/07/06,1430,41.15,41.15,41.10,41.10,13400,551203.31
2022/07/06,1431,41.12,41.12,40.96,41.01,12400,509621.00
2022/07/06,1432,41.08,41.15,41.08,41.14,14300,588092.69
2022/07/06,1433,41.15,41.21,41.15,41.20,24400,1005014.13
2022/07/06,1434,41.20,41.23,41.17,41.17,26000,1071322.00
2022/07/06,1435,41.18,41.18,40.95,41.00,55600,2286592.00
2022/07/06,1436,40.94,41.09,40.94,41.09,18500,758565.00
2022/07/06,1437,41.08,41.08,41.04,41.05,25600,1050327.38
2022/07/06,1438,41.04,41.05,40.95,41.00,31500,1291568.63
2022/07/06,1439,40.96,41.00,40.96,40.98,18400,754129.00
2022/07/06,1440,40.99,41.03,40.98,41.03,19900,816043.00
2022/07/06,1441,41.03,41.06,41.03,41.05,12600,517222.00
2022/07/06,1442,41.07,41.07,41.03,41.05,30700,1261963.50
2022/07/06,1443,41.04,41.06,40.93,40.93,50700,2076458.50
2022/07/06,1444,40.94,40.95,40.93,40.93,40800,1670449.00
2022/07/06,1445,40.93,40.95,40.91,40.95,24100,988538.56
2022/07/06,1446,40.95,40.95,40.83,40.86,71400,2918345.50
2022/07/06,1447,40.86,40.86,40.68,40.69,60200,2454311.75
2022/07/06,1448,40.68,40.76,40.68,40.76,36800,1497892.00
2022/07/06,1449,40.76,41.00,40.76,40.83,67400,2753135.00
2022/07/06,1450,40.82,41.07,40.82,40.86,115400,4726568.00
2022/07/06,1451,40.86,41.00,40.86,40.98,33100,1355695.75
2022/07/06,1452,41.00,41.01,40.87,40.87,47500,1946221.13
2022/07/06,1453,40.87,40.92,40.87,40.92,33100,1353652.00
2022/07/06,1454,40.92,40.94,40.91,40.91,34900,1428147.00
2022/07/06,1455,40.92,40.92,40.88,40.90,40200,1644361.00
2022/07/06,1456,40.88,40.90,40.81,40.81,57200,2337338.75
2022/07/06,1457,40.81,40.81,40.51,40.64,138500,5633314.00
2022/07/06,1458,40.60,40.60,40.55,40.55,13000,527843.81
2022/07/06,1459,40.55,40.55,40.55,40.55,0,0.00
2022/07/06,1500,40.42,40.42,40.42,40.42,180100,7279642.00
2022/07/07,0931,39.00,39.35,38.83,39.00,303100,11824961.00
2022/07/07,0932,39.00,39.14,38.87,39.14,218800,8524300.00
2022/07/07,0933,39.14,39.48,39.14,39.33,98100,3856035.00
2022/07/07,0934,39.33,39.39,39.10,39.10,76700,3010571.75
2022/07/07,0935,39.09,39.26,39.05,39.25,117300,4587326.00
2022/07/07,0936,39.26,39.44,39.25,39.40,37000,1455643.25
2022/07/07,0937,39.45,39.86,39.45,39.86,74500,2944228.00
2022/07/07,0938,39.73,40.65,39.71,40.00,187100,7535458.00
2022/07/07,0939,40.45,40.46,40.01,40.19,39100,1572525.38
2022/07/07,0940,40.26,40.26,40.10,40.16,58700,2359747.00
2022/07/07,0941,40.16,40.44,40.16,40.32,60300,2433110.50
2022/07/07,0942,40.30,40.30,40.01,40.01,47400,1900824.00
2022/07/07,0943,40.01,40.01,39.84,39.84,42600,1702571.00
2022/07/07,0944,39.86,40.00,39.80,39.95,45900,1829609.00
2022/07/07,0945,40.04,40.42,39.91,40.40,46300,1862245.00
2022/07/07,0946,40.41,40.41,40.08,40.22,36400,1467565.00
2022/07/07,0947,40.08,40.20,40.08,40.19,25500,1024326.00
2022/07/07,0948,40.17,40.17,40.01,40.01,18200,729613.00
2022/07/07,0949,40.01,40.01,39.59,39.62,25300,1009081.00
2022/07/07,0950,39.54,39.70,39.50,39.70,67300,2660793.00
2022/07/07,0951,39.70,40.10,39.70,40.10,26700,1063615.00
2022/07/07,0952,40.00,40.10,39.90,39.90,13100,523679.00
2022/07/07,0953,39.87,40.13,39.87,40.13,37100,1482280.00
2022/07/07,0954,40.18,40.29,39.95,40.29,35500,1426344.00
2022/07/07,0955,40.34,40.34,40.13,40.13,16900,680473.00
2022/07/07,0956,40.13,40.13,39.98,40.00,14800,592007.00
2022/07/07,0957,40.00,40.09,40.00,40.08,11200,448476.00
2022/07/07,0958,40.08,40.08,39.90,39.90,11300,452300.00
2022/07/07,0959,39.87,40.18,39.86,40.18,18700,748327.00
2022/07/07,1000,40.00,40.17,40.00,40.11,17600,705625.00
2022/07/07,1001,40.05,40.08,40.00,40.01,28000,1120843.00
2022/07/07,1002,40.01,40.10,40.01,40.10,15700,628382.00
2022/07/07,1003,40.10,40.12,40.03,40.10,17300,693296.63
2022/07/07,1004,40.05,40.10,39.97,39.97,35400,1416363.00
2022/07/07,1005,39.97,39.97,39.85,39.87,18300,729979.00
2022/07/07,1006,39.88,39.93,39.87,39.93,9500,378986.00
2022/07/07,1007,39.89,39.93,39.89,39.92,11900,474892.00
2022/07/07,1008,39.90,39.93,39.88,39.91,17200,686346.00
2022/07/07,1009,39.89,39.90,39.85,39.85,25100,1001018.00
2022/07/07,1010,39.84,39.84,39.63,39.63,19600,778458.00
2022/07/07,1011,39.61,39.64,39.55,39.61,30500,1207573.00
2022/07/07,1012,39.60,39.65,39.57,39.61,33600,1330135.00
2022/07/07,1013,39.64,39.66,39.55,39.56,28400,1124186.00
2022/07/07,1014,39.56,39.56,39.51,39.51,27200,1075551.00
2022/07/07,1015,39.55,39.56,39.51,39.55,19000,750920.00
2022/07/07,1016,39.51,39.57,39.51,39.57,10600,419229.00
2022/07/07,1017,39.57,39.69,39.57,39.69,16700,661633.00
2022/07/07,1018,39.69,39.85,39.69,39.85,33900,1346981.00
2022/07/07,1019,39.85,39.90,39.85,39.89,5600,223354.00
2022/07/07,1020,39.88,39.90,39.70,39.70,28500,1134769.00
2022/07/07,1021,39.70,39.70,39.61,39.65,12600,499693.00
2022/07/07,1022,39.65,39.69,39.63,39.64,12000,475677.00
2022/07/07,1023,39.64,39.70,39.63,39.64,5900,233963.00
2022/07/07,1024,39.63,39.63,39.53,39.56,33900,1342213.00
2022/07/07,1025,39.53,39.56,39.53,39.53,14200,561423.00
2022/07/07,1026,39.53,39.53,39.50,39.50,17200,679580.00
2022/07/07,1027,39.50,39.50,39.36,39.36,14800,583914.00
2022/07/07,1028,39.36,39.36,39.24,39.28,39400,1547747.00
2022/07/07,1029,39.29,39.51,39.29,39.51,28900,1137263.00
2022/07/07,1030,39.48,39.59,39.48,39.48,15900,628640.00
2022/07/07,1031,39.55,39.55,39.49,39.49,8800,347706.00
2022/07/07,1032,39.48,39.48,39.31,39.32,10400,409986.00
2022/07/07,1033,39.31,39.32,39.30,39.31,16000,628904.00
2022/07/07,1034,39.39,39.40,39.32,39.33,25800,1016017.00
2022/07/07,1035,39.33,39.40,39.30,39.33,30200,1187507.00
2022/07/07,1036,39.31,39.48,39.31,39.47,14500,571236.00
2022/07/07,1037,39.48,39.50,39.47,39.50,9500,373829.63
2022/07/07,1038,39.53,39.60,39.53,39.57,7200,284816.00
2022/07/07,1039,39.55,39.55,39.40,39.40,12000,474748.38
2022/07/07,1040,39.40,39.44,39.39,39.39,16500,650177.00
2022/07/07,1041,39.39,39.39,39.29,39.30,13900,546378.00
2022/07/07,1042,39.30,39.30,39.22,39.29,20400,801136.00
2022/07/07,1043,39.29,39.39,39.29,39.36,10000,393235.00
2022/07/07,1044,39.36,39.39,39.34,39.35,15800,621764.00
2022/07/07,1045,39.36,39.36,39.34,39.34,9800,385578.00
2022/07/07,1046,39.39,39.39,39.29,39.31,18700,735090.00
2022/07/07,1047,39.31,39.31,39.24,39.24,19400,761678.00
2022/07/07,1048,39.28,39.30,39.25,39.30,12700,498876.00
2022/07/07,1049,39.32,39.33,39.25,39.32,31000,1217676.00
2022/07/07,1050,39.32,39.32,39.29,39.32,11600,455955.00
2022/07/07,1051,39.30,39.33,39.30,39.33,10800,424575.00
2022/07/07,1052,39.33,39.40,39.33,39.40,10400,409250.00
2022/07/07,1053,39.48,39.48,39.40,39.40,8100,319308.00
2022/07/07,1054,39.40,39.42,39.30,39.34,23200,912618.69
2022/07/07,1055,39.34,39.35,39.29,39.30,10600,416739.00
2022/07/07,1056,39.29,39.30,39.24,39.24,14200,557658.00
2022/07/07,1057,39.25,39.25,39.11,39.12,24500,960167.00
2022/07/07,1058,39.09,39.11,39.00,39.00,86900,3391427.00
2022/07/07,1059,39.00,39.11,39.00,39.10,16300,636065.00
2022/07/07,1100,39.10,39.21,39.10,39.21,18700,732729.00
2022/07/07,1101,39.21,39.25,39.20,39.20,15600,611608.00
2022/07/07,1102,39.20,39.20,39.10,39.14,18300,716337.00
2022/07/07,1103,39.17,39.17,39.09,39.10,16000,626044.25
2022/07/07,1104,39.09,39.09,39.01,39.02,24000,937635.00
2022/07/07,1105,39.03,39.13,39.03,39.13,8400,328131.00
2022/07/07,1106,39.15,39.16,39.05,39.05,14500,566900.00
2022/07/07,1107,39.08,39.08,38.99,38.99,40900,1595642.00
2022/07/07,1108,38.98,39.02,38.96,39.02,27000,1052687.00
2022/07/07,1109,39.02,39.05,39.01,39.02,20900,812670.25
2022/07/07,1110,39.01,39.05,39.01,39.05,17000,663643.00
2022/07/07,1111,39.05,39.10,39.05,39.07,10300,402607.00
2022/07/07,1112,39.09,39.10,39.08,39.09,6100,238422.00
2022/07/07,1113,39.10,39.12,39.09,39.11,9900,387149.00
2022/07/07,1114,39.12,39.12,39.10,39.10,10000,391102.00
2022/07/07,1115,39.10,39.10,39.03,39.03,14600,570394.00
2022/07/07,1116,39.02,39.02,39.00,39.01,22500,876872.00
2022/07/07,1117,39.02,39.05,39.01,39.05,20100,787030.75
2022/07/07,1118,39.05,39.10,39.05,39.07,5100,199266.00
2022/07/07,1119,39.07,39.11,39.07,39.11,11900,465006.00
2022/07/07,1120,39.11,39.11,39.04,39.04,9000,351515.00
2022/07/07,1121,39.02,39.07,39.02,39.07,10100,394198.00
2022/07/07,1122,39.04,39.08,39.04,39.08,6600,257829.00
2022/07/07,1123,39.05,39.19,39.05,39.19,8200,320769.00
2022/07/07,1124,39.25,39.42,39.25,39.42,17600,692624.00
2022/07/07,1125,39.44,39.55,39.44,39.54,11800,466018.00
2022/07/07,1126,39.50,39.53,39.46,39.46,11700,462098.00
2022/07/07,1127,39.46,39.50,39.46,39.48,8300,327789.00
2022/07/07,1128,39.49,39.51,39.48,39.51,3800,150098.00
2022/07/07,1129,39.51,39.51,39.48,39.48,11700,462154.00
2022/07/07,1130,39.48,39.48,39.36,39.36,5300,209087.00
2022/07/07,1301,39.36,39.36,39.20,39.28,15900,625399.00
2022/07/07,1302,39.20,39.34,39.20,39.34,4300,168688.00
2022/07/07,1303,39.28,39.34,39.28,39.34,500,19660.00
2022/07/07,1304,39.30,39.34,39.28,39.28,1700,66806.00
2022/07/07,1305,39.30,39.35,39.28,39.33,3400,133704.00
2022/07/07,1306,39.36,39.44,39.36,39.37,4500,177175.00
2022/07/07,1307,39.37,39.38,39.31,39.33,11700,460503.00
2022/07/07,1308,39.30,39.30,39.29,39.29,16400,644503.00
2022/07/07,1309,39.28,39.28,39.15,39.15,9200,360712.00
2022/07/07,1310,39.10,39.10,39.06,39.08,36600,1430623.00
2022/07/07,1311,39.10,39.18,39.07,39.18,9400,367600.00
2022/07/07,1312,39.18,39.30,39.05,39.30,33700,1319721.00
2022/07/07,1313,39.29,39.30,39.26,39.26,6300,247387.00
2022/07/07,1314,39.10,39.10,39.09,39.10,30900,1205818.75
2022/07/07,1315,39.11,39.20,39.11,39.20,9200,359935.00
2022/07/07,1316,39.13,39.20,39.13,39.15,5200,203644.00
2022/07/07,1317,39.16,39.16,39.14,39.14,16400,642146.00
2022/07/07,1318,39.15,39.16,39.12,39.13,9200,360102.00
2022/07/07,1319,39.12,39.13,39.10,39.10,9100,358403.31
2022/07/07,1320,39.10,39.10,39.06,39.08,17000,661803.25
2022/07/07,1321,39.08,39.15,39.08,39.13,21000,821116.00
2022/07/07,1322,39.17,39.17,39.11,39.11,3900,152638.00
2022/07/07,1323,39.13,39.20,39.13,39.18,4500,176253.00
2022/07/07,1324,39.18,39.18,39.15,39.15,4200,164451.00
2022/07/07,1325,39.12,39.15,39.11,39.12,9100,356024.00
2022/07/07,1326,39.12,39.12,39.10,39.12,4400,172083.00
2022/07/07,1327,39.12,39.25,39.12,39.25,9400,367926.00
2022/07/07,1328,39.25,39.39,39.25,39.39,24500,964110.00
2022/07/07,1329,39.39,39.46,39.34,39.43,16900,665726.00
2022/07/07,1330,39.44,39.44,39.30,39.30,8900,350288.00
2022/07/07,1331,39.29,39.29,39.18,39.18,6000,235307.00
2022/07/07,1332,39.16,39.18,39.12,39.17,7800,305449.00
2022/07/07,1333,39.19,39.30,39.19,39.30,5500,215901.00
2022/07/07,1334,39.30,39.31,39.30,39.30,3800,150170.30
2022/07/07,1335,39.34,39.34,39.30,39.30,4200,164300.70
2022/07/07,1336,39.29,39.32,39.27,39.32,4400,173724.67
2022/07/07,1337,39.32,39.32,39.28,39.28,2900,113988.00
2022/07/07,1338,39.20,39.30,39.20,39.29,7000,273847.69
2022/07/07,1339,39.19,39.21,39.18,39.19,8900,348817.00
2022/07/07,1340,39.18,39.29,39.18,39.28,5000,196075.00
2022/07/07,1341,39.21,39.30,39.20,39.30,5100,200251.00
2022/07/07,1342,39.29,39.29,39.22,39.29,3400,133458.00
2022/07/07,1343,39.22,39.23,39.21,39.21,7000,274508.00
2022/07/07,1344,39.21,39.22,39.20,39.22,8800,345071.72
2022/07/07,1345,39.21,39.22,39.21,39.22,15800,620746.38
2022/07/07,1346,39.22,39.27,39.22,39.24,4400,172702.00
2022/07/07,1347,39.26,39.26,39.18,39.19,18300,716360.63
2022/07/07,1348,39.18,39.20,39.18,39.19,10000,391858.34
2022/07/07,1349,39.19,39.20,39.18,39.18,11400,446817.00
2022/07/07,1350,39.18,39.21,39.18,39.21,8400,332851.16
2022/07/07,1351,39.24,39.27,39.24,39.27,4000,157004.00
2022/07/07,1352,39.26,39.26,39.20,39.20,5000,196136.00
2022/07/07,1353,39.20,39.21,39.18,39.18,14500,568276.13
2022/07/07,1354,39.18,39.18,39.12,39.12,13300,517189.44
2022/07/07,1355,39.15,39.15,39.10,39.11,15800,617970.00
2022/07/07,1356,39.13,39.20,39.11,39.18,4300,172010.56
2022/07/07,1357,39.20,39.20,39.15,39.17,7200,278455.69
2022/07/07,1358,39.17,39.17,39.14,39.17,3000,117490.00
2022/07/07,1359,39.16,39.17,39.15,39.15,5000,195793.00
2022/07/07,1400,39.14,39.14,39.12,39.12,14100,551735.00
2022/07/07,1401,39.12,39.14,39.12,39.14,5800,226949.00
2022/07/07,1402,39.13,39.16,39.13,39.16,13700,536290.00
2022/07/07,1403,39.15,39.18,39.15,39.18,8700,340714.00
2022/07/07,1404,39.18,39.20,39.17,39.18,3400,133223.00
2022/07/07,1405,39.20,39.25,39.20,39.25,4700,185075.00
2022/07/07,1406,39.26,39.26,39.23,39.24,10700,419969.00
2022/07/07,1407,39.23,39.23,39.19,39.19,6700,261895.00
2022/07/07,1408,39.19,39.19,39.00,39.02,89700,3502923.75
2022/07/07,1409,38.95,38.96,38.88,38.90,50700,1974524.00
2022/07/07,1410,38.95,39.08,38.92,38.94,21600,841345.25
2022/07/07,1411,39.03,39.03,38.94,39.01,17800,694039.00
2022/07/07,1412,39.00,39.00,38.95,38.95,24400,950624.00
2022/07/07,1413,38.94,38.94,38.91,38.92,37100,1444226.75
2022/07/07,1414,38.91,39.00,38.91,39.00,32200,1255896.00
2022/07/07,1415,39.00,39.05,38.99,39.00,20100,784117.50
2022/07/07,1416,38.99,39.00,38.95,38.99,13000,506676.00
2022/07/07,1417,38.99,39.00,38.96,38.97,8100,315832.00
2022/07/07,1418,38.98,38.98,38.91,38.91,19700,765588.63
2022/07/07,1419,38.91,38.93,38.90,38.90,34500,1342483.00
2022/07/07,1420,38.90,38.90,38.87,38.88,21300,828179.00
2022/07/07,1421,38.88,38.88,38.85,38.87,28300,1100062.00
2022/07/07,1422,38.87,38.92,38.86,38.88,68500,2664789.00
2022/07/07,1423,38.87,39.01,38.87,39.01,21400,834192.00
2022/07/07,1424,39.04,39.47,39.04,39.47,55200,2169176.25
2022/07/07,1425,39.47,39.55,39.20,39.35,49400,1948279.00
2022/07/07,1426,39.35,39.38,39.29,39.30,20700,814496.00
2022/07/07,1427,39.30,39.31,39.28,39.30,9800,385114.00
2022/07/07,1428,39.29,39.32,39.29,39.31,17800,699467.00
2022/07/07,1429,39.31,39.31,39.20,39.27,15200,596610.00
2022/07/07,1430,39.27,39.27,39.20,39.21,6300,247209.59
2022/07/07,1431,39.21,39.27,39.21,39.27,10200,400163.09
2022/07/07,1432,39.24,39.29,39.24,39.27,6300,247346.25
2022/07/07,1433,39.27,39.37,39.27,39.37,17400,683997.00
2022/07/07,1434,39.36,39.44,39.36,39.38,39400,1550188.00
2022/07/07,1435,39.36,39.36,39.31,39.32,12900,507271.00
2022/07/07,1436,39.32,39.32,39.25,39.25,10500,412665.00
2022/07/07,1437,39.21,39.25,39.21,39.24,5600,219718.00
2022/07/07,1438,39.23,39.30,39.23,39.26,6100,239425.00
2022/07/07,1439,39.30,39.33,39.30,39.33,11400,448066.00
2022/07/07,1440,39.31,39.33,39.29,39.30,22400,880304.00
2022/07/07,1441,39.29,39.29,39.25,39.25,19700,773568.00
2022/07/07,1442,39.26,39.28,39.26,39.28,14600,573311.00
2022/07/07,1443,39.28,39.29,39.27,39.27,16400,644117.00
2022/07/07,1444,39.27,39.30,39.27,39.29,34500,1355342.00
2022/07/07,1445,39.30,39.32,39.30,39.30,31800,1251333.13
2022/07/07,1446,39.30,39.31,39.27,39.30,29800,1170999.00
2022/07/07,1447,39.30,39.31,39.29,39.30,27800,1091103.25
2022/07/07,1448,39.31,39.32,39.29,39.29,18300,720650.75
2022/07/07,1449,39.30,39.30,39.29,39.29,23900,937790.25
2022/07/07,1450,39.29,39.29,39.27,39.28,26000,1019467.94
2022/07/07,1451,39.28,39.28,39.15,39.15,34700,1363515.75
2022/07/07,1452,39.12,39.18,39.06,39.09,29300,1145972.00
2022/07/07,1453,39.10,39.20,39.09,39.19,30200,1182075.00
2022/07/07,1454,39.20,39.26,39.15,39.22,23500,921127.00
2022/07/07,1455,39.25,39.28,39.25,39.27,53100,2084813.13
2022/07/07,1456,39.29,39.31,39.28,39.30,61500,2416563.00
2022/07/07,1457,39.30,39.30,39.27,39.28,79400,3119064.50
2022/07/07,1458,39.27,39.27,39.27,39.27,1000,39270.00
2022/07/07,1459,39.27,39.27,39.27,39.27,0,0.00
2022/07/07,1500,39.34,39.34,39.34,39.34,145100,5709375.00
2022/07/08,0931,39.20,39.20,38.66,38.76,162400,6332144.00
2022/07/08,0932,38.77,38.88,38.60,38.63,100600,3899258.00
2022/07/08,0933,38.62,38.64,38.50,38.53,144200,5559250.00
2022/07/08,0934,38.61,38.90,38.53,38.80,69500,2689937.00
2022/07/08,0935,38.87,38.87,38.71,38.71,51300,1991064.00
2022/07/08,0936,38.74,38.77,38.65,38.66,81200,3141678.00
2022/07/08,0937,38.65,38.78,38.58,38.58,80600,3115157.00
2022/07/08,0938,38.58,38.59,38.52,38.55,81600,3146133.00
2022/07/08,0939,38.54,38.68,38.54,38.60,46900,1810304.00
2022/07/08,0940,38.60,38.67,38.60,38.60,55700,2150965.00
2022/07/08,0941,38.60,38.60,38.52,38.56,97500,3758432.00
2022/07/08,0942,38.59,38.81,38.59,38.81,30100,1165959.00
2022/07/08,0943,38.80,38.88,38.69,38.69,22500,873240.00
2022/07/08,0944,38.66,38.70,38.62,38.62,21600,832976.50
2022/07/08,0945,38.66,38.68,38.62,38.68,30700,1186220.00
2022/07/08,0946,38.68,38.68,38.62,38.63,19300,746033.25
2022/07/08,0947,38.64,38.70,38.63,38.70,54500,2106955.00
2022/07/08,0948,38.74,38.85,38.74,38.85,26000,1008217.00
2022/07/08,0949,38.88,38.88,38.79,38.79,25500,989945.00
2022/07/08,0950,38.78,38.79,38.68,38.70,14400,557948.00
2022/07/08,0951,38.75,38.83,38.75,38.83,9200,356805.00
2022/07/08,0952,38.83,38.96,38.83,38.95,16700,649490.00
2022/07/08,0953,38.95,39.00,38.95,38.98,46800,1823826.00
2022/07/08,0954,38.96,39.03,38.95,38.97,21100,822642.00
2022/07/08,0955,38.97,38.97,38.90,38.92,8100,315337.00
2022/07/08,0956,38.95,38.95,38.85,38.85,10000,389172.00
2022/07/08,0957,38.83,38.83,38.80,38.80,12700,492872.00
2022/07/08,0958,38.80,38.80,38.70,38.70,13900,538471.00
2022/07/08,0959,38.69,38.71,38.67,38.68,25400,982586.00
2022/07/08,1000,38.68,38.71,38.60,38.62,31400,1212939.75
2022/07/08,1001,38.62,38.62,38.55,38.62,40900,1577914.25
2022/07/08,1002,38.62,38.70,38.62,38.68,11900,460009.00
2022/07/08,1003,38.66,38.66,38.53,38.53,25900,999451.75
2022/07/08,1004,38.52,38.53,38.40,38.40,88800,3417364.00
2022/07/08,1005,38.40,38.41,38.33,38.41,61700,2368091.25
2022/07/08,1006,38.41,38.41,38.36,38.36,43200,1658147.00
2022/07/08,1007,38.37,38.45,38.36,38.45,38000,1458570.00
2022/07/08,1008,38.45,38.50,38.45,38.50,21800,838617.00
2022/07/08,1009,38.52,38.52,38.39,38.39,20500,788297.00
2022/07/08,1010,38.42,38.44,38.33,38.37,30500,1170419.75
2022/07/08,1011,38.37,38.37,38.31,38.32,29800,1141808.63
2022/07/08,1012,38.31,38.37,38.30,38.37,42300,1622003.88
2022/07/08,1013,38.35,38.44,38.35,38.44,18200,698606.00
2022/07/08,1014,38.40,38.62,38.40,38.51,19300,743212.00
2022/07/08,1015,38.60,38.70,38.56,38.68,34600,1337676.00
2022/07/08,1016,38.68,38.68,38.63,38.63,5600,216434.00
2022/07/08,1017,38.52,38.62,38.52,38.54,3200,123394.00
2022/07/08,1018,38.59,38.70,38.59,38.69,17800,687948.00
2022/07/08,1019,38.69,38.70,38.63,38.64,22100,854699.00
2022/07/08,1020,38.67,38.67,38.63,38.63,4900,189365.00
2022/07/08,1021,38.63,38.63,38.53,38.53,12000,462586.00
2022/07/08,1022,38.53,38.53,38.50,38.51,21900,843490.00
2022/07/08,1023,38.51,38.51,38.46,38.46,16900,650622.00
2022/07/08,1024,38.43,38.46,38.35,38.39,25400,974839.00
2022/07/08,1025,38.39,38.46,38.39,38.46,23700,910355.00
2022/07/08,1026,38.46,38.53,38.45,38.52,18900,726709.25
2022/07/08,1027,38.52,38.53,38.48,38.49,6600,254141.00
2022/07/08,1028,38.48,38.54,38.48,38.54,8900,343795.22
2022/07/08,1029,38.52,38.62,38.52,38.61,6300,243043.00
2022/07/08,1030,38.62,38.64,38.61,38.62,5000,193132.00
2022/07/08,1031,38.62,38.63,38.53,38.62,20500,791566.00
2022/07/08,1032,38.57,38.63,38.57,38.62,5700,220136.00
2022/07/08,1033,38.64,38.66,38.63,38.66,6300,243468.00
2022/07/08,1034,38.68,38.68,38.66,38.68,4800,185591.00
2022/07/08,1035,38.67,38.67,38.62,38.62,12200,471336.00
2022/07/08,1036,38.60,38.61,38.56,38.61,3500,135086.00
2022/07/08,1037,38.62,38.66,38.62,38.65,18700,722633.00
2022/07/08,1038,38.68,38.73,38.65,38.73,14900,576296.06
2022/07/08,1039,38.73,38.80,38.73,38.80,9800,380058.00
2022/07/08,1040,38.85,38.89,38.84,38.84,6200,240931.00
2022/07/08,1041,38.87,38.88,38.80,38.80,20200,784333.00
2022/07/08,1042,38.79,38.79,38.77,38.77,6000,232673.00
2022/07/08,1043,38.77,38.78,38.77,38.77,20000,775443.00
2022/07/08,1044,38.77,38.78,38.69,38.69,5700,220908.00
2022/07/08,1045,38.69,38.69,38.53,38.55,11300,436158.00
2022/07/08,1046,38.63,38.63,38.53,38.55,12400,478097.00
2022/07/08,1047,38.55,38.63,38.53,38.53,5700,219755.00
2022/07/08,1048,38.53,38.60,38.53,38.56,4700,181174.00
2022/07/08,1049,38.55,38.58,38.55,38.58,1700,65563.00
2022/07/08,1050,38.59,38.62,38.59,38.60,9200,355090.00
2022/07/08,1051,38.60,38.71,38.60,38.60,5300,204640.00
2022/07/08,1052,38.62,38.70,38.62,38.70,2700,104427.00
2022/07/08,1053,38.67,38.67,38.59,38.61,8300,320505.00
2022/07/08,1054,38.59,38.59,38.55,38.58,7200,277681.00
2022/07/08,1055,38.58,38.60,38.55,38.59,5300,204452.00
2022/07/08,1056,38.60,38.65,38.59,38.65,1300,50199.00
2022/07/08,1057,38.61,38.69,38.61,38.69,4200,162340.00
2022/07/08,1058,38.70,38.70,38.66,38.69,1400,54141.00
2022/07/08,1059,38.66,38.67,38.66,38.67,1900,73464.00
2022/07/08,1100,38.67,38.69,38.66,38.69,4400,170196.00
2022/07/08,1101,38.70,38.70,38.67,38.68,1800,69634.00
2022/07/08,1102,38.68,38.68,38.66,38.66,6000,231998.00
2022/07/08,1103,38.66,38.67,38.62,38.62,8900,344025.00
2022/07/08,1104,38.62,38.62,38.55,38.55,12500,482006.00
2022/07/08,1105,38.56,38.59,38.55,38.55,8300,320016.00
2022/07/08,1106,38.59,38.59,38.55,38.55,6500,250649.00
2022/07/08,1107,38.54,38.54,38.53,38.53,8100,312139.00
2022/07/08,1108,38.52,38.53,38.52,38.53,7600,292783.00
2022/07/08,1109,38.53,38.60,38.53,38.60,4200,161988.00
2022/07/08,1110,38.60,38.62,38.60,38.61,2600,100373.00
2022/07/08,1111,38.60,38.61,38.58,38.60,1800,69477.00
2022/07/08,1112,38.58,38.58,38.56,38.57,3300,127278.00
2022/07/08,1113,38.56,38.56,38.55,38.55,2400,92529.00
2022/07/08,1114,38.55,38.55,38.52,38.53,11300,435390.00
2022/07/08,1115,38.53,38.60,38.53,38.56,7600,293165.00
2022/07/08,1116,38.58,38.61,38.58,38.61,4800,185268.00
2022/07/08,1117,38.65,38.71,38.65,38.65,5600,216657.00
2022/07/08,1118,38.71,38.72,38.69,38.70,2000,77417.00
2022/07/08,1119,38.70,38.70,38.65,38.65,2000,77357.00
2022/07/08,1120,38.65,38.65,38.58,38.58,4600,177621.00
2022/07/08,1121,38.60,38.60,38.59,38.59,2600,100355.00
2022/07/08,1122,38.60,38.70,38.59,38.63,3200,123542.00
2022/07/08,1123,38.70,38.70,38.67,38.70,3400,131571.00
2022/07/08,1124,38.70,38.70,38.64,38.70,3100,119964.00
2022/07/08,1125,38.65,38.72,38.63,38.63,4100,158495.00
2022/07/08,1126,38.65,38.65,38.65,38.65,700,27055.00
2022/07/08,1127,38.69,38.69,38.68,38.68,1500,58014.00
2022/07/08,1128,38.68,38.68,38.65,38.65,3600,139177.00
2022/07/08,1129,38.68,38.68,38.68,38.68,1100,42548.00
2022/07/08,1130,38.70,38.70,38.65,38.69,3800,147012.00
2022/07/08,1301,38.68,38.70,38.68,38.68,5400,208903.00
2022/07/08,1302,38.66,38.66,38.65,38.65,3000,115987.00
2022/07/08,1303,38.65,38.65,38.59,38.59,9400,362976.00
2022/07/08,1304,38.60,38.60,38.58,38.58,2100,81046.00
2022/07/08,1305,38.59,38.59,38.59,38.59,8100,312572.00
2022/07/08,1306,38.58,38.59,38.55,38.55,8100,312409.00
2022/07/08,1307,38.55,38.55,38.51,38.51,10100,389009.00
2022/07/08,1308,38.51,38.52,38.51,38.51,8000,308090.00
2022/07/08,1309,38.52,38.52,38.50,38.50,9300,358078.00
2022/07/08,1310,38.51,38.51,38.50,38.50,9900,381168.00
2022/07/08,1311,38.51,38.51,38.50,38.50,2300,88565.00
2022/07/08,1312,38.51,38.56,38.51,38.56,3800,146393.00
2022/07/08,1313,38.56,38.56,38.52,38.52,1600,61654.00
2022/07/08,1314,38.54,38.56,38.52,38.54,5000,192683.00
2022/07/08,1315,38.53,38.54,38.52,38.52,1900,73214.00
2022/07/08,1316,38.52,38.56,38.52,38.56,7300,281312.00
2022/07/08,1317,38.56,38.56,38.50,38.52,8500,327347.00
2022/07/08,1318,38.50,38.52,38.48,38.48,8600,329962.22
2022/07/08,1319,38.48,38.49,38.45,38.45,7700,296189.00
2022/07/08,1320,38.44,38.51,38.43,38.50,11200,430775.00
2022/07/08,1321,38.50,38.53,38.50,38.53,3100,119436.00
2022/07/08,1322,38.51,38.56,38.51,38.51,8100,313254.50
2022/07/08,1323,38.51,38.51,38.49,38.49,2300,87441.21
2022/07/08,1324,38.48,38.50,38.47,38.50,4300,165479.00
2022/07/08,1325,38.49,38.51,38.49,38.50,6200,238724.00
2022/07/08,1326,38.50,38.50,38.44,38.44,10400,400264.00
2022/07/08,1327,38.44,38.44,38.38,38.39,31600,1213426.00
2022/07/08,1328,38.38,38.45,38.37,38.45,17600,673961.38
2022/07/08,1329,38.46,38.50,38.46,38.48,6600,253932.00
2022/07/08,1330,38.50,38.50,38.45,38.46,2800,107721.00
2022/07/08,1331,38.45,38.50,38.45,38.50,4500,173184.00
2022/07/08,1332,38.51,38.51,38.47,38.47,5500,211745.00
2022/07/08,1333,38.47,38.48,38.46,38.48,4400,169260.00
2022/07/08,1334,38.50,38.53,38.50,38.53,6400,247591.80
2022/07/08,1335,38.55,38.55,38.51,38.53,4700,181094.00
2022/07/08,1336,38.51,38.53,38.51,38.52,4000,154067.00
2022/07/08,1337,38.51,38.51,38.49,38.49,3500,133619.22
2022/07/08,1338,38.49,38.49,38.48,38.48,6000,230888.00
2022/07/08,1339,38.48,38.48,38.42,38.47,9200,353866.00
2022/07/08,1340,38.42,38.46,38.38,38.38,6700,257347.91
2022/07/08,1341,38.37,38.38,38.33,38.33,23700,911092.88
2022/07/08,1342,38.32,38.33,38.20,38.20,37500,1434894.88
2022/07/08,1343,38.20,38.20,38.12,38.15,31500,1202123.00
2022/07/08,1344,38.18,38.25,38.18,38.25,16800,641195.25
2022/07/08,1345,38.24,38.24,38.20,38.23,17300,661116.81
2022/07/08,1346,38.20,38.20,38.16,38.20,19900,759811.00
2022/07/08,1347,38.18,38.22,38.18,38.22,5400,206290.00
2022/07/08,1348,38.23,38.28,38.23,38.28,6000,229963.75
2022/07/08,1349,38.29,38.34,38.29,38.33,8400,321933.00
2022/07/08,1350,38.33,38.33,38.30,38.30,6700,256758.00
2022/07/08,1351,38.30,38.30,38.28,38.28,9300,356119.00
2022/07/08,1352,38.26,38.28,38.23,38.23,15000,573288.00
2022/07/08,1353,38.20,38.20,38.18,38.18,18400,702732.00
2022/07/08,1354,38.18,38.18,38.16,38.16,19600,748611.94
2022/07/08,1355,38.18,38.18,38.16,38.17,12700,484250.97
2022/07/08,1356,38.17,38.24,38.16,38.24,18000,687684.94
2022/07/08,1357,38.23,38.23,38.19,38.19,7900,301774.00
2022/07/08,1358,38.18,38.18,38.15,38.18,24100,919670.00
2022/07/08,1359,38.16,38.16,38.11,38.11,15900,606450.00
2022/07/08,1400,38.10,38.11,38.03,38.03,52000,1979966.00
2022/07/08,1401,38.03,38.12,38.01,38.12,35200,1338484.00
2022/07/08,1402,38.12,38.19,38.12,38.19,7900,302389.88
2022/07/08,1403,38.19,38.23,38.18,38.20,14000,534809.00
2022/07/08,1404,38.20,38.20,38.15,38.15,10400,396004.13
2022/07/08,1405,38.17,38.17,38.10,38.10,10000,381351.47
2022/07/08,1406,38.13,38.15,38.10,38.11,10700,407785.00
2022/07/08,1407,38.10,38.15,38.10,38.11,9900,377403.00
2022/07/08,1408,38.15,38.18,38.12,38.18,3900,149850.05
2022/07/08,1409,38.10,38.18,38.10,38.12,20800,793453.63
2022/07/08,1410,38.12,38.18,38.12,38.15,7300,278420.00
2022/07/08,1411,38.13,38.17,38.13,38.17,7500,286131.00
2022/07/08,1412,38.16,38.18,38.16,38.18,4700,179421.00
2022/07/08,1413,38.18,38.18,38.15,38.15,8800,335941.00
2022/07/08,1414,38.11,38.12,38.11,38.12,8300,316383.00
2022/07/08,1415,38.11,38.11,38.05,38.06,12400,471180.31
2022/07/08,1416,38.05,38.08,38.02,38.05,27100,1030952.00
2022/07/08,1417,38.04,38.06,38.04,38.06,11500,437471.00
2022/07/08,1418,38.06,38.10,38.06,38.08,8400,319900.00
2022/07/08,1419,38.08,38.09,37.99,38.00,75800,2881592.00
2022/07/08,1420,37.98,37.98,37.89,37.92,46900,1777818.00
2022/07/08,1421,37.91,37.98,37.90,37.97,23700,899037.25
2022/07/08,1422,37.99,37.99,37.97,37.97,19600,744553.00
2022/07/08,1423,37.97,37.98,37.95,37.95,13900,527629.00
2022/07/08,1424,37.94,37.95,37.90,37.90,22000,834345.00
2022/07/08,1425,37.90,37.90,37.81,37.82,38300,1449910.00
2022/07/08,1426,37.82,37.85,37.81,37.82,36500,1380697.13
2022/07/08,1427,37.85,37.85,37.83,37.84,21700,821051.00
2022/07/08,1428,37.90,37.97,37.90,37.96,41300,1566032.75
2022/07/08,1429,37.97,38.00,37.95,38.00,12100,459966.91
2022/07/08,1430,37.99,38.00,37.93,37.95,6500,246867.00
2022/07/08,1431,37.93,37.93,37.90,37.90,12400,470122.00
2022/07/08,1432,37.90,37.90,37.83,37.83,8600,325560.00
2022/07/08,1433,37.84,37.87,37.84,37.85,9300,351968.00
2022/07/08,1434,37.85,37.85,37.83,37.85,9400,355702.00
2022/07/08,1435,37.84,37.85,37.83,37.85,12700,480560.00
2022/07/08,1436,37.84,37.85,37.83,37.85,19200,726498.00
2022/07/08,1437,37.83,37.87,37.83,37.85,18500,700227.00
2022/07/08,1438,37.86,37.86,37.85,37.85,9900,374760.00
2022/07/08,1439,37.86,37.87,37.85,37.87,11600,439221.00
2022/07/08,1440,37.86,37.89,37.86,37.88,6200,234838.00
2022/07/08,1441,37.88,37.90,37.86,37.86,8700,329538.00
2022/07/08,1442,37.86,37.89,37.85,37.85,27500,1041015.00
2022/07/08,1443,37.85,37.85,37.84,37.84,25700,972663.00
2022/07/08,1444,37.83,37.83,37.75,37.75,56700,2143195.00
2022/07/08,1445,37.71,37.76,37.64,37.67,38100,1436689.00
2022/07/08,1446,37.66,37.69,37.62,37.69,43600,1641698.00
2022/07/08,1447,37.69,37.74,37.69,37.74,40800,1538502.00
2022/07/08,1448,37.75,37.75,37.73,37.73,19000,717013.00
2022/07/08,1449,37.72,37.72,37.65,37.68,42100,1586072.00
2022/07/08,1450,37.67,37.69,37.67,37.69,22200,836463.00
2022/07/08,1451,37.67,37.69,37.65,37.68,46400,1748053.00
2022/07/08,1452,37.66,37.68,37.65,37.66,42800,1612268.00
2022/07/08,1453,37.65,37.68,37.65,37.68,53300,2007223.00
2022/07/08,1454,37.68,37.68,37.66,37.67,19100,719583.00
2022/07/08,1455,37.68,37.69,37.67,37.67,32300,1217083.00
2022/07/08,1456,37.70,37.71,37.68,37.68,48600,1831954.00
2022/07/08,1457,37.68,37.71,37.68,37.69,79300,2989105.25
2022/07/08,1458,37.69,37.69,37.68,37.68,8700,327878.00
2022/07/08,1459,37.68,37.68,37.68,37.68,0,0.00
2022/07/08,1500,37.69,37.69,37.69,37.69,121500,4579335.00
:
