2022/07/08,0931,7.05,7.50,7.05,7.17,21834200,154870400.00
2022/07/08,0932,7.17,7.68,7.17,7.59,5914100,43713088.00
2022/07/08,0933,7.56,7.59,7.36,7.36,5109900,38446348.00
2022/07/08,0934,7.35,7.39,7.27,7.39,4665400,34130344.00
2022/07/08,0935,7.36,7.37,7.30,7.30,3996500,29339616.00
2022/07/08,0936,7.29,7.30,7.21,7.22,3330000,24128424.00
2022/07/08,0937,7.27,7.27,7.10,7.10,3531700,25434824.00
2022/07/08,0938,7.09,7.09,7.05,7.05,4687900,33129528.00
2022/07/08,0939,7.05,7.16,7.04,7.16,5959400,42244016.00
2022/07/08,0940,7.16,7.20,7.16,7.18,4048300,29058274.00
2022/07/08,0941,7.19,7.19,7.08,7.14,3486700,24826852.00
2022/07/08,0942,7.16,7.37,7.14,7.35,5405700,39137828.00
2022/07/08,0943,7.35,7.35,7.23,7.26,2857700,20765376.00
2022/07/08,0944,7.26,7.34,7.26,7.31,3443600,25194002.00
2022/07/08,0945,7.33,7.60,7.27,7.60,4097600,30432424.00
2022/07/08,0946,7.61,7.76,7.60,7.65,3692700,28278850.00
2022/07/08,0947,7.57,7.59,7.45,7.52,1859400,13951500.00
2022/07/08,0948,7.53,7.58,7.52,7.52,1948600,14716068.00
2022/07/08,0949,7.52,7.53,7.44,7.44,1509100,11323867.00
2022/07/08,0950,7.44,7.44,7.34,7.34,2023600,14974292.00
2022/07/08,0951,7.33,7.37,7.32,7.36,2586600,18983354.00
2022/07/08,0952,7.36,7.38,7.34,7.34,2074100,15278657.00
2022/07/08,0953,7.35,7.36,7.33,7.36,1260500,9266222.00
2022/07/08,0954,7.38,7.49,7.38,7.49,1560700,11596485.00
2022/07/08,0955,7.50,7.51,7.43,7.45,1136500,8513989.00
2022/07/08,0956,7.45,7.48,7.43,7.48,1399200,10434930.00
2022/07/08,0957,7.52,7.74,7.52,7.74,3489100,26607214.00
2022/07/08,0958,7.75,7.89,7.74,7.88,3005300,23440576.00
2022/07/08,0959,7.86,7.96,7.86,7.94,2235300,17688308.00
2022/07/08,1000,7.95,7.95,7.75,7.75,1440500,11336618.00
2022/07/08,1001,7.75,7.84,7.73,7.80,2061400,16066212.00
2022/07/08,1002,7.81,7.92,7.81,7.91,1608600,12653144.00
2022/07/08,1003,7.91,7.91,7.88,7.88,1360500,10748320.00
2022/07/08,1004,7.88,7.89,7.86,7.86,919100,7241840.00
2022/07/08,1005,7.85,7.87,7.82,7.83,1169800,9173349.00
2022/07/08,1006,7.83,7.85,7.80,7.81,740700,5800144.50
2022/07/08,1007,7.80,7.80,7.75,7.75,736200,5732316.50
2022/07/08,1008,7.75,7.83,7.74,7.83,1606900,12514414.00
2022/07/08,1009,7.78,7.85,7.78,7.81,1121100,8775245.00
2022/07/08,1010,7.82,7.82,7.78,7.81,931400,7268369.00
2022/07/08,1011,7.83,8.17,7.83,8.14,3269400,26076952.00
2022/07/08,1012,8.18,8.47,8.18,8.46,1451600,12020929.00
2022/07/08,1013,8.47,8.80,8.47,8.78,1374300,11724165.00
2022/07/08,1014,8.81,9.06,8.81,9.03,1453100,13007612.00
2022/07/08,1015,9.04,9.07,8.88,8.88,2900900,26196426.00
2022/07/08,1016,8.87,8.87,8.63,8.63,687000,6026506.00
2022/07/08,1017,8.65,8.82,8.59,8.82,1408800,12243834.00
2022/07/08,1018,8.83,8.96,8.82,8.82,1263000,11218170.00
2022/07/08,1019,8.80,8.80,8.68,8.71,966100,8443124.00
2022/07/08,1020,8.70,8.82,8.70,8.81,910400,7981020.00
2022/07/08,1021,8.80,8.80,8.74,8.75,647600,5670552.50
2022/07/08,1022,8.74,8.75,8.70,8.71,681700,5950435.50
2022/07/08,1023,8.71,8.71,8.60,8.60,574600,4977769.50
2022/07/08,1024,8.60,8.60,8.50,8.51,589500,5027484.50
2022/07/08,1025,8.50,8.51,8.35,8.35,489900,4133425.50
2022/07/08,1026,8.35,8.42,8.32,8.42,653800,5465227.00
2022/07/08,1027,8.42,8.48,8.42,8.48,279600,2360076.00
2022/07/08,1028,8.49,8.57,8.49,8.57,386500,3294523.25
2022/07/08,1029,8.56,8.56,8.55,8.55,465400,3981533.75
2022/07/08,1030,8.55,8.55,8.49,8.49,370100,3152944.50
2022/07/08,1031,8.49,8.49,8.39,8.39,669700,5648094.00
2022/07/08,1032,8.38,8.40,8.37,8.38,409600,3434151.00
2022/07/08,1033,8.39,8.49,8.39,8.45,447500,3770219.00
2022/07/08,1034,8.45,8.49,8.40,8.41,570400,4803134.50
2022/07/08,1035,8.41,8.41,8.35,8.36,567800,4758325.00
2022/07/08,1036,8.35,8.36,8.31,8.31,362300,3024070.75
2022/07/08,1037,8.30,8.31,8.17,8.17,431200,3565801.25
2022/07/08,1038,8.19,8.19,8.10,8.13,439400,3573782.00
2022/07/08,1039,8.12,8.18,8.12,8.17,525100,4274905.00
2022/07/08,1040,8.17,8.21,8.15,8.18,738000,6028788.00
2022/07/08,1041,8.17,8.17,8.01,8.01,800900,6489542.00
2022/07/08,1042,8.01,8.06,8.01,8.06,465300,3737465.50
2022/07/08,1043,8.07,8.11,8.06,8.11,419800,3396251.00
2022/07/08,1044,8.11,8.16,8.11,8.16,396500,3227433.50
2022/07/08,1045,8.16,8.19,8.16,8.19,505100,4129220.25
2022/07/08,1046,8.19,8.21,8.18,8.19,512000,4198592.00
2022/07/08,1047,8.19,8.19,8.15,8.15,449500,3675256.50
2022/07/08,1048,8.15,8.15,8.10,8.10,297000,2411333.50
2022/07/08,1049,8.11,8.11,8.05,8.09,702700,5680112.50
2022/07/08,1050,8.06,8.06,8.00,8.00,589700,4731131.00
2022/07/08,1051,8.01,8.01,7.94,7.97,678700,5426786.50
2022/07/08,1052,8.00,8.00,7.93,7.96,442600,3521139.50
2022/07/08,1053,7.96,8.00,7.96,7.99,569400,4540097.50
2022/07/08,1054,7.99,8.00,7.97,7.99,643800,5146618.00
2022/07/08,1055,8.00,8.05,8.00,8.03,368000,2948439.25
2022/07/08,1056,8.05,8.08,8.04,8.08,266800,2150802.50
2022/07/08,1057,8.08,8.14,8.08,8.14,321400,2607346.25
2022/07/08,1058,8.14,8.16,8.10,8.10,508800,4141738.75
2022/07/08,1059,8.12,8.12,8.07,8.09,302500,2450542.50
2022/07/08,1100,8.10,8.10,8.00,8.01,282500,2268617.25
2022/07/08,1101,8.02,8.02,8.00,8.01,320700,2569761.50
2022/07/08,1102,8.02,8.02,8.00,8.02,370200,2966461.00
2022/07/08,1103,8.02,8.02,7.97,7.97,548300,4386269.00
2022/07/08,1104,7.97,7.98,7.93,7.94,523800,4165192.75
2022/07/08,1105,7.92,7.93,7.90,7.90,610600,4832209.00
2022/07/08,1106,7.91,7.91,7.90,7.91,493800,3902790.50
2022/07/08,1107,7.91,7.91,7.88,7.89,453400,3578802.25
2022/07/08,1108,7.88,7.89,7.86,7.87,574900,4529180.50
2022/07/08,1109,7.87,7.88,7.84,7.85,596900,4692550.00
2022/07/08,1110,7.85,7.90,7.85,7.90,480500,3783999.25
2022/07/08,1111,7.88,7.90,7.88,7.90,356500,2813711.50
2022/07/08,1112,7.90,7.96,7.90,7.96,306500,2430850.75
2022/07/08,1113,7.96,8.02,7.96,8.02,484300,3872705.25
2022/07/08,1114,8.02,8.07,8.02,8.05,457100,3675419.50
2022/07/08,1115,8.05,8.08,8.05,8.06,250700,2021492.63
2022/07/08,1116,8.06,8.07,8.05,8.05,289800,2335948.50
2022/07/08,1117,8.04,8.07,8.03,8.03,217700,1753582.00
2022/07/08,1118,8.06,8.06,8.00,8.00,224300,1799194.13
2022/07/08,1119,8.00,8.01,7.97,7.97,306900,2454712.25
2022/07/08,1120,7.97,7.98,7.96,7.97,211600,1688474.00
2022/07/08,1121,7.98,8.00,7.98,7.99,264700,2113044.50
2022/07/08,1122,7.99,7.99,7.98,7.98,176100,1406894.25
2022/07/08,1123,7.98,8.00,7.97,7.98,198300,1583068.13
2022/07/08,1124,7.98,8.00,7.98,7.99,239900,1915408.13
2022/07/08,1125,7.99,8.00,7.98,7.99,191500,1529173.00
2022/07/08,1126,7.99,7.99,7.98,7.99,202400,1616655.75
2022/07/08,1127,7.99,8.00,7.99,7.99,209100,1671809.88
2022/07/08,1128,7.99,8.00,7.97,7.98,550500,4396218.00
2022/07/08,1129,7.99,8.00,7.96,7.97,245800,1961935.38
2022/07/08,1130,7.98,7.98,7.77,7.81,1246300,9788874.00
2022/07/08,1301,7.81,7.81,7.75,7.77,1112100,8662530.00
2022/07/08,1302,7.77,7.83,7.77,7.78,429200,3341757.75
2022/07/08,1303,7.78,7.78,7.70,7.72,625200,4842639.00
2022/07/08,1304,7.72,7.75,7.71,7.75,396100,3058970.00
2022/07/08,1305,7.76,7.77,7.73,7.77,354000,2748927.75
2022/07/08,1306,7.74,7.77,7.71,7.71,897000,6936395.00
2022/07/08,1307,7.71,7.72,7.70,7.71,538700,4151613.50
2022/07/08,1308,7.72,7.75,7.71,7.74,404700,3126465.75
2022/07/08,1309,7.74,7.75,7.73,7.75,405800,3142529.25
2022/07/08,1310,7.74,7.77,7.74,7.76,359300,2784978.75
2022/07/08,1311,7.77,7.79,7.76,7.79,398200,3096316.25
2022/07/08,1312,7.79,7.85,7.79,7.85,313500,2450888.50
2022/07/08,1313,7.86,7.99,7.86,7.99,941800,7461031.00
2022/07/08,1314,7.99,8.02,7.95,8.02,709100,5668572.50
2022/07/08,1315,8.02,8.09,8.01,8.09,370100,2978199.75
2022/07/08,1316,8.09,8.18,8.09,8.17,681700,5559311.00
2022/07/08,1317,8.14,8.24,8.14,8.24,780600,6388441.00
2022/07/08,1318,8.22,8.43,8.22,8.43,465600,3865872.25
2022/07/08,1319,8.43,8.52,8.43,8.52,878400,7446195.00
2022/07/08,1320,8.52,8.52,8.28,8.28,506400,4280866.00
2022/07/08,1321,8.20,8.20,8.08,8.08,284000,2315481.50
2022/07/08,1322,8.08,8.13,8.00,8.08,707600,5717134.00
2022/07/08,1323,8.08,8.16,8.08,8.10,410000,3328693.75
2022/07/08,1324,8.14,8.14,8.10,8.12,283700,2302876.25
2022/07/08,1325,8.13,8.14,8.02,8.05,282700,2286185.50
2022/07/08,1326,8.01,8.02,7.90,7.90,636800,5088733.50
2022/07/08,1327,8.00,8.05,7.96,8.01,335100,2678345.50
2022/07/08,1328,8.00,8.08,8.00,8.07,213100,1714321.50
2022/07/08,1329,8.08,8.14,8.07,8.14,311200,2523881.50
2022/07/08,1330,8.14,8.14,8.12,8.12,252700,2055226.50
2022/07/08,1331,8.13,8.14,8.04,8.05,296300,2398124.00
2022/07/08,1332,8.05,8.05,8.01,8.02,499300,4015498.75
2022/07/08,1333,8.05,8.07,8.03,8.07,207700,1671642.63
2022/07/08,1334,8.07,8.16,8.07,8.16,282100,2290450.75
2022/07/08,1335,8.16,8.19,8.14,8.16,497000,4060452.75
2022/07/08,1336,8.19,8.19,8.08,8.09,371300,3010241.50
2022/07/08,1337,8.09,8.10,8.08,8.09,302500,2447814.75
2022/07/08,1338,8.10,8.12,8.09,8.12,368800,2987619.75
2022/07/08,1339,8.11,8.12,8.10,8.11,398200,3226082.75
2022/07/08,1340,8.11,8.12,8.10,8.10,350100,2840177.25
2022/07/08,1341,8.11,8.11,8.06,8.07,291400,2357307.00
2022/07/08,1342,8.05,8.06,8.01,8.02,288300,2317377.75
2022/07/08,1343,8.02,8.02,8.01,8.01,200300,1605212.63
2022/07/08,1344,8.01,8.03,8.01,8.02,313000,2510353.00
2022/07/08,1345,8.02,8.02,8.01,8.02,405400,3251504.75
2022/07/08,1346,8.02,8.02,8.00,8.01,309200,2474774.50
2022/07/08,1347,8.00,8.02,8.00,8.02,299800,2402622.50
2022/07/08,1348,8.02,8.07,8.02,8.07,358000,2879321.00
2022/07/08,1349,8.06,8.21,8.06,8.21,459300,3740161.75
2022/07/08,1350,8.20,8.40,8.20,8.40,440700,3662276.00
2022/07/08,1351,8.39,8.40,8.30,8.30,664600,5558914.00
2022/07/08,1352,8.28,8.30,8.20,8.21,210100,1727975.13
2022/07/08,1353,8.20,8.27,8.20,8.26,216300,1782088.63
2022/07/08,1354,8.27,8.27,8.14,8.14,725400,5951063.00
2022/07/08,1355,8.10,8.10,8.00,8.00,951200,7631304.50
2022/07/08,1356,8.02,8.06,8.00,8.06,308700,2478762.75
2022/07/08,1357,8.07,8.12,8.07,8.12,234600,1898067.38
2022/07/08,1358,8.12,8.14,8.11,8.13,390700,3172841.50
2022/07/08,1359,8.13,8.14,8.11,8.12,616100,5003073.50
2022/07/08,1400,8.12,8.12,8.05,8.06,298900,2413596.50
2022/07/08,1401,8.05,8.05,8.01,8.01,555500,4460907.00
2022/07/08,1402,8.02,8.02,8.00,8.00,1083200,8674367.00
2022/07/08,1403,8.01,8.01,7.99,7.99,888800,7107512.00
2022/07/08,1404,7.99,8.00,7.97,7.99,435000,3472801.00
2022/07/08,1405,7.98,8.00,7.98,7.99,436600,3485899.25
2022/07/08,1406,7.99,8.02,7.99,8.02,501000,4008692.00
2022/07/08,1407,8.02,8.04,8.01,8.02,335000,2689148.75
2022/07/08,1408,8.00,8.01,7.99,8.00,418000,3344571.25
2022/07/08,1409,8.00,8.01,8.00,8.00,567000,4538088.00
2022/07/08,1410,8.00,8.01,8.00,8.01,260200,2083542.00
2022/07/08,1411,8.01,8.02,8.00,8.02,418100,3349229.75
2022/07/08,1412,8.01,8.02,8.00,8.01,267900,2146149.50
2022/07/08,1413,8.01,8.02,8.00,8.00,540200,4323511.00
2022/07/08,1414,8.00,8.00,7.98,7.98,464600,3716182.00
2022/07/08,1415,7.99,7.99,7.95,7.95,678000,5403654.50
2022/07/08,1416,7.95,7.95,7.91,7.92,590600,4678922.50
2022/07/08,1417,7.92,7.94,7.91,7.93,495500,3927037.25
2022/07/08,1418,7.94,7.95,7.92,7.94,314500,2495468.50
2022/07/08,1419,7.94,7.95,7.93,7.95,431600,3427638.25
2022/07/08,1420,7.96,7.96,7.93,7.95,591200,4699702.00
2022/07/08,1421,7.95,7.95,7.92,7.92,473800,3760585.75
2022/07/08,1422,7.93,7.94,7.90,7.90,574500,4545862.50
2022/07/08,1423,7.90,7.91,7.90,7.90,454300,3591478.00
2022/07/08,1424,7.90,7.91,7.90,7.90,591300,4674922.00
2022/07/08,1425,7.90,7.90,7.87,7.87,795100,6277482.50
2022/07/08,1426,7.88,7.89,7.81,7.81,709500,5560000.00
2022/07/08,1427,7.82,7.83,7.81,7.81,662200,5178971.50
2022/07/08,1428,7.82,7.82,7.81,7.81,691800,5406503.00
2022/07/08,1429,7.81,7.84,7.81,7.83,767400,6002677.00
2022/07/08,1430,7.85,7.90,7.85,7.85,582400,4584346.50
2022/07/08,1431,7.88,7.89,7.83,7.83,537500,4222472.00
2022/07/08,1432,7.85,7.85,7.82,7.82,643100,5042447.00
2022/07/08,1433,7.84,7.85,7.83,7.83,623900,4889782.50
2022/07/08,1434,7.83,7.86,7.83,7.85,480500,3771093.50
2022/07/08,1435,7.85,7.87,7.85,7.85,798300,6275622.50
2022/07/08,1436,7.87,7.91,7.86,7.90,646200,5095973.50
2022/07/08,1437,7.91,7.96,7.91,7.94,516900,4099952.75
2022/07/08,1438,7.95,7.95,7.93,7.93,694600,5515988.00
2022/07/08,1439,7.91,7.91,7.86,7.87,706000,5570577.50
2022/07/08,1440,7.88,7.88,7.87,7.88,568200,4476846.50
2022/07/08,1441,7.88,7.89,7.88,7.89,476000,3753013.25
2022/07/08,1442,7.88,7.90,7.88,7.90,517400,4084583.50
2022/07/08,1443,7.89,7.90,7.89,7.90,709900,5606483.00
2022/07/08,1444,7.91,7.92,7.90,7.91,433800,3431672.25
2022/07/08,1445,7.92,7.94,7.91,7.93,572700,4538770.50
2022/07/08,1446,7.94,8.01,7.93,8.00,1208300,9638625.00
2022/07/08,1447,8.00,8.02,7.99,8.02,607000,4859156.00
2022/07/08,1448,8.02,8.02,8.00,8.00,680800,5454082.50
2022/07/08,1449,8.00,8.00,7.94,7.94,570400,4551315.50
2022/07/08,1450,7.93,7.95,7.90,7.92,795300,6300328.50
2022/07/08,1451,7.92,7.96,7.92,7.96,445400,3534991.00
2022/07/08,1452,7.96,8.00,7.96,8.00,498900,3982561.00
2022/07/08,1453,7.99,8.02,7.99,8.02,683600,5473164.00
2022/07/08,1454,8.02,8.04,8.02,8.04,647400,5199666.50
2022/07/08,1455,8.03,8.05,8.03,8.03,1204700,9676798.00
2022/07/08,1456,8.03,8.03,8.01,8.01,1049400,8420726.00
2022/07/08,1457,8.02,8.02,8.00,8.02,1051300,8423970.00
2022/07/08,1458,8.03,8.03,8.02,8.02,46300,371530.38
2022/07/08,1459,8.02,8.02,8.02,8.02,0,0.00
2022/07/08,1500,8.03,8.03,8.03,8.03,928300,7454176.50
数据来源:通达信
