2022/07/05,0931,50.10,51.28,50.10,50.89,2847600,143379248.00
2022/07/05,0932,51.01,53.02,51.01,53.00,621400,32323138.00
2022/07/05,0933,53.02,53.80,53.00,53.35,599200,31941838.00
2022/07/05,0934,53.49,53.49,52.00,52.00,476500,25184246.00
2022/07/05,0935,51.91,52.35,51.69,52.35,716300,37190444.00
2022/07/05,0936,52.40,52.85,52.40,52.61,331600,17453280.00
2022/07/05,0937,52.70,52.70,52.19,52.19,315500,16576014.00
2022/07/05,0938,52.11,52.30,51.95,52.30,466300,24279554.00
2022/07/05,0939,52.26,52.50,52.00,52.30,304600,15927177.00
2022/07/05,0940,52.27,52.30,52.10,52.12,166200,8674033.00
2022/07/05,0941,52.13,52.30,52.12,52.21,460100,24010800.00
2022/07/05,0942,52.21,52.39,52.10,52.39,338200,17663882.00
2022/07/05,0943,52.45,53.02,52.45,53.02,337900,17831564.00
2022/07/05,0944,53.09,53.64,53.09,53.64,314200,16777034.00
2022/07/05,0945,53.68,54.65,53.68,54.62,383000,20654796.00
2022/07/05,0946,54.69,55.50,54.69,55.27,521400,28737932.00
2022/07/05,0947,55.21,55.21,54.66,54.66,204200,11225064.00
2022/07/05,0948,54.66,54.66,54.07,54.07,174500,9482997.00
2022/07/05,0949,54.11,54.33,54.06,54.19,257600,13962447.00
2022/07/05,0950,54.30,54.30,54.00,54.10,144700,7837922.50
2022/07/05,0951,54.10,54.21,54.10,54.13,111200,6020216.00
2022/07/05,0952,54.10,54.14,53.99,53.99,91600,4949693.00
2022/07/05,0953,53.99,53.99,53.50,53.52,82500,4427217.00
2022/07/05,0954,53.51,53.55,53.41,53.43,142600,7626136.00
2022/07/05,0955,53.49,53.51,53.40,53.51,120500,6440309.50
2022/07/05,0956,53.51,53.89,53.51,53.89,98300,5272650.00
2022/07/05,0957,53.88,54.13,53.88,54.12,185700,10031268.00
2022/07/05,0958,54.15,54.24,54.13,54.23,137900,7474230.00
2022/07/05,0959,54.27,54.35,54.15,54.35,170600,9260610.00
2022/07/05,1000,54.35,54.63,54.35,54.63,84500,4601534.00
2022/07/05,1001,54.66,55.00,54.63,54.90,178700,9812706.00
2022/07/05,1002,55.00,55.17,55.00,55.10,120300,6626233.00
2022/07/05,1003,55.08,55.09,54.90,54.92,121900,6703791.50
2022/07/05,1004,54.92,55.00,54.80,54.90,147100,8081234.50
2022/07/05,1005,54.96,55.05,54.91,55.05,217400,11957637.00
2022/07/05,1006,55.07,55.38,55.07,55.38,207500,11453659.00
2022/07/05,1007,55.37,55.55,55.37,55.54,148000,8210693.50
2022/07/05,1008,55.52,55.58,55.52,55.54,93300,5187689.50
2022/07/05,1009,55.54,55.56,55.45,55.50,78900,4378934.00
2022/07/05,1010,55.47,55.47,55.30,55.40,81900,4538320.00
2022/07/05,1011,55.40,55.40,55.24,55.24,80000,4425848.50
2022/07/05,1012,55.25,55.25,55.09,55.09,45400,2504770.75
2022/07/05,1013,55.09,55.09,54.68,54.68,18000,986608.88
2022/07/05,1014,54.68,54.68,54.50,54.60,108800,5943355.50
2022/07/05,1015,54.50,54.57,54.40,54.40,93000,5068158.50
2022/07/05,1016,54.40,54.40,54.02,54.02,79400,4301879.00
2022/07/05,1017,54.03,54.04,53.97,53.99,115900,6255904.00
2022/07/05,1018,54.00,54.00,53.89,53.96,59000,3187723.50
2022/07/05,1019,53.96,53.96,53.60,53.60,57900,3113673.50
2022/07/05,1020,53.60,53.79,53.54,53.78,83600,4485024.00
2022/07/05,1021,53.81,53.91,53.77,53.91,90800,4884809.50
2022/07/05,1022,53.86,53.94,53.86,53.91,40400,2180514.50
2022/07/05,1023,53.92,53.93,53.90,53.90,37300,2010011.75
2022/07/05,1024,53.86,53.89,53.70,53.74,26200,1407972.88
2022/07/05,1025,53.68,53.68,53.51,53.51,31400,1681044.63
2022/07/05,1026,53.52,53.53,53.50,53.50,55900,2990676.50
2022/07/05,1027,53.50,53.60,53.50,53.59,50800,2723730.50
2022/07/05,1028,53.60,53.80,53.60,53.80,38900,2086476.50
2022/07/05,1029,53.70,53.70,53.66,53.67,39400,2114348.00
2022/07/05,1030,53.66,53.67,53.62,53.62,25000,1339235.50
2022/07/05,1031,53.61,53.69,53.61,53.68,105800,5676932.00
2022/07/05,1032,53.66,53.66,53.65,53.65,28500,1529191.88
2022/07/05,1033,53.63,53.65,53.28,53.28,49200,2627703.00
2022/07/05,1034,53.26,53.26,52.93,52.93,44200,2344008.00
2022/07/05,1035,52.91,52.91,52.52,52.70,75000,3954481.50
2022/07/05,1036,52.72,53.24,52.72,53.24,102400,5415770.50
2022/07/05,1037,53.24,53.43,53.24,53.40,42100,2248048.00
2022/07/05,1038,53.40,53.46,53.39,53.45,37200,1985085.25
2022/07/05,1039,53.45,53.45,53.40,53.40,34300,1834172.75
2022/07/05,1040,53.28,53.36,53.24,53.28,31300,1668450.75
2022/07/05,1041,53.24,53.28,52.95,52.95,49500,2629707.75
2022/07/05,1042,52.95,52.95,52.68,52.70,53600,2826568.00
2022/07/05,1043,52.69,52.72,52.52,52.60,57200,3006583.00
2022/07/05,1044,52.55,52.69,52.52,52.63,53800,2833495.25
2022/07/05,1045,52.70,52.99,52.66,52.92,27000,1424011.75
2022/07/05,1046,53.00,53.21,53.00,53.20,46700,2480871.50
2022/07/05,1047,53.16,53.30,53.15,53.15,44400,2361467.75
2022/07/05,1048,53.13,53.14,53.00,53.00,36200,1922708.75
2022/07/05,1049,53.01,53.01,52.84,52.85,36100,1911647.75
2022/07/05,1050,52.85,52.89,52.55,52.55,78600,4143453.50
2022/07/05,1051,52.60,52.65,52.55,52.57,44100,2317742.25
2022/07/05,1052,52.57,52.80,52.56,52.80,57000,3002548.00
2022/07/05,1053,52.80,53.00,52.70,53.00,33600,1775954.38
2022/07/05,1054,53.00,53.05,52.88,53.00,58300,3089606.00
2022/07/05,1055,52.90,53.00,52.81,52.90,54700,2896557.50
2022/07/05,1056,52.92,53.02,52.92,52.93,32100,1700680.63
2022/07/05,1057,53.00,53.00,52.90,52.90,34700,1838085.63
2022/07/05,1058,52.90,53.00,52.88,52.94,29700,1572880.38
2022/07/05,1059,52.99,53.02,52.94,53.02,28700,1519957.38
2022/07/05,1100,53.02,53.02,52.99,53.00,38700,2050168.50
2022/07/05,1101,53.01,53.08,53.00,53.08,35500,1880427.00
2022/07/05,1102,53.09,53.09,53.04,53.08,21300,1131036.00
2022/07/05,1103,53.09,53.13,53.06,53.13,23500,1248973.00
2022/07/05,1104,53.13,53.20,53.12,53.20,48700,2587877.50
2022/07/05,1105,53.20,53.34,53.20,53.25,35300,1880627.00
2022/07/05,1106,53.23,53.25,53.00,53.14,58100,3088788.25
2022/07/05,1107,53.01,53.10,53.00,53.01,47600,2523634.75
2022/07/05,1108,53.00,53.01,52.98,53.00,63000,3339049.00
2022/07/05,1109,53.01,53.01,52.94,52.95,62200,3297340.00
2022/07/05,1110,52.94,52.94,52.88,52.94,24900,1317636.13
2022/07/05,1111,52.88,52.94,52.85,52.85,38700,2047276.25
2022/07/05,1112,52.90,52.90,52.84,52.84,31500,1664720.63
2022/07/05,1113,52.86,52.91,52.80,52.89,28300,1493018.25
2022/07/05,1114,52.92,53.00,52.91,52.98,52700,2792779.00
2022/07/05,1115,52.99,53.01,52.93,52.96,35800,1896351.38
2022/07/05,1116,53.00,53.01,52.96,53.00,37900,2008324.00
2022/07/05,1117,53.00,53.01,52.94,52.96,58300,3088882.50
2022/07/05,1118,52.97,53.04,52.97,53.00,55000,2918710.00
2022/07/05,1119,53.05,53.15,53.02,53.15,104200,5535112.50
2022/07/05,1120,53.14,53.36,53.14,53.20,79500,4234218.00
2022/07/05,1121,53.20,53.25,53.20,53.25,102900,5473289.00
2022/07/05,1122,53.24,53.39,53.24,53.39,24700,1315002.50
2022/07/05,1123,53.40,53.55,53.40,53.53,41300,2211701.00
2022/07/05,1124,53.53,53.58,53.14,53.20,60200,3215555.00
2022/07/05,1125,53.20,53.31,53.14,53.31,26200,1393967.88
2022/07/05,1126,53.30,53.50,53.30,53.50,16200,862221.75
2022/07/05,1127,53.55,53.72,53.48,53.72,42800,2294359.75
2022/07/05,1128,53.78,53.89,53.70,53.70,94800,5103218.00
2022/07/05,1129,53.76,53.76,53.50,53.50,59100,3169389.00
2022/07/05,1130,53.50,53.60,53.50,53.52,13600,728036.88
2022/07/05,1301,53.52,53.89,53.40,53.89,147100,7885931.50
2022/07/05,1302,53.90,54.00,53.89,54.00,113400,6119602.00
2022/07/05,1303,54.00,54.07,53.95,53.99,114500,6184116.00
2022/07/05,1304,53.95,54.00,53.88,53.88,17300,932238.38
2022/07/05,1305,53.86,53.86,53.60,53.60,23500,1262698.63
2022/07/05,1306,53.80,53.80,53.40,53.47,13700,736980.00
2022/07/05,1307,53.50,53.50,53.35,53.36,28900,1543115.00
2022/07/05,1308,53.35,53.35,53.30,53.30,52000,2773577.25
2022/07/05,1309,53.30,53.31,53.20,53.20,17000,902943.06
2022/07/05,1310,53.20,53.23,53.15,53.15,25900,1377795.50
2022/07/05,1311,53.17,53.21,53.08,53.11,22400,1189037.25
2022/07/05,1312,53.11,53.13,53.00,53.11,68800,3651890.25
2022/07/05,1313,53.12,53.14,53.01,53.14,23800,1262817.50
2022/07/05,1314,53.12,53.26,53.12,53.26,27900,1485540.25
2022/07/05,1315,53.26,53.50,53.23,53.45,46800,2499277.00
2022/07/05,1316,53.50,53.70,53.45,53.70,38200,2047140.63
2022/07/05,1317,53.72,53.83,53.70,53.79,50200,2699932.75
2022/07/05,1318,53.79,53.79,53.38,53.38,30100,1612773.38
2022/07/05,1319,53.40,53.49,53.30,53.30,56800,3031964.75
2022/07/05,1320,53.40,53.40,53.31,53.38,42200,2253171.00
2022/07/05,1321,53.38,53.38,53.20,53.35,34300,1827097.25
2022/07/05,1322,53.30,53.30,53.20,53.20,24800,1318670.13
2022/07/05,1323,53.13,53.15,53.01,53.01,17900,949787.44
2022/07/05,1324,53.07,53.07,53.00,53.04,25600,1357578.00
2022/07/05,1325,53.04,53.05,53.03,53.04,38400,2036721.00
2022/07/05,1326,53.04,53.07,53.04,53.05,19400,1029707.38
2022/07/05,1327,53.05,53.07,53.04,53.04,11800,626003.88
2022/07/05,1328,53.05,53.05,52.85,52.85,42500,2250379.75
2022/07/05,1329,52.85,52.85,52.61,52.61,40400,2132398.25
2022/07/05,1330,52.60,52.60,52.50,52.52,70200,3686284.75
2022/07/05,1331,52.51,52.51,52.41,52.42,40000,2099542.50
2022/07/05,1332,52.42,52.42,52.23,52.25,46600,2441928.00
2022/07/05,1333,52.23,52.23,52.05,52.05,30900,1608214.13
2022/07/05,1334,52.05,52.05,52.01,52.02,67500,3511809.25
2022/07/05,1335,52.02,52.11,52.02,52.11,41300,2150608.75
2022/07/05,1336,52.11,52.19,52.11,52.16,37700,1969498.63
2022/07/05,1337,52.16,52.20,52.14,52.20,19400,1012234.06
2022/07/05,1338,52.18,52.21,52.18,52.19,28700,1498257.63
2022/07/05,1339,52.19,52.19,52.11,52.11,24300,1263374.00
2022/07/05,1340,52.10,52.10,52.01,52.02,51100,2659057.00
2022/07/05,1341,52.01,52.01,51.83,51.83,97900,5089611.00
2022/07/05,1342,51.80,51.80,51.52,51.54,38100,1965831.00
2022/07/05,1343,51.51,51.51,51.32,51.37,30400,1563463.13
2022/07/05,1344,51.34,51.50,51.32,51.50,105600,5429591.00
2022/07/05,1345,51.49,51.73,51.49,51.60,54800,2822990.25
2022/07/05,1346,51.60,51.66,51.50,51.50,51000,2631508.50
2022/07/05,1347,51.51,52.03,51.51,52.02,75900,3929827.25
2022/07/05,1348,52.10,52.11,52.00,52.00,103000,5361051.50
2022/07/05,1349,52.00,52.00,51.51,51.51,40500,2092356.13
2022/07/05,1350,51.51,51.55,51.35,51.35,81800,4213366.00
2022/07/05,1351,51.34,51.34,51.31,51.33,63900,3279733.00
2022/07/05,1352,51.31,51.36,51.18,51.20,58600,3006045.00
2022/07/05,1353,51.16,51.18,51.11,51.12,53300,2723232.25
2022/07/05,1354,51.11,51.12,51.08,51.08,63200,3232002.00
2022/07/05,1355,51.08,51.08,51.03,51.06,66500,3393072.00
2022/07/05,1356,51.06,51.07,51.03,51.05,86700,4426477.00
2022/07/05,1357,51.05,51.08,51.03,51.04,65600,3347811.50
2022/07/05,1358,51.05,51.05,51.01,51.02,69600,3554462.50
2022/07/05,1359,51.02,51.03,51.00,51.01,106100,5410553.50
2022/07/05,1400,51.01,51.01,50.91,50.91,102000,5203431.50
2022/07/05,1401,50.90,50.90,50.73,50.73,35500,1804367.00
2022/07/05,1402,50.70,50.70,50.50,50.50,69200,3500869.50
2022/07/05,1403,50.50,50.70,50.50,50.70,133600,6753465.00
2022/07/05,1404,50.72,50.87,50.70,50.87,60900,3094181.25
2022/07/05,1405,50.87,51.21,50.87,51.21,59100,3018158.00
2022/07/05,1406,51.21,51.51,51.21,51.51,62500,3215521.75
2022/07/05,1407,51.51,51.87,51.51,51.79,27300,1410905.88
2022/07/05,1408,51.66,51.88,51.66,51.77,38200,1975993.13
2022/07/05,1409,51.75,51.76,51.63,51.63,61500,3178403.50
2022/07/05,1410,51.60,51.61,51.50,51.50,30700,1585075.00
2022/07/05,1411,51.50,51.50,51.37,51.37,23000,1183407.38
2022/07/05,1412,51.36,51.36,51.26,51.26,21500,1102949.50
2022/07/05,1413,51.28,51.31,51.26,51.30,55100,2820979.50
2022/07/05,1414,51.30,51.32,51.30,51.30,36600,1880693.63
2022/07/05,1415,51.31,51.31,51.25,51.29,59400,3048192.75
2022/07/05,1416,51.21,51.30,51.00,51.02,75200,3841361.25
2022/07/05,1417,51.22,51.22,51.00,51.07,32300,1647717.88
2022/07/05,1418,51.03,51.07,51.00,51.00,30300,1547946.75
2022/07/05,1419,51.02,51.03,51.00,51.03,27100,1384758.00
2022/07/05,1420,51.03,51.08,51.02,51.05,22100,1126450.50
2022/07/05,1421,51.05,51.15,51.05,51.15,21400,1093981.50
2022/07/05,1422,51.14,51.27,51.13,51.25,27100,1386793.25
2022/07/05,1423,51.23,51.35,51.23,51.35,27800,1426137.50
2022/07/05,1424,51.30,51.39,51.30,51.30,28100,1443998.25
2022/07/05,1425,51.36,51.38,51.28,51.30,31200,1598700.38
2022/07/05,1426,51.30,51.37,51.04,51.04,44600,2282866.25
2022/07/05,1427,51.04,51.04,50.98,50.98,69700,3551981.75
2022/07/05,1428,50.98,50.98,50.80,50.80,17300,884052.81
2022/07/05,1429,50.80,50.80,50.66,50.68,54500,2763640.25
2022/07/05,1430,50.66,50.78,50.61,50.78,85100,4312959.00
2022/07/05,1431,50.70,50.85,50.69,50.85,41800,2122795.00
2022/07/05,1432,50.82,50.93,50.82,50.92,30200,1534899.13
2022/07/05,1433,50.93,51.28,50.93,51.23,54300,2772438.50
2022/07/05,1434,51.28,51.55,51.28,51.55,50900,2616462.75
2022/07/05,1435,51.53,51.78,51.53,51.70,40600,2099683.00
2022/07/05,1436,51.66,51.66,51.55,51.60,111300,5760747.50
2022/07/05,1437,51.60,51.65,51.60,51.60,37000,1909521.38
2022/07/05,1438,51.61,51.62,51.58,51.60,29000,1496815.25
2022/07/05,1439,51.60,51.62,51.60,51.61,29700,1534833.75
2022/07/05,1440,51.61,51.61,51.59,51.59,58300,3007160.50
2022/07/05,1441,51.60,51.67,51.60,51.65,57700,2985549.75
2022/07/05,1442,51.64,51.65,51.62,51.64,12500,647367.31
2022/07/05,1443,51.64,51.64,51.60,51.60,25700,1323968.25
2022/07/05,1444,51.61,51.62,51.59,51.59,41900,2162835.50
2022/07/05,1445,51.60,51.61,51.59,51.59,37900,1955751.13
2022/07/05,1446,51.56,51.60,51.40,51.40,46900,2417773.25
2022/07/05,1447,51.49,51.49,51.12,51.12,55600,2851867.75
2022/07/05,1448,51.15,51.38,51.15,51.33,66200,3398090.00
2022/07/05,1449,51.33,51.49,51.31,51.49,63100,3238534.25
2022/07/05,1450,51.45,51.63,51.45,51.63,68600,3536873.50
2022/07/05,1451,51.62,51.77,51.62,51.75,78300,4048001.25
2022/07/05,1452,51.77,51.98,51.77,51.98,65100,3375161.25
2022/07/05,1453,51.99,52.38,51.99,52.38,78000,4063510.75
2022/07/05,1454,52.40,52.54,52.30,52.54,76500,4015288.25
2022/07/05,1455,52.58,52.70,52.58,52.60,69000,3629247.25
2022/07/05,1456,52.65,52.70,52.58,52.68,137600,7247889.00
2022/07/05,1457,52.70,52.75,52.68,52.73,128700,6781721.50
2022/07/05,1458,52.73,52.73,52.73,52.73,5900,311108.00
2022/07/05,1459,52.73,52.73,52.73,52.73,0,0.00
2022/07/05,1500,52.72,52.72,52.72,52.72,128400,6769248.00
2022/07/06,0931,56.00,57.21,55.71,55.90,2804300,157406256.00
2022/07/06,0932,55.71,56.01,55.60,56.00,831100,46408088.00
2022/07/06,0933,56.02,57.51,56.01,57.50,460000,26058184.00
2022/07/06,0934,57.47,57.77,56.49,56.54,416100,23813674.00
2022/07/06,0935,56.48,56.48,55.79,55.80,262700,14745292.00
2022/07/06,0936,55.72,55.72,55.50,55.60,349200,19411640.00
2022/07/06,0937,55.60,56.39,55.60,56.39,274100,15343230.00
2022/07/06,0938,56.39,56.43,55.70,55.70,212200,11927153.00
2022/07/06,0939,55.70,55.70,55.58,55.62,326300,18146674.00
2022/07/06,0940,55.64,56.69,55.64,56.69,229000,12895896.00
2022/07/06,0941,56.89,57.12,56.80,56.80,176000,10035174.00
2022/07/06,0942,56.90,56.90,56.11,56.11,48400,2735145.00
2022/07/06,0943,56.31,56.32,56.10,56.10,98000,5510784.00
2022/07/06,0944,56.10,56.10,55.87,55.87,73700,4127628.75
2022/07/06,0945,56.02,56.02,55.79,55.79,109500,6120442.50
2022/07/06,0946,55.78,55.78,55.56,55.56,66200,3684700.25
2022/07/06,0947,55.58,55.58,55.01,55.02,189300,10458867.00
2022/07/06,0948,55.00,55.02,54.60,55.01,254200,13940454.00
2022/07/06,0949,55.01,55.50,55.00,55.48,113000,6241547.50
2022/07/06,0950,55.51,55.90,55.40,55.80,148800,8278347.50
2022/07/06,0951,55.86,55.86,55.65,55.65,75000,4185366.75
2022/07/06,0952,55.65,56.03,55.65,56.03,173200,9664678.00
2022/07/06,0953,56.07,56.50,56.07,56.50,105500,5945199.00
2022/07/06,0954,56.30,56.50,56.15,56.32,162900,9177392.00
2022/07/06,0955,56.32,57.09,56.32,57.09,222400,12624469.00
2022/07/06,0956,57.11,57.22,57.11,57.13,153500,8779007.00
2022/07/06,0957,57.13,57.13,57.00,57.00,99000,5642819.00
2022/07/06,0958,56.99,57.00,56.77,56.82,206400,11748329.00
2022/07/06,0959,56.80,57.11,56.80,57.11,136600,7780178.00
2022/07/06,1000,57.17,57.20,57.10,57.10,90700,5185227.50
2022/07/06,1001,57.11,57.36,57.01,57.35,180200,10311742.00
2022/07/06,1002,57.43,58.00,57.40,58.00,381000,22022480.00
2022/07/06,1003,58.00,59.00,58.00,58.89,217300,12733743.00
2022/07/06,1004,58.89,58.91,58.49,58.62,147600,8675691.00
2022/07/06,1005,58.70,59.19,58.51,59.15,154600,9087754.00
2022/07/06,1006,59.33,60.00,59.22,60.00,155200,9292750.00
2022/07/06,1007,59.99,59.99,58.80,58.80,136300,8139412.50
2022/07/06,1008,58.96,59.37,58.80,59.01,113000,6671989.00
2022/07/06,1009,59.02,59.12,58.80,58.80,56800,3348459.75
2022/07/06,1010,58.74,58.80,58.21,58.37,73100,4273350.00
2022/07/06,1011,58.50,58.84,58.45,58.50,74900,4388172.50
2022/07/06,1012,58.50,59.00,58.50,58.96,52300,3076600.00
2022/07/06,1013,58.96,59.16,58.90,59.10,52700,3114762.00
2022/07/06,1014,59.10,59.10,58.90,58.90,56700,3343360.00
2022/07/06,1015,58.90,59.00,58.66,58.73,19600,1156324.25
2022/07/06,1016,58.73,58.79,58.61,58.63,35300,2072034.00
2022/07/06,1017,58.63,58.88,58.62,58.64,42300,2478080.50
2022/07/06,1018,58.64,58.89,58.60,58.89,44000,2584931.00
2022/07/06,1019,58.88,58.99,58.86,58.86,29700,1749984.63
2022/07/06,1020,58.67,58.67,58.00,58.00,37800,2200807.75
2022/07/06,1021,58.00,58.00,57.43,57.43,34800,2011687.00
2022/07/06,1022,57.39,57.50,57.14,57.50,53300,3051945.00
2022/07/06,1023,57.98,58.00,57.43,58.00,45300,2616994.25
2022/07/06,1024,58.00,58.13,58.00,58.00,31100,1806449.00
2022/07/06,1025,58.01,58.01,57.26,57.26,19900,1144934.00
2022/07/06,1026,57.28,57.53,57.27,57.53,19500,1120880.25
2022/07/06,1027,57.70,58.00,57.70,57.96,46100,2672328.00
2022/07/06,1028,57.70,57.98,57.20,57.20,63000,3621462.00
2022/07/06,1029,57.18,57.48,57.17,57.17,60600,3464582.75
2022/07/06,1030,57.19,57.88,57.19,57.44,39400,2261961.50
2022/07/06,1031,57.50,57.80,57.50,57.50,21300,1229867.88
2022/07/06,1032,57.50,57.77,57.48,57.60,23700,1367836.63
2022/07/06,1033,57.76,57.76,57.61,57.70,14900,860049.19
2022/07/06,1034,57.66,57.70,57.36,57.36,58900,3388746.00
2022/07/06,1035,57.28,57.33,57.27,57.33,24900,1428853.00
2022/07/06,1036,57.33,57.40,57.32,57.40,19100,1092445.75
2022/07/06,1037,57.40,57.90,57.40,57.90,13500,778903.00
2022/07/06,1038,57.90,57.97,57.88,57.89,28800,1666136.25
2022/07/06,1039,57.88,58.11,57.88,58.11,75500,4380216.50
2022/07/06,1040,58.12,58.64,58.12,58.25,33900,1981043.25
2022/07/06,1041,58.50,58.50,58.16,58.16,17300,1008956.50
2022/07/06,1042,58.14,58.14,57.91,57.99,24200,1401026.00
2022/07/06,1043,57.88,57.98,57.76,57.76,12300,712209.00
2022/07/06,1044,57.76,57.80,57.66,57.68,6100,352149.00
2022/07/06,1045,57.68,57.80,57.60,57.80,10900,628547.00
2022/07/06,1046,57.80,58.10,57.65,57.93,64200,3720654.75
2022/07/06,1047,57.92,57.92,57.71,57.89,17600,1019076.00
2022/07/06,1048,57.89,57.89,57.60,57.75,25000,1442714.63
2022/07/06,1049,57.60,57.73,57.52,57.52,16500,950112.69
2022/07/06,1050,57.70,57.70,57.63,57.68,14300,824613.38
2022/07/06,1051,57.70,57.88,57.70,57.88,14700,850222.31
2022/07/06,1052,57.90,58.00,57.89,58.00,21700,1258441.13
2022/07/06,1053,58.00,58.08,58.00,58.08,72000,4173689.00
2022/07/06,1054,58.10,58.10,57.97,57.97,19200,1117245.00
2022/07/06,1055,57.89,57.95,57.77,57.89,26500,1532527.00
2022/07/06,1056,57.89,57.95,57.89,57.93,6100,355071.72
2022/07/06,1057,57.94,58.20,57.93,58.10,36700,2126796.00
2022/07/06,1058,58.49,58.49,58.20,58.49,78300,4568462.00
2022/07/06,1059,58.33,58.57,58.33,58.54,67000,3916930.50
2022/07/06,1100,58.58,58.98,58.58,58.98,85700,5036950.00
2022/07/06,1101,58.98,59.00,58.86,59.00,72600,4282383.50
2022/07/06,1102,59.00,59.01,58.70,58.70,63600,3750854.75
2022/07/06,1103,58.72,59.01,58.70,58.88,40500,2384135.75
2022/07/06,1104,58.88,58.98,58.83,58.90,17800,1048372.75
2022/07/06,1105,58.88,58.97,58.66,58.66,36400,2140293.00
2022/07/06,1106,58.60,58.60,58.10,58.30,35400,2060587.50
2022/07/06,1107,58.16,58.30,58.10,58.15,9900,575637.88
2022/07/06,1108,58.30,58.30,58.08,58.08,24900,1446233.63
2022/07/06,1109,58.00,58.00,57.79,57.79,9100,525581.38
2022/07/06,1110,57.79,58.10,57.75,57.89,12200,709460.81
2022/07/06,1111,58.10,58.56,57.90,58.00,23300,1357124.50
2022/07/06,1112,58.00,58.49,58.00,58.30,17200,1002440.25
2022/07/06,1113,58.30,58.47,58.30,58.45,12200,712684.13
2022/07/06,1114,58.45,58.46,58.40,58.46,21300,1246427.50
2022/07/06,1115,58.46,58.46,58.01,58.04,6600,383523.56
2022/07/06,1116,58.05,58.09,58.05,58.08,2800,164992.09
2022/07/06,1117,58.08,58.08,58.06,58.08,12600,731746.38
2022/07/06,1118,58.05,58.40,58.05,58.13,15800,918264.00
2022/07/06,1119,58.12,58.12,58.00,58.01,32700,1897909.63
2022/07/06,1120,58.00,58.01,57.87,57.89,36700,2124763.75
2022/07/06,1121,57.91,58.05,57.87,57.87,22000,1275078.50
2022/07/06,1122,57.92,57.92,57.78,57.78,31100,1795556.63
2022/07/06,1123,57.75,57.84,57.75,57.84,8600,498920.97
2022/07/06,1124,57.84,57.84,57.70,57.70,6300,367041.31
2022/07/06,1125,57.76,57.76,57.68,57.68,12000,692461.00
2022/07/06,1126,57.68,57.68,57.58,57.63,22500,1294520.75
2022/07/06,1127,57.64,57.76,57.58,57.76,19800,1142014.50
2022/07/06,1128,57.68,57.87,57.68,57.86,11200,647761.00
2022/07/06,1129,57.84,57.86,57.50,57.51,32600,1878393.50
2022/07/06,1130,57.51,57.86,57.51,57.85,13900,802056.50
2022/07/06,1301,57.95,58.07,57.95,58.05,26900,1556488.00
2022/07/06,1302,58.08,58.08,58.05,58.06,28200,1637485.00
2022/07/06,1303,58.05,58.10,58.05,58.10,41800,2429121.50
2022/07/06,1304,58.12,58.16,58.09,58.16,21600,1253508.75
2022/07/06,1305,58.41,58.46,58.19,58.43,15700,919218.38
2022/07/06,1306,58.43,58.43,58.00,58.00,8800,512624.00
2022/07/06,1307,58.00,58.00,57.86,57.86,5200,300087.84
2022/07/06,1308,57.86,58.08,57.86,58.08,6600,383300.16
2022/07/06,1309,58.00,58.07,57.99,57.99,10600,615003.00
2022/07/06,1310,58.00,58.00,57.51,57.51,25100,1448378.00
2022/07/06,1311,57.51,57.90,57.51,57.70,23800,1372495.00
2022/07/06,1312,57.84,57.84,57.71,57.84,7500,433460.00
2022/07/06,1313,57.81,57.81,57.58,57.58,10900,628856.00
2022/07/06,1314,57.53,57.68,57.49,57.51,25700,1475134.25
2022/07/06,1315,57.50,57.50,57.40,57.40,12700,729902.00
2022/07/06,1316,57.31,57.31,57.12,57.12,20600,1178965.00
2022/07/06,1317,57.10,57.12,57.02,57.02,24400,1392810.75
2022/07/06,1318,57.02,57.10,57.01,57.10,30500,1736400.50
2022/07/06,1319,57.11,57.44,57.10,57.11,34300,1959856.75
2022/07/06,1320,57.11,57.11,56.86,56.86,45100,2573484.00
2022/07/06,1321,56.86,56.86,56.50,56.50,33700,1907155.63
2022/07/06,1322,56.51,56.70,56.50,56.70,57800,3268742.25
2022/07/06,1323,56.70,56.85,56.69,56.79,17400,987681.00
2022/07/06,1324,56.70,56.84,56.50,56.50,36000,2041189.25
2022/07/06,1325,56.55,56.55,56.16,56.20,33600,1894348.50
2022/07/06,1326,56.01,56.30,56.01,56.30,59200,3320258.00
2022/07/06,1327,56.30,56.56,56.30,56.56,17500,990825.00
2022/07/06,1328,56.56,56.68,56.26,56.39,28600,1614957.75
2022/07/06,1329,56.31,56.40,56.19,56.40,44900,2528683.00
2022/07/06,1330,56.40,56.70,56.40,56.70,28500,1612787.00
2022/07/06,1331,56.70,57.02,56.70,57.00,21400,1217405.00
2022/07/06,1332,57.03,57.06,56.90,56.90,15300,871664.44
2022/07/06,1333,56.86,56.99,56.50,56.50,7600,436345.97
2022/07/06,1334,56.34,56.46,56.20,56.46,17000,953064.19
2022/07/06,1335,56.23,56.31,56.23,56.30,15300,860981.50
2022/07/06,1336,56.33,56.50,56.28,56.50,18600,1050988.25
2022/07/06,1337,56.50,56.78,56.50,56.78,10000,568620.81
2022/07/06,1338,56.78,57.09,56.78,57.09,35800,2037303.75
2022/07/06,1339,57.15,57.20,57.15,57.16,17900,1023688.00
2022/07/06,1340,57.20,57.20,57.00,57.02,13900,794366.13
2022/07/06,1341,57.02,57.08,56.99,56.99,11600,661459.00
2022/07/06,1342,56.90,57.00,56.88,56.90,9800,556041.63
2022/07/06,1343,56.86,56.88,56.78,56.78,5200,295517.19
2022/07/06,1344,56.77,56.77,56.69,56.69,18200,1035335.69
2022/07/06,1345,56.60,56.60,56.48,56.48,12200,689926.00
2022/07/06,1346,56.48,56.50,56.40,56.43,22200,1253294.00
2022/07/06,1347,56.43,56.65,56.43,56.65,12500,705371.25
2022/07/06,1348,56.70,56.77,56.40,56.40,24000,1357510.13
2022/07/06,1349,56.39,56.39,56.25,56.27,25400,1429499.88
2022/07/06,1350,56.25,56.25,56.20,56.20,23400,1315824.50
2022/07/06,1351,56.20,56.20,56.10,56.20,33900,1903823.50
2022/07/06,1352,56.10,56.19,56.02,56.02,47000,2631459.75
2022/07/06,1353,56.02,56.08,56.02,56.08,20800,1166663.38
2022/07/06,1354,56.09,56.20,56.08,56.20,12700,717048.63
2022/07/06,1355,56.20,56.57,56.20,56.57,10200,573002.25
2022/07/06,1356,56.49,57.00,56.48,57.00,26000,1473006.88
2022/07/06,1357,56.90,56.90,56.69,56.69,21900,1244124.00
2022/07/06,1358,56.30,56.30,56.10,56.16,42900,2415016.25
2022/07/06,1359,56.16,56.79,56.15,56.78,22600,1271493.75
2022/07/06,1400,56.78,56.80,56.34,56.35,11700,663600.50
2022/07/06,1401,56.35,56.37,56.30,56.37,28500,1608031.25
2022/07/06,1402,56.40,56.60,56.37,56.58,9500,536835.00
2022/07/06,1403,56.60,56.75,56.60,56.75,7200,408008.03
2022/07/06,1404,56.74,57.03,56.70,57.03,65600,3729916.00
2022/07/06,1405,57.08,57.30,57.08,57.30,44400,2538790.00
2022/07/06,1406,57.21,57.21,56.76,57.00,31400,1790341.00
2022/07/06,1407,57.00,57.19,57.00,57.19,9900,563775.50
2022/07/06,1408,57.19,57.29,57.03,57.03,20000,1142597.00
2022/07/06,1409,57.09,57.09,57.01,57.03,13800,788272.56
2022/07/06,1410,57.03,57.03,57.00,57.01,10800,615764.88
2022/07/06,1411,57.01,57.03,57.00,57.02,31700,1807702.00
2022/07/06,1412,57.03,57.03,56.81,56.98,51000,2906104.00
2022/07/06,1413,56.71,56.71,56.70,56.70,43200,2449647.75
2022/07/06,1414,56.60,56.60,56.31,56.40,12800,722331.00
2022/07/06,1415,56.40,56.57,56.40,56.56,18600,1050442.00
2022/07/06,1416,56.59,56.59,56.41,56.41,8700,491973.00
2022/07/06,1417,56.41,56.41,56.10,56.20,35600,2005041.25
2022/07/06,1418,56.12,56.19,56.00,56.00,90100,5045253.00
2022/07/06,1419,56.04,56.04,55.68,55.68,61900,3462369.00
2022/07/06,1420,55.68,55.88,55.50,55.88,66800,3715370.50
2022/07/06,1421,55.97,56.30,55.88,56.14,35500,1989841.88
2022/07/06,1422,56.14,56.40,56.10,56.40,10800,606881.88
2022/07/06,1423,56.40,56.50,56.40,56.46,11300,637901.25
2022/07/06,1424,56.41,56.46,56.20,56.20,9600,541126.94
2022/07/06,1425,56.40,56.40,56.20,56.25,10800,605558.13
2022/07/06,1426,56.25,56.25,56.21,56.25,9100,511735.00
2022/07/06,1427,56.39,56.46,56.28,56.46,5900,332738.00
2022/07/06,1428,56.43,56.45,56.42,56.43,12100,682834.00
2022/07/06,1429,56.44,56.46,56.43,56.45,6800,386698.94
2022/07/06,1430,56.46,56.46,56.29,56.29,17300,972805.06
2022/07/06,1431,56.30,56.39,56.30,56.31,15000,848389.50
2022/07/06,1432,56.31,56.32,56.20,56.21,34500,1937528.63
2022/07/06,1433,56.25,56.25,56.00,56.10,20000,1122515.00
2022/07/06,1434,56.08,56.08,55.81,55.81,36000,2016132.75
2022/07/06,1435,55.80,56.06,55.80,56.06,22900,1279750.13
2022/07/06,1436,56.06,56.25,56.06,56.25,14700,824961.00
2022/07/06,1437,56.22,56.39,56.22,56.39,4900,276298.88
2022/07/06,1438,56.39,56.47,56.39,56.47,33500,1889627.75
2022/07/06,1439,56.47,56.80,56.47,56.80,12900,726911.88
2022/07/06,1440,56.84,57.25,56.84,57.25,18200,1038230.00
2022/07/06,1441,57.28,57.38,57.06,57.08,34000,1947337.00
2022/07/06,1442,57.01,57.13,57.00,57.00,22900,1306193.00
2022/07/06,1443,56.99,56.99,56.56,56.67,9400,534178.00
2022/07/06,1444,56.71,56.75,56.61,56.61,16400,929767.00
2022/07/06,1445,56.61,56.66,56.56,56.60,35600,2015068.13
2022/07/06,1446,56.61,56.95,56.60,56.94,28800,1633952.25
2022/07/06,1447,56.75,56.95,56.75,56.77,10000,568978.88
2022/07/06,1448,56.79,56.80,56.72,56.75,16100,913927.00
2022/07/06,1449,56.74,56.75,56.68,56.68,23700,1344007.75
2022/07/06,1450,56.67,56.75,56.61,56.67,35500,2011263.38
2022/07/06,1451,56.67,56.68,56.60,56.60,37100,2101509.75
2022/07/06,1452,56.60,56.61,56.35,56.35,35800,2021440.38
2022/07/06,1453,56.35,56.35,56.00,56.00,38800,2177957.00
2022/07/06,1454,55.95,55.95,55.85,55.87,102300,5716260.00
2022/07/06,1455,55.88,56.35,55.88,56.24,71300,3986769.00
2022/07/06,1456,56.15,56.45,56.15,56.44,49700,2801084.50
2022/07/06,1457,56.45,56.81,56.45,56.81,53000,3001223.00
2022/07/06,1458,56.80,56.80,56.79,56.79,6300,357657.00
2022/07/06,1459,56.79,56.79,56.79,56.79,0,0.00
2022/07/06,1500,56.99,56.99,56.99,56.99,139900,7972901.00
2022/07/07,0931,55.06,55.48,55.05,55.10,708200,39045068.00
2022/07/07,0932,55.10,55.14,54.88,54.88,374000,20591916.00
2022/07/07,0933,54.83,54.83,54.52,54.52,371200,20285846.00
2022/07/07,0934,54.52,55.94,54.51,55.80,168000,9236488.00
2022/07/07,0935,55.95,56.00,55.50,55.50,152400,8513458.00
2022/07/07,0936,55.50,55.52,55.14,55.51,73600,4073232.75
2022/07/07,0937,55.52,55.84,55.39,55.84,58400,3248199.75
2022/07/07,0938,55.66,55.66,54.51,54.51,144900,7983310.50
2022/07/07,0939,54.61,54.61,54.01,54.10,236000,12790629.00
2022/07/07,0940,54.10,54.36,54.10,54.36,314000,17029790.00
2022/07/07,0941,54.36,54.51,54.36,54.40,66600,3625921.50
2022/07/07,0942,54.37,54.79,54.37,54.79,72800,3968431.50
2022/07/07,0943,54.75,55.05,54.75,54.86,113000,6211019.00
2022/07/07,0944,54.82,54.98,54.55,54.55,64200,3517834.00
2022/07/07,0945,54.60,54.75,54.54,54.66,79900,4360252.00
2022/07/07,0946,54.61,54.70,54.28,54.28,61700,3362241.00
2022/07/07,0947,54.20,54.20,53.96,53.96,157000,8494866.00
2022/07/07,0948,53.88,53.88,53.21,53.26,145100,7778018.00
2022/07/07,0949,53.14,53.82,53.14,53.80,184900,9906499.00
2022/07/07,0950,53.85,54.09,53.83,54.09,116100,6267714.00
2022/07/07,0951,54.08,54.09,54.00,54.02,73700,3981234.75
2022/07/07,0952,54.03,55.00,54.02,55.00,67800,3686397.25
2022/07/07,0953,54.94,55.14,54.88,55.00,63500,3491167.75
2022/07/07,0954,54.94,55.00,54.69,54.80,36600,2008939.38
2022/07/07,0955,54.84,54.84,54.73,54.84,28400,1557735.75
2022/07/07,0956,55.00,55.30,54.88,55.30,49100,2701324.50
2022/07/07,0957,55.30,55.41,55.15,55.15,61100,3382614.00
2022/07/07,0958,55.15,55.17,55.09,55.14,37100,2046043.00
2022/07/07,0959,55.03,55.15,54.91,54.91,22100,1216005.13
2022/07/07,1000,55.00,55.17,54.95,55.00,42900,2360077.00
2022/07/07,1001,55.00,55.43,54.99,55.43,48100,2652788.75
2022/07/07,1002,55.43,55.43,54.79,54.79,30800,1700611.25
2022/07/07,1003,54.73,54.73,54.23,54.31,56500,3081808.00
2022/07/07,1004,54.45,55.04,54.39,54.92,40200,2193733.25
2022/07/07,1005,54.99,54.99,54.86,54.92,17500,966026.94
2022/07/07,1006,54.92,54.98,54.77,54.77,11100,604437.44
2022/07/07,1007,54.77,54.79,54.51,54.73,34600,1894251.88
2022/07/07,1008,54.73,54.73,54.50,54.50,42800,2333770.25
2022/07/07,1009,54.51,54.52,54.41,54.41,33800,1841158.00
2022/07/07,1010,54.40,54.52,54.38,54.51,62800,3415053.75
2022/07/07,1011,54.51,54.60,54.48,54.48,21900,1194586.00
2022/07/07,1012,54.49,54.49,54.21,54.21,45700,2485693.50
2022/07/07,1013,54.20,54.20,54.00,54.00,75200,4067349.00
2022/07/07,1014,53.99,54.06,53.80,54.06,85900,4635433.50
2022/07/07,1015,54.03,54.26,54.03,54.26,60300,3261884.00
2022/07/07,1016,54.25,54.25,54.09,54.10,122100,6614602.50
2022/07/07,1017,54.10,54.10,54.00,54.00,129000,6969282.00
2022/07/07,1018,54.01,54.11,54.00,54.11,76800,4147319.50
2022/07/07,1019,54.11,54.15,54.10,54.15,42000,2272727.50
2022/07/07,1020,54.16,54.18,54.06,54.18,20400,1102823.63
2022/07/07,1021,54.10,54.17,54.08,54.10,48600,2629942.50
2022/07/07,1022,54.10,54.54,54.06,54.54,45400,2462092.25
2022/07/07,1023,54.54,54.65,54.50,54.64,17700,964294.00
2022/07/07,1024,54.61,54.63,54.38,54.41,19100,1042194.00
2022/07/07,1025,54.39,54.39,54.23,54.23,10400,564848.00
2022/07/07,1026,54.22,54.30,54.12,54.15,41700,2259805.00
2022/07/07,1027,54.13,54.25,54.12,54.15,30700,1661410.75
2022/07/07,1028,54.13,54.20,54.13,54.20,16700,904617.81
2022/07/07,1029,54.20,54.23,54.14,54.14,19300,1045782.56
2022/07/07,1030,54.20,54.22,54.16,54.22,21500,1167487.00
2022/07/07,1031,54.21,54.23,54.17,54.17,20000,1082098.63
2022/07/07,1032,54.17,54.17,54.12,54.13,100600,5446672.00
2022/07/07,1033,54.10,54.10,54.00,54.00,54700,2953733.00
2022/07/07,1034,54.00,54.01,53.96,53.97,98800,5338004.00
2022/07/07,1035,53.97,53.97,53.77,53.80,30400,1636953.00
2022/07/07,1036,53.80,53.80,53.65,53.65,50200,2697025.00
2022/07/07,1037,53.65,53.88,53.65,53.75,116700,6271733.50
2022/07/07,1038,53.75,53.90,53.75,53.85,17700,950361.25
2022/07/07,1039,53.90,53.91,53.86,53.91,15200,819198.19
2022/07/07,1040,53.91,53.91,53.80,53.81,24100,1299505.50
2022/07/07,1041,53.81,53.83,53.81,53.83,18800,1010309.38
2022/07/07,1042,53.85,53.92,53.84,53.84,24000,1293446.00
2022/07/07,1043,53.80,53.84,53.65,53.65,38200,2053893.00
2022/07/07,1044,53.65,53.65,53.40,53.40,86600,4635636.00
2022/07/07,1045,53.40,53.40,53.25,53.26,59500,3171867.25
2022/07/07,1046,53.25,53.48,53.25,53.48,56800,3026540.25
2022/07/07,1047,53.48,53.65,53.40,53.65,24200,1294489.50
2022/07/07,1048,53.57,53.76,53.57,53.76,21800,1166530.13
2022/07/07,1049,53.88,53.96,53.78,53.95,18000,973054.06
2022/07/07,1050,53.95,53.95,53.82,53.85,14700,788638.75
2022/07/07,1051,53.85,53.88,53.81,53.82,6700,365173.59
2022/07/07,1052,53.82,53.85,53.81,53.85,9200,492800.28
2022/07/07,1053,53.85,53.88,53.81,53.81,18500,996306.44
2022/07/07,1054,53.85,53.88,53.80,53.81,20300,1092766.00
2022/07/07,1055,53.85,54.01,53.82,54.01,39100,2110222.00
2022/07/07,1056,54.00,54.02,53.99,54.02,26000,1404761.00
2022/07/07,1057,54.02,54.02,53.87,53.87,27900,1505365.75
2022/07/07,1058,53.87,53.88,53.86,53.88,13600,729903.25
2022/07/07,1059,53.87,53.88,53.87,53.88,14900,802788.50
2022/07/07,1100,53.87,53.88,53.86,53.86,15000,810843.25
2022/07/07,1101,53.86,53.87,53.86,53.86,8800,473982.00
2022/07/07,1102,53.85,53.86,53.85,53.85,10600,569278.38
2022/07/07,1103,53.83,53.87,53.81,53.84,15700,845343.56
2022/07/07,1104,53.81,53.86,53.81,53.82,11800,635165.00
2022/07/07,1105,53.82,53.84,53.81,53.83,6200,333735.00
2022/07/07,1106,53.83,53.84,53.82,53.84,7100,382189.00
2022/07/07,1107,53.82,53.82,53.76,53.76,36100,1942377.00
2022/07/07,1108,53.73,53.75,53.53,53.53,14600,783466.00
2022/07/07,1109,53.50,53.50,53.33,53.37,74900,3998869.25
2022/07/07,1110,53.39,53.69,53.38,53.55,37800,2023183.38
2022/07/07,1111,53.56,53.65,53.56,53.65,6100,327004.00
2022/07/07,1112,53.62,53.70,53.58,53.58,24000,1287460.00
2022/07/07,1113,53.59,53.59,53.53,53.54,11900,637202.00
2022/07/07,1114,53.55,53.56,53.50,53.50,39900,2134719.50
2022/07/07,1115,53.53,53.54,53.45,53.46,38100,2039646.25
2022/07/07,1116,53.48,53.50,53.43,53.50,19500,1044416.63
2022/07/07,1117,53.51,53.53,53.48,53.53,35200,1882310.38
2022/07/07,1118,53.52,53.55,53.42,53.42,43600,2332657.00
2022/07/07,1119,53.42,53.44,53.41,53.42,16400,876864.31
2022/07/07,1120,53.43,53.53,53.42,53.52,41000,2191845.50
2022/07/07,1121,53.52,53.70,53.52,53.64,15900,849940.75
2022/07/07,1122,53.73,53.80,53.73,53.80,11200,602270.00
2022/07/07,1123,53.80,54.01,53.80,54.01,33100,1789186.38
2022/07/07,1124,54.00,54.30,54.00,54.30,23500,1272854.00
2022/07/07,1125,54.26,54.30,54.12,54.30,25200,1366824.00
2022/07/07,1126,54.35,54.64,54.35,54.64,46200,2516912.25
2022/07/07,1127,54.63,54.70,54.33,54.49,19500,1062403.38
2022/07/07,1128,54.49,54.58,54.49,54.58,18100,986871.56
2022/07/07,1129,54.59,54.66,54.58,54.58,16000,873850.69
2022/07/07,1130,54.58,54.70,54.26,54.70,61000,3320665.50
2022/07/07,1301,54.70,55.17,54.70,55.17,191800,10534436.00
2022/07/07,1302,55.17,55.19,55.10,55.19,47700,2634501.50
2022/07/07,1303,55.19,55.19,55.10,55.17,52400,2889737.50
2022/07/07,1304,55.15,55.56,55.15,55.56,65700,3633166.25
2022/07/07,1305,55.50,55.62,55.41,55.41,100000,5554959.00
2022/07/07,1306,55.43,55.44,55.18,55.22,44800,2478360.00
2022/07/07,1307,55.18,55.20,55.15,55.20,29900,1649411.00
2022/07/07,1308,55.16,55.46,55.16,55.46,18400,1017756.50
2022/07/07,1309,55.41,55.77,55.41,55.68,54200,3010488.75
2022/07/07,1310,55.78,55.80,55.67,55.69,109800,6119204.00
2022/07/07,1311,55.70,55.92,55.70,55.92,88100,4917666.00
2022/07/07,1312,55.95,56.32,55.95,56.27,126700,7103343.00
2022/07/07,1313,56.20,56.24,55.97,56.01,96700,5422195.00
2022/07/07,1314,56.01,56.03,55.90,55.91,42200,2363409.00
2022/07/07,1315,55.90,56.05,55.90,56.04,28900,1617683.88
2022/07/07,1316,56.09,56.40,56.09,56.40,51700,2906863.00
2022/07/07,1317,56.42,56.47,56.21,56.21,62900,3548177.00
2022/07/07,1318,56.39,56.39,56.06,56.06,30200,1696961.00
2022/07/07,1319,56.08,56.17,56.06,56.17,17800,999348.00
2022/07/07,1320,56.06,56.14,56.00,56.00,29000,1625163.00
2022/07/07,1321,56.00,56.01,55.81,55.81,23200,1298375.00
2022/07/07,1322,55.81,55.87,55.61,55.87,40300,2249503.75
2022/07/07,1323,55.89,56.31,55.89,56.17,28400,1592182.00
2022/07/07,1324,56.31,56.31,56.01,56.01,28900,1622271.75
2022/07/07,1325,56.01,56.18,56.00,56.13,17500,979743.00
2022/07/07,1326,56.13,56.21,56.12,56.17,14900,836808.00
2022/07/07,1327,56.21,56.77,56.21,56.75,86900,4909410.00
2022/07/07,1328,56.75,56.81,56.68,56.80,44800,2543042.00
2022/07/07,1329,56.81,56.81,56.57,56.57,37000,2095980.88
2022/07/07,1330,56.57,56.57,56.02,56.02,42100,2367281.50
2022/07/07,1331,56.02,56.21,56.02,56.21,34100,1918524.38
2022/07/07,1332,56.21,56.60,56.21,56.38,20400,1150755.38
2022/07/07,1333,56.45,56.45,56.30,56.30,12200,685911.63
2022/07/07,1334,56.22,56.38,56.21,56.31,26700,1503125.88
2022/07/07,1335,56.31,56.31,56.26,56.30,12200,686889.00
2022/07/07,1336,56.26,56.31,56.23,56.27,28500,1603696.00
2022/07/07,1337,56.27,56.27,56.12,56.20,28500,1603020.13
2022/07/07,1338,56.20,56.30,56.20,56.30,19600,1102489.00
2022/07/07,1339,56.34,56.60,56.34,56.51,19100,1078505.63
2022/07/07,1340,56.51,56.80,56.51,56.80,25500,1444406.25
2022/07/07,1341,56.95,57.03,56.80,56.90,95500,5442194.50
2022/07/07,1342,56.90,56.96,56.80,56.96,57800,3288973.50
2022/07/07,1343,56.96,57.08,56.90,57.04,102900,5869710.00
2022/07/07,1344,57.04,57.04,56.52,56.52,33600,1911010.13
2022/07/07,1345,56.65,56.65,56.47,56.47,11300,639022.00
2022/07/07,1346,56.45,56.52,56.45,56.52,8300,469653.44
2022/07/07,1347,56.55,56.67,56.48,56.50,23700,1339439.50
2022/07/07,1348,56.54,56.65,56.54,56.60,6500,363828.75
2022/07/07,1349,56.56,56.61,56.55,56.55,6000,343355.25
2022/07/07,1350,56.56,56.56,56.10,56.10,28200,1591447.75
2022/07/07,1351,56.08,56.08,55.74,55.75,29300,1638299.00
2022/07/07,1352,55.75,56.00,55.74,56.00,8600,481315.75
2022/07/07,1353,56.00,56.00,55.82,55.82,51500,2880098.00
2022/07/07,1354,55.82,55.89,55.75,55.89,11600,645597.00
2022/07/07,1355,55.89,56.18,55.89,56.18,4900,274376.00
2022/07/07,1356,55.89,55.89,55.70,55.70,55600,3107662.50
2022/07/07,1357,55.70,55.74,55.61,55.70,16300,907556.00
2022/07/07,1358,55.76,55.92,55.67,55.92,5400,300915.72
2022/07/07,1359,55.85,55.99,55.85,55.99,21600,1210650.13
2022/07/07,1400,55.98,55.98,55.85,55.85,7400,412143.63
2022/07/07,1401,55.85,55.97,55.85,55.95,3400,190162.00
2022/07/07,1402,55.83,55.94,55.80,55.80,4000,223413.00
2022/07/07,1403,55.83,55.94,55.83,55.94,10800,601976.88
2022/07/07,1404,55.98,56.00,55.95,56.00,8800,492631.00
2022/07/07,1405,56.00,56.00,55.95,55.95,4200,235056.00
2022/07/07,1406,55.96,55.96,55.84,55.92,10500,587301.69
2022/07/07,1407,55.84,55.92,55.77,55.77,8600,481517.84
2022/07/07,1408,55.78,55.78,55.60,55.64,17400,969385.00
2022/07/07,1409,55.64,55.74,55.52,55.61,30000,1667746.00
2022/07/07,1410,55.55,55.74,55.53,55.62,8900,491510.84
2022/07/07,1411,55.71,55.75,55.71,55.75,8400,468136.00
2022/07/07,1412,55.74,55.80,55.73,55.75,15700,875291.00
2022/07/07,1413,55.74,55.93,55.74,55.90,11100,624231.81
2022/07/07,1414,55.95,55.95,55.70,55.70,10300,575789.00
2022/07/07,1415,55.64,55.69,55.50,55.50,21200,1175171.13
2022/07/07,1416,55.40,55.41,55.13,55.14,35800,1978076.00
2022/07/07,1417,55.14,55.50,55.13,55.28,33800,1865003.38
2022/07/07,1418,55.22,55.54,55.22,55.53,31300,1737274.75
2022/07/07,1419,55.55,55.55,55.35,55.35,6300,344592.25
2022/07/07,1420,55.35,55.50,55.35,55.50,7400,414958.03
2022/07/07,1421,55.53,55.60,55.53,55.60,15400,854534.19
2022/07/07,1422,55.58,55.62,55.50,55.62,22200,1230084.50
2022/07/07,1423,55.61,55.65,55.55,55.61,12300,684004.00
2022/07/07,1424,55.61,55.69,55.61,55.69,6500,362996.03
2022/07/07,1425,55.62,55.69,55.61,55.61,7600,422835.78
2022/07/07,1426,55.61,55.61,55.20,55.20,10500,584923.50
2022/07/07,1427,55.22,55.28,55.18,55.21,12500,690222.00
2022/07/07,1428,55.22,55.38,55.21,55.38,9500,524989.00
2022/07/07,1429,55.47,55.47,55.39,55.39,38100,2113245.00
2022/07/07,1430,55.38,55.50,55.38,55.50,23900,1325773.00
2022/07/07,1431,55.49,55.65,55.49,55.65,15200,844426.56
2022/07/07,1432,55.65,55.65,55.49,55.50,17800,988610.88
2022/07/07,1433,55.50,55.52,55.47,55.48,19500,1079688.25
2022/07/07,1434,55.48,55.54,55.48,55.49,10600,590663.69
2022/07/07,1435,55.54,55.57,55.54,55.55,9100,505511.00
2022/07/07,1436,55.57,55.63,55.55,55.63,21200,1178338.00
2022/07/07,1437,55.65,55.68,55.60,55.60,8900,495305.00
2022/07/07,1438,55.55,55.61,55.48,55.50,16800,933731.00
2022/07/07,1439,55.53,55.53,55.38,55.38,7500,415538.00
2022/07/07,1440,55.36,55.38,55.11,55.11,14400,795120.00
2022/07/07,1441,55.00,55.23,55.00,55.10,37400,2060827.13
2022/07/07,1442,55.10,55.20,55.03,55.20,16200,892198.00
2022/07/07,1443,55.21,55.60,55.20,55.60,19300,1068077.88
2022/07/07,1444,55.60,55.96,55.60,55.96,19800,1104021.00
2022/07/07,1445,55.84,55.88,55.77,55.77,17500,977027.00
2022/07/07,1446,55.79,55.79,55.64,55.66,22200,1237447.00
2022/07/07,1447,55.65,55.85,55.64,55.85,16000,891631.00
2022/07/07,1448,55.86,56.00,55.86,55.97,38000,2130099.25
2022/07/07,1449,56.00,56.03,55.77,55.77,33000,1842869.25
2022/07/07,1450,55.70,55.70,55.60,55.60,39600,2204052.00
2022/07/07,1451,55.60,55.60,55.41,55.45,16500,915575.00
2022/07/07,1452,55.51,55.51,55.45,55.48,24900,1381726.00
2022/07/07,1453,55.46,55.60,55.46,55.60,34300,1905585.13
2022/07/07,1454,55.55,55.60,55.40,55.40,78000,4325846.00
2022/07/07,1455,55.38,55.38,55.18,55.18,40500,2239542.00
2022/07/07,1456,55.18,55.55,55.16,55.45,57600,3185796.00
2022/07/07,1457,55.51,55.60,55.38,55.40,87200,4839895.50
2022/07/07,1458,55.40,55.50,55.40,55.50,2000,112430.60
2022/07/07,1459,55.50,55.50,55.50,55.50,0,0.00
2022/07/07,1500,55.50,55.50,55.50,55.50,193500,10739250.00
2022/07/08,0931,55.00,56.00,55.00,55.97,300500,16634130.00
2022/07/08,0932,55.85,56.01,55.31,56.00,188900,10516033.00
2022/07/08,0933,56.03,57.18,56.03,57.08,150600,8536730.00
2022/07/08,0934,57.30,57.41,56.85,57.15,270100,15411446.00
2022/07/08,0935,57.30,57.57,56.99,56.99,270800,15529095.00
2022/07/08,0936,57.21,57.38,56.60,56.80,126400,7214513.00
2022/07/08,0937,56.63,57.10,56.63,57.08,198200,11283503.00
2022/07/08,0938,57.09,57.09,56.52,56.52,66300,3769245.00
2022/07/08,0939,56.37,56.50,56.02,56.02,73100,4108144.50
2022/07/08,0940,56.02,56.19,55.90,55.90,110800,6210470.00
2022/07/08,0941,55.90,56.00,55.80,55.98,89200,4997467.00
2022/07/08,0942,55.98,56.20,55.80,55.80,55300,3092863.75
2022/07/08,0943,55.73,56.00,55.73,55.80,85000,4750157.00
2022/07/08,0944,55.80,55.80,55.39,55.49,140300,7794782.00
2022/07/08,0945,55.56,55.60,55.50,55.52,99000,5506521.50
2022/07/08,0946,55.49,55.52,55.40,55.40,64600,3580438.75
2022/07/08,0947,55.50,55.50,55.42,55.50,36800,2043244.50
2022/07/08,0948,55.50,55.79,55.50,55.79,42700,2373127.00
2022/07/08,0949,55.78,56.00,55.70,56.00,37900,2117061.00
2022/07/08,0950,56.09,56.19,56.00,56.00,48700,2734259.50
2022/07/08,0951,56.14,56.14,55.88,55.89,25400,1422938.00
2022/07/08,0952,55.93,56.20,55.89,56.17,26600,1493875.00
2022/07/08,0953,56.17,56.20,56.03,56.03,25700,1441278.63
2022/07/08,0954,56.14,56.16,55.90,55.95,23700,1328104.75
2022/07/08,0955,55.95,55.95,55.70,55.79,38400,2142873.00
2022/07/08,0956,55.80,55.80,55.52,55.68,34200,1904998.00
2022/07/08,0957,55.68,55.68,55.45,55.50,42800,2376706.00
2022/07/08,0958,55.51,55.70,55.51,55.70,37600,2090399.00
2022/07/08,0959,55.70,55.80,55.50,55.50,76300,4239075.00
2022/07/08,1000,55.50,55.53,55.42,55.53,67800,3760136.50
2022/07/08,1001,55.52,55.93,55.52,55.93,17400,971061.88
2022/07/08,1002,55.95,55.99,55.90,55.94,22300,1247480.00
2022/07/08,1003,55.95,56.07,55.85,56.07,19000,1063367.00
2022/07/08,1004,56.06,56.25,56.06,56.25,26500,1488092.00
2022/07/08,1005,56.25,56.25,56.00,56.20,48300,2713081.50
2022/07/08,1006,56.23,56.23,56.11,56.20,19800,1113830.63
2022/07/08,1007,56.20,56.69,56.20,56.69,45100,2542669.25
2022/07/08,1008,56.65,56.70,56.55,56.59,44400,2514991.25
2022/07/08,1009,56.52,56.61,56.52,56.60,52900,2990771.75
2022/07/08,1010,56.50,56.52,56.28,56.28,25800,1456867.63
2022/07/08,1011,56.26,56.50,56.26,56.41,47400,2673794.50
2022/07/08,1012,56.45,56.78,56.45,56.70,40100,2268099.00
2022/07/08,1013,56.80,57.27,56.79,57.27,95900,5470355.00
2022/07/08,1014,57.40,57.47,57.30,57.30,133000,7636616.00
2022/07/08,1015,57.33,57.50,57.33,57.50,96300,5526130.00
2022/07/08,1016,57.49,57.51,57.18,57.27,74100,4258295.00
2022/07/08,1017,57.15,57.18,56.99,57.03,27900,1590139.25
2022/07/08,1018,57.03,57.39,57.03,57.39,45900,2623558.00
2022/07/08,1019,57.30,57.30,56.90,56.90,39500,2258652.25
2022/07/08,1020,56.89,57.05,56.88,57.05,33200,1893094.38
2022/07/08,1021,57.08,57.15,57.07,57.10,14400,822249.00
2022/07/08,1022,57.08,57.08,56.88,56.88,34300,1955748.00
2022/07/08,1023,56.82,57.06,56.82,57.06,22200,1263941.00
2022/07/08,1024,57.05,57.27,57.05,57.27,54800,3135211.00
2022/07/08,1025,57.30,57.46,57.30,57.45,33700,1933652.00
2022/07/08,1026,57.39,57.46,57.20,57.30,33000,1891353.00
2022/07/08,1027,57.30,57.34,57.20,57.34,24400,1397122.00
2022/07/08,1028,57.34,57.35,57.30,57.30,12200,699230.63
2022/07/08,1029,57.30,57.30,57.12,57.12,16900,969985.25
2022/07/08,1030,57.10,57.21,57.10,57.21,36100,2059576.00
2022/07/08,1031,57.18,57.29,57.18,57.29,15000,858313.00
2022/07/08,1032,57.30,57.35,57.26,57.30,33700,1931048.00
2022/07/08,1033,57.33,57.33,57.20,57.22,19200,1099289.00
2022/07/08,1034,57.22,57.28,57.16,57.24,48800,2790646.00
2022/07/08,1035,57.24,57.55,57.24,57.55,99300,5699970.00
2022/07/08,1036,57.57,58.25,57.57,58.20,153000,8852349.00
2022/07/08,1037,58.26,58.48,58.26,58.30,161500,9424738.00
2022/07/08,1038,58.39,58.45,58.24,58.29,99400,5801658.50
2022/07/08,1039,58.22,58.23,58.05,58.12,47000,2730448.50
2022/07/08,1040,58.20,58.20,58.00,58.18,58700,3407883.25
2022/07/08,1041,58.18,58.18,57.88,57.88,68600,3983121.00
2022/07/08,1042,57.88,58.00,57.86,58.00,30100,1741645.63
2022/07/08,1043,57.95,58.18,57.95,58.12,33000,1915084.50
2022/07/08,1044,58.11,58.20,57.88,57.90,29000,1683180.13
2022/07/08,1045,57.90,57.90,57.64,57.64,13600,785032.00
2022/07/08,1046,57.67,57.70,57.55,57.67,26100,1503972.00
2022/07/08,1047,57.68,57.71,57.66,57.66,12200,703988.69
2022/07/08,1048,57.66,57.66,57.44,57.44,41400,2382352.00
2022/07/08,1049,57.49,57.49,57.01,57.01,33500,1916301.00
2022/07/08,1050,57.10,57.20,56.99,56.99,57300,3270545.00
2022/07/08,1051,56.95,56.95,56.83,56.86,27000,1535307.00
2022/07/08,1052,56.84,57.10,56.84,57.04,49200,2802616.00
2022/07/08,1053,57.02,57.02,56.83,56.83,27300,1554325.00
2022/07/08,1054,56.83,56.83,56.73,56.73,25300,1436758.00
2022/07/08,1055,56.70,57.00,56.65,56.86,41800,2372378.00
2022/07/08,1056,57.00,57.00,56.90,56.96,14400,820376.00
2022/07/08,1057,56.90,57.10,56.90,57.09,20500,1168579.13
2022/07/08,1058,57.01,57.08,56.80,56.80,24600,1400718.00
2022/07/08,1059,56.80,56.80,56.73,56.80,2600,147584.00
2022/07/08,1100,56.75,56.87,56.71,56.87,18000,1023232.31
2022/07/08,1101,56.83,56.83,56.61,56.61,24000,1361021.00
2022/07/08,1102,56.62,56.80,56.60,56.80,10800,611472.00
2022/07/08,1103,56.63,56.94,56.63,56.94,5500,312756.00
2022/07/08,1104,56.94,56.94,56.70,56.70,15300,869907.00
2022/07/08,1105,56.68,56.70,56.55,56.55,39300,2224060.00
2022/07/08,1106,56.59,56.59,56.44,56.44,7100,401225.00
2022/07/08,1107,56.50,56.50,56.44,56.50,20500,1157236.00
2022/07/08,1108,56.48,56.50,56.45,56.50,12600,711320.38
2022/07/08,1109,56.52,56.53,56.40,56.40,32000,1806758.00
2022/07/08,1110,56.37,56.49,56.37,56.49,7600,428578.00
2022/07/08,1111,56.50,56.63,56.50,56.60,17300,978329.00
2022/07/08,1112,56.63,57.05,56.63,57.05,15600,886276.00
2022/07/08,1113,57.00,57.00,56.86,56.86,15900,905414.00
2022/07/08,1114,56.89,56.90,56.80,56.90,7400,420684.00
2022/07/08,1115,56.90,56.98,56.82,56.90,9700,551817.00
2022/07/08,1116,56.90,56.98,56.80,56.89,5800,329824.00
2022/07/08,1117,56.90,56.90,56.81,56.90,2900,164978.00
2022/07/08,1118,56.90,56.90,56.80,56.80,6300,358293.00
2022/07/08,1119,56.85,56.90,56.80,56.90,5700,324202.00
2022/07/08,1120,56.95,57.09,56.95,57.09,5800,332359.00
2022/07/08,1121,57.09,57.10,57.06,57.10,19500,1113275.00
2022/07/08,1122,57.05,57.20,57.05,57.20,5100,291348.00
2022/07/08,1123,57.27,57.33,57.22,57.33,17200,985399.00
2022/07/08,1124,57.40,57.48,57.35,57.38,14000,803616.00
2022/07/08,1125,57.38,57.40,57.31,57.40,38100,2183888.50
2022/07/08,1126,57.58,57.73,57.50,57.70,37700,2173471.00
2022/07/08,1127,57.71,57.80,57.65,57.70,20000,1154572.00
2022/07/08,1128,57.80,57.80,57.53,57.60,15300,883448.94
2022/07/08,1129,57.50,57.95,57.50,57.93,41600,2406601.50
2022/07/08,1130,57.95,58.00,57.84,57.84,35500,2057891.00
2022/07/08,1301,57.79,57.79,57.23,57.23,45600,2627574.00
2022/07/08,1302,57.30,57.30,57.23,57.30,12900,738718.00
2022/07/08,1303,57.30,57.50,57.25,57.50,18600,1067502.00
2022/07/08,1304,57.30,57.45,57.30,57.45,11700,671582.00
2022/07/08,1305,57.45,57.48,57.37,57.45,10200,584849.13
2022/07/08,1306,57.40,57.42,57.25,57.37,15700,900891.00
2022/07/08,1307,57.29,57.37,57.29,57.30,4800,275224.00
2022/07/08,1308,57.30,57.37,57.20,57.21,16000,916561.00
2022/07/08,1309,57.23,57.37,57.21,57.37,3600,206693.00
2022/07/08,1310,57.36,57.40,57.36,57.40,4800,275473.00
2022/07/08,1311,57.40,57.40,57.30,57.31,5100,292456.00
2022/07/08,1312,57.30,57.39,57.25,57.31,12900,739548.00
2022/07/08,1313,57.31,57.31,57.25,57.27,1700,97397.00
2022/07/08,1314,57.25,57.25,57.18,57.20,15700,897147.63
2022/07/08,1315,57.20,57.20,57.10,57.15,5100,292450.44
2022/07/08,1316,57.20,57.45,57.20,57.45,10200,583202.75
2022/07/08,1317,57.49,57.80,57.49,57.79,21500,1239530.00
2022/07/08,1318,57.80,57.80,57.69,57.70,6500,375162.00
2022/07/08,1319,57.66,57.69,57.59,57.69,9800,564270.38
2022/07/08,1320,57.78,58.20,57.72,58.18,84300,4892243.00
2022/07/08,1321,58.20,58.40,58.20,58.40,65600,3826774.75
2022/07/08,1322,58.40,58.40,58.11,58.11,30800,1794006.00
2022/07/08,1323,58.11,58.11,57.88,57.88,8900,516103.00
2022/07/08,1324,57.71,58.00,57.66,57.92,16200,936175.00
2022/07/08,1325,57.92,57.98,57.60,57.60,37800,2183694.25
2022/07/08,1326,57.60,57.60,57.53,57.60,12800,736986.00
2022/07/08,1327,57.60,57.78,57.50,57.70,35500,2040834.00
2022/07/08,1328,57.70,57.70,57.51,57.51,9900,570075.00
2022/07/08,1329,57.50,57.51,57.45,57.45,11900,684034.25
2022/07/08,1330,57.44,57.51,57.41,57.51,11400,658433.75
2022/07/08,1331,57.51,57.69,57.51,57.64,9400,540838.00
2022/07/08,1332,57.64,57.69,57.56,57.63,19500,1120115.25
2022/07/08,1333,57.63,57.63,57.53,57.59,7500,431789.00
2022/07/08,1334,57.59,57.59,57.38,57.49,11800,678839.00
2022/07/08,1335,57.49,57.49,57.35,57.35,7700,442039.00
2022/07/08,1336,57.34,57.35,57.04,57.04,34500,1973111.00
2022/07/08,1337,57.10,57.34,57.10,57.30,13600,780119.75
2022/07/08,1338,57.40,57.56,57.40,57.50,11700,672576.00
2022/07/08,1339,57.42,57.50,57.42,57.42,8600,494057.00
2022/07/08,1340,57.42,57.42,57.30,57.30,5400,309527.00
2022/07/08,1341,57.31,57.50,57.21,57.49,16300,932865.63
2022/07/08,1342,57.45,57.50,57.35,57.50,17500,1006131.56
2022/07/08,1343,57.50,57.55,57.42,57.55,16000,919305.00
2022/07/08,1344,57.50,57.58,57.45,57.54,10000,575858.25
2022/07/08,1345,57.58,57.81,57.58,57.81,19300,1116618.00
2022/07/08,1346,57.88,57.97,57.86,57.86,35300,2044303.63
2022/07/08,1347,57.79,57.79,57.42,57.42,23300,1340988.00
2022/07/08,1348,57.40,57.40,57.25,57.26,6100,349645.00
2022/07/08,1349,57.27,57.50,57.27,57.49,9800,562438.00
2022/07/08,1350,57.45,57.45,57.33,57.36,9800,562331.00
2022/07/08,1351,57.40,57.40,57.28,57.30,10600,607461.00
2022/07/08,1352,57.30,57.60,57.30,57.55,33700,1938160.00
2022/07/08,1353,57.50,57.50,57.40,57.40,9100,523113.00
2022/07/08,1354,57.40,57.41,57.40,57.41,3300,189422.00
2022/07/08,1355,57.41,57.41,57.30,57.31,12400,711130.00
2022/07/08,1356,57.31,57.34,57.27,57.27,9300,532927.00
2022/07/08,1357,57.27,57.27,57.10,57.10,28900,1653227.25
2022/07/08,1358,57.14,57.17,57.10,57.17,16300,928356.94
2022/07/08,1359,57.18,57.18,57.05,57.06,36100,2061261.38
2022/07/08,1400,57.05,57.07,56.94,56.96,27500,1568153.00
2022/07/08,1401,56.96,57.08,56.88,57.02,70200,4003603.75
2022/07/08,1402,56.98,57.08,56.97,57.00,18600,1057588.00
2022/07/08,1403,56.99,57.01,56.94,56.96,16500,938816.69
2022/07/08,1404,56.99,56.99,56.93,56.98,8400,478593.28
2022/07/08,1405,57.00,57.07,57.00,57.03,7600,435900.00
2022/07/08,1406,57.02,57.03,56.85,56.90,26700,1519055.13
2022/07/08,1407,56.82,56.95,56.78,56.78,23300,1321690.88
2022/07/08,1408,56.77,56.77,56.70,56.71,30500,1730974.38
2022/07/08,1409,56.71,56.74,56.60,56.74,19400,1099480.00
2022/07/08,1410,56.74,56.84,56.74,56.75,18700,1061863.00
2022/07/08,1411,56.75,56.76,56.73,56.75,15900,902314.00
2022/07/08,1412,56.73,56.75,56.70,56.70,6700,380027.00
2022/07/08,1413,56.63,56.63,56.39,56.41,29600,1671698.88
2022/07/08,1414,56.38,56.38,56.14,56.21,44600,2507390.75
2022/07/08,1415,56.21,56.55,56.18,56.54,20600,1163272.38
2022/07/08,1416,56.52,56.52,56.20,56.20,29700,1672099.00
2022/07/08,1417,56.31,56.45,56.25,56.45,9100,510307.91
2022/07/08,1418,56.45,56.45,56.34,56.34,3700,210675.06
2022/07/08,1419,56.28,56.36,56.24,56.24,15100,848710.44
2022/07/08,1420,56.27,56.27,56.18,56.20,23400,1315583.13
2022/07/08,1421,56.18,56.21,56.18,56.20,13500,758959.25
2022/07/08,1422,56.20,56.39,56.18,56.39,15400,863052.81
2022/07/08,1423,56.39,56.39,56.14,56.19,13000,731046.75
2022/07/08,1424,56.18,56.18,55.91,55.91,78600,4403135.00
2022/07/08,1425,55.90,55.95,55.90,55.95,34500,1928721.00
2022/07/08,1426,55.99,56.10,55.95,56.09,11500,644658.00
2022/07/08,1427,56.09,56.09,55.90,56.01,59700,3343597.50
2022/07/08,1428,56.10,56.37,56.10,56.37,16700,937126.75
2022/07/08,1429,56.35,56.38,56.20,56.35,12200,687632.00
2022/07/08,1430,56.35,56.40,56.20,56.40,11100,625386.00
2022/07/08,1431,56.41,56.46,56.41,56.42,6400,361219.00
2022/07/08,1432,56.44,56.44,56.21,56.23,7800,439329.34
2022/07/08,1433,56.24,56.38,56.23,56.28,6600,371352.00
2022/07/08,1434,56.28,56.30,56.25,56.28,9400,528934.38
2022/07/08,1435,56.30,56.31,56.12,56.12,19300,1088039.88
2022/07/08,1436,56.12,56.23,56.09,56.09,16600,929834.75
2022/07/08,1437,56.06,56.09,56.05,56.09,14300,804604.06
2022/07/08,1438,56.16,56.28,56.10,56.28,17500,978823.19
2022/07/08,1439,56.30,56.30,56.12,56.19,7100,404205.75
2022/07/08,1440,56.13,56.19,56.10,56.18,12500,701935.00
2022/07/08,1441,56.18,56.18,56.17,56.18,3700,207836.45
2022/07/08,1442,56.18,56.20,56.10,56.20,20200,1131414.75
2022/07/08,1443,56.20,56.20,56.15,56.20,12800,719228.50
2022/07/08,1444,56.20,56.37,56.20,56.37,5800,326759.72
2022/07/08,1445,56.38,56.50,56.23,56.49,22500,1267010.25
2022/07/08,1446,56.49,56.61,56.49,56.58,43000,2431552.00
2022/07/08,1447,56.63,56.85,56.58,56.80,28800,1632613.00
2022/07/08,1448,56.85,56.85,56.57,56.57,22600,1283380.00
2022/07/08,1449,56.68,56.68,56.35,56.35,24200,1368361.00
2022/07/08,1450,56.50,56.70,56.50,56.68,14300,808971.00
2022/07/08,1451,56.75,56.77,56.50,56.52,54900,3107790.00
2022/07/08,1452,56.52,56.52,56.43,56.49,37800,2135902.00
2022/07/08,1453,56.49,56.50,56.45,56.46,22900,1294993.00
2022/07/08,1454,56.48,56.48,56.22,56.22,28200,1588421.88
2022/07/08,1455,56.23,56.23,56.12,56.12,26800,1507553.88
2022/07/08,1456,56.15,56.34,56.12,56.34,41100,2305711.50
2022/07/08,1457,56.34,56.42,56.26,56.30,54700,3083494.00
2022/07/08,1458,56.33,56.33,56.30,56.30,3700,208320.00
2022/07/08,1459,56.30,56.30,56.30,56.30,0,0.00
2022/07/08,1500,56.30,56.30,56.30,56.30,142200,8005860.00
:
