2022/07/08,0931,38.46,38.49,37.88,38.00,1076500,41335552.00
2022/07/08,0932,37.88,37.89,37.50,37.70,300600,11365923.00
2022/07/08,0933,37.77,38.43,37.36,38.43,191400,7244204.50
2022/07/08,0934,38.46,39.24,38.43,38.99,296000,11436272.00
2022/07/08,0935,39.02,40.28,39.02,40.18,295000,11704371.00
2022/07/08,0936,40.10,42.89,40.10,42.80,224600,9186477.00
2022/07/08,0937,42.89,43.46,41.00,41.00,350700,14926913.00
2022/07/08,0938,41.00,41.00,40.20,40.20,313800,12727258.00
2022/07/08,0939,40.12,40.12,39.00,39.02,257800,10230532.00
2022/07/08,0940,39.48,39.66,39.00,39.66,331400,13064608.00
2022/07/08,0941,39.88,40.15,39.72,40.15,295500,11812175.00
2022/07/08,0942,40.28,40.48,40.10,40.48,196200,7907577.00
2022/07/08,0943,40.47,40.51,39.99,39.99,193600,7817717.00
2022/07/08,0944,40.20,40.20,39.67,39.67,164600,6587973.00
2022/07/08,0945,39.66,39.66,39.38,39.41,153000,6036255.50
2022/07/08,0946,39.36,39.39,39.18,39.20,202400,7955635.50
2022/07/08,0947,39.22,39.41,39.20,39.41,162800,6392631.00
2022/07/08,0948,39.41,39.62,39.40,39.62,102500,4051990.50
2022/07/08,0949,39.62,39.68,39.51,39.53,123800,4907458.00
2022/07/08,0950,39.58,39.58,39.41,39.41,62000,2449672.50
2022/07/08,0951,39.41,39.44,39.37,39.39,73400,2890045.50
2022/07/08,0952,39.40,39.40,39.03,39.04,100500,3939769.25
2022/07/08,0953,39.10,39.10,39.02,39.10,108500,4238216.50
2022/07/08,0954,39.09,39.33,39.09,39.33,67000,2623391.25
2022/07/08,0955,39.34,39.39,39.31,39.39,47600,1876673.50
2022/07/08,0956,39.38,39.41,39.38,39.41,76200,3001519.75
2022/07/08,0957,39.41,39.42,39.35,39.41,85500,3368186.75
2022/07/08,0958,39.40,39.40,39.27,39.27,67600,2657880.25
2022/07/08,0959,39.26,39.26,39.08,39.08,80600,3154281.50
2022/07/08,1000,39.02,39.05,39.00,39.02,106600,4159712.25
2022/07/08,1001,39.02,39.02,38.75,38.75,101900,3973625.50
2022/07/08,1002,38.59,38.59,38.06,38.06,81700,3135805.00
2022/07/08,1003,38.06,38.06,37.90,38.04,195500,7427649.00
2022/07/08,1004,38.01,38.60,38.01,38.56,74300,2849712.00
2022/07/08,1005,38.76,38.98,38.71,38.94,63900,2477333.00
2022/07/08,1006,38.98,38.98,38.69,38.75,103500,4025249.50
2022/07/08,1007,38.56,38.56,38.46,38.46,59100,2275963.50
2022/07/08,1008,38.50,38.50,38.41,38.46,50800,1951455.63
2022/07/08,1009,38.41,38.47,38.38,38.45,66100,2542957.00
2022/07/08,1010,38.46,38.53,38.46,38.53,88200,3395458.00
2022/07/08,1011,38.53,38.76,38.53,38.69,69700,2690967.00
2022/07/08,1012,38.76,39.30,38.76,39.30,85700,3338348.50
2022/07/08,1013,39.26,39.66,39.26,39.66,148800,5870804.00
2022/07/08,1014,39.88,40.39,39.69,40.39,188500,7543241.50
2022/07/08,1015,40.44,40.70,40.40,40.68,161200,6529907.00
2022/07/08,1016,40.75,40.87,40.75,40.75,123000,5018209.50
2022/07/08,1017,40.75,40.75,39.46,39.46,57500,2306522.00
2022/07/08,1018,39.51,39.97,39.42,39.97,55000,2182586.00
2022/07/08,1019,39.98,40.00,39.85,39.85,99600,3980267.75
2022/07/08,1020,39.85,39.85,39.33,39.50,55900,2208786.25
2022/07/08,1021,39.30,39.30,39.00,39.00,82500,3228861.00
2022/07/08,1022,39.00,39.00,38.81,38.90,90700,3529484.25
2022/07/08,1023,38.94,39.10,38.94,39.10,74900,2918158.50
2022/07/08,1024,39.20,39.30,39.12,39.12,84600,3317345.00
2022/07/08,1025,39.03,39.03,38.94,38.95,45700,1782090.25
2022/07/08,1026,38.97,38.97,38.77,38.77,46400,1802028.88
2022/07/08,1027,38.77,38.90,38.77,38.86,49100,1905611.13
2022/07/08,1028,38.90,38.92,38.87,38.92,72400,2816697.75
2022/07/08,1029,38.97,39.15,38.96,39.15,39500,1538498.63
2022/07/08,1030,39.20,39.30,39.20,39.30,29600,1164774.13
2022/07/08,1031,39.31,39.34,39.25,39.32,51300,2013972.50
2022/07/08,1032,39.33,39.33,38.99,38.99,14500,567028.56
2022/07/08,1033,38.99,38.99,38.91,38.94,35000,1360066.38
2022/07/08,1034,38.92,39.00,38.91,38.91,53700,2091192.75
2022/07/08,1035,38.95,39.00,38.90,38.94,45800,1782964.13
2022/07/08,1036,38.92,38.99,38.91,38.93,39300,1531834.63
2022/07/08,1037,38.93,38.97,38.93,38.95,20900,811737.75
2022/07/08,1038,39.00,39.00,38.97,39.00,30400,1185496.38
2022/07/08,1039,39.00,39.08,39.00,39.06,19600,765304.31
2022/07/08,1040,39.07,39.19,39.07,39.19,28100,1102308.63
2022/07/08,1041,39.18,39.26,39.14,39.15,64800,2538397.00
2022/07/08,1042,39.17,39.17,39.10,39.10,26300,1029978.00
2022/07/08,1043,39.10,39.10,38.99,38.99,32100,1251581.38
2022/07/08,1044,38.98,38.99,38.93,38.95,23300,908739.56
2022/07/08,1045,38.95,38.96,38.91,38.91,22600,880241.19
2022/07/08,1046,38.92,38.94,38.91,38.94,35000,1360651.38
2022/07/08,1047,38.95,38.96,38.90,38.91,60500,2355402.25
2022/07/08,1048,38.90,38.91,38.90,38.91,25300,986114.25
2022/07/08,1049,38.91,38.91,38.88,38.88,22900,890364.94
2022/07/08,1050,38.87,38.91,38.87,38.90,34900,1355855.50
2022/07/08,1051,38.91,38.91,38.78,38.78,35300,1372314.75
2022/07/08,1052,38.78,38.78,38.69,38.70,27100,1050767.75
2022/07/08,1053,38.70,38.71,38.67,38.71,34000,1315183.63
2022/07/08,1054,38.71,38.75,38.71,38.74,25900,1003473.50
2022/07/08,1055,38.75,38.78,38.74,38.77,39600,1533438.38
2022/07/08,1056,38.77,38.88,38.77,38.88,30900,1200256.88
2022/07/08,1057,38.88,38.90,38.87,38.90,20700,803136.25
2022/07/08,1058,38.90,38.91,38.89,38.90,30000,1168154.75
2022/07/08,1059,38.90,38.91,38.80,38.80,27000,1048144.00
2022/07/08,1100,38.80,38.82,38.80,38.81,24800,961565.38
2022/07/08,1101,38.81,38.83,38.80,38.80,20300,788472.00
2022/07/08,1102,38.82,38.82,38.80,38.81,26200,1017057.94
2022/07/08,1103,38.82,38.92,38.82,38.92,27400,1065899.13
2022/07/08,1104,38.92,38.99,38.92,38.99,25000,973299.25
2022/07/08,1105,38.99,38.99,38.83,38.83,32200,1253088.13
2022/07/08,1106,38.92,38.92,38.81,38.83,23300,905974.06
2022/07/08,1107,38.83,38.86,38.81,38.86,27800,1080511.00
2022/07/08,1108,38.85,38.86,38.80,38.81,42000,1629537.00
2022/07/08,1109,38.80,38.81,38.72,38.73,23200,899167.06
2022/07/08,1110,38.71,38.71,38.68,38.69,27400,1060014.88
2022/07/08,1111,38.69,38.70,38.55,38.55,41300,1595046.50
2022/07/08,1112,38.54,38.54,38.52,38.54,38700,1491199.50
2022/07/08,1113,38.54,38.60,38.54,38.60,33500,1293792.00
2022/07/08,1114,38.62,38.69,38.62,38.69,15200,585570.56
2022/07/08,1115,38.69,38.74,38.69,38.71,13200,511461.78
2022/07/08,1116,38.72,38.75,38.72,38.73,13800,534409.31
2022/07/08,1117,38.72,38.75,38.72,38.73,17400,675041.06
2022/07/08,1118,38.73,38.75,38.72,38.74,10700,414969.09
2022/07/08,1119,38.73,38.74,38.71,38.71,16200,627742.31
2022/07/08,1120,38.71,38.73,38.70,38.70,34300,1326292.25
2022/07/08,1121,38.71,38.72,38.69,38.70,18200,705805.00
2022/07/08,1122,38.71,38.73,38.70,38.70,15800,613103.63
2022/07/08,1123,38.70,38.72,38.69,38.69,31900,1231729.63
2022/07/08,1124,38.68,38.69,38.52,38.52,28200,1089667.75
2022/07/08,1125,38.53,38.53,38.49,38.49,43200,1663580.75
2022/07/08,1126,38.49,38.50,38.48,38.49,19300,741898.81
2022/07/08,1127,38.49,38.49,38.45,38.45,34100,1312538.75
2022/07/08,1128,38.46,38.50,38.46,38.48,17100,659511.69
2022/07/08,1129,38.49,38.52,38.49,38.51,25500,980823.81
2022/07/08,1130,38.47,38.47,38.01,38.05,119500,4569146.50
2022/07/08,1301,38.07,38.10,38.05,38.09,112200,4270356.00
2022/07/08,1302,38.10,38.11,37.98,38.09,53500,2032970.75
2022/07/08,1303,38.00,38.09,37.97,37.97,42200,1603163.00
2022/07/08,1304,38.07,38.07,37.83,37.97,36800,1397835.50
2022/07/08,1305,38.00,38.00,37.94,37.94,14200,538090.38
2022/07/08,1306,37.95,37.98,37.95,37.98,17100,649197.00
2022/07/08,1307,37.99,38.08,37.99,38.08,28000,1066025.75
2022/07/08,1308,38.05,38.23,38.03,38.23,10500,398658.88
2022/07/08,1309,38.27,38.52,38.20,38.52,28900,1107044.50
2022/07/08,1310,38.51,38.70,38.51,38.70,14600,565155.00
2022/07/08,1311,38.70,38.90,38.70,38.90,33700,1306831.13
2022/07/08,1312,38.91,39.20,38.91,39.20,40500,1581271.00
2022/07/08,1313,39.20,39.49,39.20,39.49,68800,2703980.75
2022/07/08,1314,39.49,39.74,39.49,39.74,68600,2714451.25
2022/07/08,1315,39.79,39.93,39.74,39.93,51900,2067860.25
2022/07/08,1316,39.93,39.98,39.70,39.70,94000,3754502.00
2022/07/08,1317,39.79,39.79,39.00,39.00,37500,1465241.38
2022/07/08,1318,39.00,39.22,39.00,39.22,70200,2748468.50
2022/07/08,1319,39.26,39.50,39.26,39.40,58000,2284054.00
2022/07/08,1320,39.50,39.50,38.96,38.96,61200,2398770.00
2022/07/08,1321,38.96,38.96,38.28,38.41,32900,1266006.25
2022/07/08,1322,38.42,38.80,38.35,38.62,19300,741835.63
2022/07/08,1323,38.88,38.99,38.62,38.96,16400,637777.50
2022/07/08,1324,39.00,39.10,38.96,39.10,27500,1074303.13
2022/07/08,1325,39.05,39.05,38.62,38.63,28200,1093252.88
2022/07/08,1326,38.72,38.90,38.63,38.90,25900,1003680.81
2022/07/08,1327,38.90,39.02,38.90,39.02,24700,961953.88
2022/07/08,1328,39.01,39.02,38.90,38.90,41000,1599245.63
2022/07/08,1329,38.80,38.98,38.80,38.98,29100,1131657.75
2022/07/08,1330,39.00,39.00,38.93,39.00,21900,856303.19
2022/07/08,1331,38.98,39.00,38.92,38.92,40500,1576062.63
2022/07/08,1332,38.92,38.92,38.80,38.80,18600,724374.94
2022/07/08,1333,38.67,38.70,38.56,38.66,27600,1066758.75
2022/07/08,1334,38.66,38.68,38.60,38.68,18800,727477.63
2022/07/08,1335,38.69,38.82,38.69,38.82,19300,746634.81
2022/07/08,1336,38.81,38.85,38.80,38.82,15400,596268.25
2022/07/08,1337,38.82,38.84,38.80,38.81,16800,652226.00
2022/07/08,1338,38.81,38.82,38.78,38.78,16800,655003.19
2022/07/08,1339,38.80,38.80,38.67,38.67,16400,633979.00
2022/07/08,1340,38.68,38.68,38.52,38.57,21500,830628.94
2022/07/08,1341,38.63,38.65,38.52,38.57,23300,899970.44
2022/07/08,1342,38.57,38.65,38.55,38.62,41100,1584425.88
2022/07/08,1343,38.62,38.75,38.62,38.75,12400,479925.19
2022/07/08,1344,38.75,38.92,38.75,38.90,29000,1127063.38
2022/07/08,1345,38.92,39.00,38.92,39.00,55100,2145618.00
2022/07/08,1346,39.00,39.00,38.94,38.94,26900,1049304.75
2022/07/08,1347,38.93,38.93,38.62,38.62,34000,1318648.50
2022/07/08,1348,38.63,38.90,38.63,38.88,14200,552100.31
2022/07/08,1349,38.83,38.84,38.69,38.71,18700,724264.00
2022/07/08,1350,38.70,38.70,38.55,38.58,52000,2004748.00
2022/07/08,1351,38.58,38.70,38.58,38.61,37900,1463180.00
2022/07/08,1352,38.61,38.80,38.61,38.80,11600,451778.34
2022/07/08,1353,38.80,38.82,38.70,38.70,14300,551300.63
2022/07/08,1354,38.70,38.70,38.55,38.56,37500,1446850.00
2022/07/08,1355,38.56,38.57,38.51,38.51,66100,2548074.00
2022/07/08,1356,38.50,38.50,38.30,38.30,42400,1628626.88
2022/07/08,1357,38.30,38.30,38.16,38.16,27900,1066757.13
2022/07/08,1358,38.15,38.15,38.08,38.09,60100,2290286.00
2022/07/08,1359,38.09,38.21,38.09,38.21,49300,1882080.50
2022/07/08,1400,38.21,38.28,38.19,38.28,26100,1001021.63
2022/07/08,1401,38.28,38.40,38.23,38.24,33200,1270471.50
2022/07/08,1402,38.25,38.28,38.24,38.25,37500,1434553.00
2022/07/08,1403,38.26,38.28,38.24,38.26,25200,964086.75
2022/07/08,1404,38.28,38.33,38.28,38.33,7200,273507.63
2022/07/08,1405,38.33,38.46,38.33,38.46,22400,861619.06
2022/07/08,1406,38.48,38.48,38.40,38.41,24000,921692.56
2022/07/08,1407,38.40,38.41,38.25,38.34,42600,1631505.00
2022/07/08,1408,38.34,38.34,38.25,38.26,31300,1200197.63
2022/07/08,1409,38.23,38.25,38.23,38.25,9900,379168.22
2022/07/08,1410,38.25,38.26,38.20,38.20,52400,2003700.50
2022/07/08,1411,38.20,38.21,38.19,38.21,19800,754703.13
2022/07/08,1412,38.21,38.30,38.20,38.30,20300,776904.88
2022/07/08,1413,38.30,38.33,38.19,38.20,57900,2212471.50
2022/07/08,1414,38.19,38.23,38.19,38.23,26900,1028082.19
2022/07/08,1415,38.23,38.31,38.23,38.29,16900,646981.00
2022/07/08,1416,38.29,38.31,38.29,38.31,21700,832685.50
2022/07/08,1417,38.31,38.33,38.29,38.33,13700,524299.63
2022/07/08,1418,38.33,38.35,38.33,38.35,13800,528611.38
2022/07/08,1419,38.36,38.39,38.36,38.39,13300,511498.19
2022/07/08,1420,38.40,38.47,38.40,38.44,20900,803154.63
2022/07/08,1421,38.44,38.49,38.44,38.49,20000,769874.13
2022/07/08,1422,38.50,38.50,38.41,38.47,32700,1256504.63
2022/07/08,1423,38.49,38.49,38.42,38.42,8400,323005.00
2022/07/08,1424,38.42,38.43,38.41,38.42,15900,609950.19
2022/07/08,1425,38.42,38.42,38.18,38.18,50700,1942441.75
2022/07/08,1426,38.18,38.18,38.05,38.05,43200,1648678.38
2022/07/08,1427,38.04,38.04,38.00,38.01,60400,2293264.50
2022/07/08,1428,38.02,38.04,38.01,38.01,65300,2483282.75
2022/07/08,1429,38.01,38.04,38.01,38.04,19300,732757.31
2022/07/08,1430,38.05,38.06,38.03,38.03,38200,1455614.00
2022/07/08,1431,38.04,38.08,38.04,38.08,38700,1472437.75
2022/07/08,1432,38.08,38.17,38.08,38.15,27900,1063420.00
2022/07/08,1433,38.17,38.25,38.15,38.15,15100,575863.31
2022/07/08,1434,38.20,38.20,38.13,38.13,15400,588408.44
2022/07/08,1435,38.13,38.17,38.11,38.17,18800,719010.75
2022/07/08,1436,38.17,38.36,38.17,38.26,13300,507497.88
2022/07/08,1437,38.27,38.40,38.27,38.35,15100,577764.81
2022/07/08,1438,38.35,38.45,38.35,38.39,17700,680145.94
2022/07/08,1439,38.38,38.46,38.38,38.46,26000,1000395.44
2022/07/08,1440,38.41,38.46,38.40,38.40,19900,765547.75
2022/07/08,1441,38.41,38.45,38.35,38.35,18300,700659.44
2022/07/08,1442,38.39,38.39,38.36,38.37,20300,778262.50
2022/07/08,1443,38.37,38.38,38.35,38.36,18000,693572.63
2022/07/08,1444,38.36,38.36,38.20,38.20,12300,468145.75
2022/07/08,1445,38.18,38.18,38.11,38.11,33700,1285708.00
2022/07/08,1446,38.10,38.10,38.02,38.06,48800,1859063.75
2022/07/08,1447,38.03,38.03,38.01,38.03,49800,1892104.88
2022/07/08,1448,38.03,38.04,38.02,38.03,23500,895645.13
2022/07/08,1449,38.03,38.03,38.01,38.02,48500,1842710.13
2022/07/08,1450,38.02,38.03,38.01,38.02,45400,1726141.63
2022/07/08,1451,38.01,38.02,38.00,38.00,74800,2843097.00
2022/07/08,1452,38.00,38.00,37.96,37.96,47900,1820917.00
2022/07/08,1453,37.96,37.96,37.91,37.95,53000,2009738.75
2022/07/08,1454,37.93,37.93,37.91,37.93,49600,1881421.63
2022/07/08,1455,37.91,37.92,37.90,37.90,49300,1870330.38
2022/07/08,1456,37.90,37.91,37.88,37.89,86800,3290947.75
2022/07/08,1457,37.90,37.90,37.86,37.88,80700,3055336.50
2022/07/08,1458,37.90,37.90,37.88,37.88,8500,322131.00
2022/07/08,1459,37.88,37.88,37.88,37.88,0,0.00
2022/07/08,1500,37.87,37.87,37.87,37.87,79200,2999304.00
数据来源:通达信
