2022/07/06,0931,59.79,59.79,58.00,58.20,719200,42751260.00
2022/07/06,0932,58.00,58.50,57.77,58.50,324200,18811260.00
2022/07/06,0933,58.60,58.60,58.20,58.34,320000,18689308.00
2022/07/06,0934,58.01,58.30,57.96,58.02,186600,10829223.00
2022/07/06,0935,58.16,58.38,58.14,58.34,164000,9552211.00
2022/07/06,0936,58.31,58.76,58.31,58.75,120000,7019668.00
2022/07/06,0937,58.76,59.19,58.76,59.06,128200,7558489.50
2022/07/06,0938,59.20,59.20,58.61,58.61,87300,5147819.00
2022/07/06,0939,58.59,58.60,58.01,58.01,66300,3873758.75
2022/07/06,0940,58.07,58.28,58.01,58.28,90300,5244272.00
2022/07/06,0941,58.30,58.61,58.30,58.38,112400,6567636.00
2022/07/06,0942,58.30,58.30,58.20,58.21,64500,3756624.50
2022/07/06,0943,58.22,58.33,58.22,58.30,114000,6645915.50
2022/07/06,0944,58.33,58.40,58.30,58.37,60300,3515210.75
2022/07/06,0945,58.38,58.99,58.38,58.99,59000,3468719.50
2022/07/06,0946,58.99,59.20,58.99,59.19,117200,6923104.50
2022/07/06,0947,59.00,59.20,58.40,58.40,60400,3567430.75
2022/07/06,0948,58.95,58.95,58.39,58.68,34600,2021044.50
2022/07/06,0949,58.70,58.70,58.41,58.50,37400,2190389.00
2022/07/06,0950,58.50,58.66,58.42,58.50,29500,1726601.50
2022/07/06,0951,58.50,58.56,58.20,58.20,55200,3222480.00
2022/07/06,0952,58.20,58.20,58.08,58.13,52900,3070376.25
2022/07/06,0953,58.09,58.15,58.09,58.13,54500,3169277.75
2022/07/06,0954,58.14,58.15,58.10,58.11,36800,2136625.00
2022/07/06,0955,58.14,58.20,58.14,58.20,43100,2504067.75
2022/07/06,0956,58.20,58.44,58.20,58.44,27800,1620402.50
2022/07/06,0957,58.44,58.56,58.44,58.56,29100,1707178.13
2022/07/06,0958,58.56,58.93,58.56,58.93,46500,2731396.00
2022/07/06,0959,58.94,59.13,58.94,59.00,79600,4696108.50
2022/07/06,1000,59.17,59.18,58.98,58.99,72600,4293885.50
2022/07/06,1001,58.98,58.99,58.60,58.71,18100,1064871.25
2022/07/06,1002,58.60,58.71,58.17,58.30,41500,2424345.25
2022/07/06,1003,58.17,58.50,58.17,58.24,35700,2078250.38
2022/07/06,1004,58.40,58.47,58.28,58.29,41100,2403597.50
2022/07/06,1005,58.29,58.48,58.29,58.48,29300,1711920.38
2022/07/06,1006,58.49,58.56,58.49,58.56,24800,1446122.50
2022/07/06,1007,58.59,58.79,58.56,58.66,30000,1763710.00
2022/07/06,1008,58.65,58.76,58.50,58.56,30400,1783234.88
2022/07/06,1009,58.50,58.60,58.47,58.47,30900,1806909.13
2022/07/06,1010,58.45,58.45,58.21,58.30,35400,2063648.75
2022/07/06,1011,58.30,58.32,58.19,58.29,28500,1658398.13
2022/07/06,1012,58.19,58.30,58.19,58.30,23100,1343313.25
2022/07/06,1013,58.30,58.38,58.29,58.37,25100,1468091.38
2022/07/06,1014,58.35,58.45,58.30,58.30,41400,2417071.00
2022/07/06,1015,58.32,58.32,58.29,58.30,26900,1567959.13
2022/07/06,1016,58.26,58.29,58.20,58.20,36500,2122995.00
2022/07/06,1017,58.20,58.21,58.20,58.21,20100,1168156.50
2022/07/06,1018,58.22,58.25,58.21,58.25,9700,568395.75
2022/07/06,1019,58.24,58.30,58.24,58.29,27000,1569717.88
2022/07/06,1020,58.29,58.31,58.28,58.30,24300,1418415.00
2022/07/06,1021,58.30,58.32,58.27,58.29,17600,1023606.19
2022/07/06,1022,58.26,58.30,58.20,58.22,27600,1612881.13
2022/07/06,1023,58.17,58.17,58.07,58.07,22400,1299139.25
2022/07/06,1024,58.08,58.08,58.00,58.00,51000,2960647.50
2022/07/06,1025,58.01,58.01,57.98,57.98,35200,2041548.00
2022/07/06,1026,57.96,57.96,57.89,57.89,24000,1390136.38
2022/07/06,1027,57.90,57.90,57.60,57.60,49100,2834021.75
2022/07/06,1028,57.61,57.61,57.51,57.61,40700,2344254.00
2022/07/06,1029,57.59,57.78,57.59,57.76,36200,2088577.25
2022/07/06,1030,57.83,57.94,57.80,57.94,22600,1305715.88
2022/07/06,1031,57.95,58.00,57.88,57.89,35300,2049684.13
2022/07/06,1032,57.99,57.99,57.83,57.89,26700,1540398.75
2022/07/06,1033,57.90,57.94,57.86,57.90,15400,894808.56
2022/07/06,1034,57.90,57.92,57.85,57.88,21500,1242790.88
2022/07/06,1035,57.88,57.88,57.79,57.79,23500,1358725.13
2022/07/06,1036,57.78,57.82,57.69,57.69,22100,1278756.00
2022/07/06,1037,57.62,57.62,57.59,57.60,26700,1535188.63
2022/07/06,1038,57.60,57.62,57.47,57.47,37900,2183853.00
2022/07/06,1039,57.41,57.47,57.28,57.29,26000,1492078.63
2022/07/06,1040,57.30,57.47,57.22,57.47,23800,1359467.13
2022/07/06,1041,57.49,57.78,57.47,57.78,23300,1343221.50
2022/07/06,1042,57.65,57.81,57.65,57.80,17500,1009271.06
2022/07/06,1043,57.81,57.92,57.80,57.92,20200,1167462.13
2022/07/06,1044,57.92,57.94,57.89,57.93,16300,944266.00
2022/07/06,1045,57.93,57.98,57.93,57.97,21500,1249017.88
2022/07/06,1046,57.96,57.98,57.88,57.96,17200,997576.88
2022/07/06,1047,57.96,57.97,57.89,57.95,17900,1035259.13
2022/07/06,1048,57.89,57.94,57.80,57.80,16600,962690.50
2022/07/06,1049,57.80,57.84,57.78,57.78,7400,426146.25
2022/07/06,1050,57.79,57.79,57.69,57.69,7800,448104.59
2022/07/06,1051,57.70,57.70,57.30,57.30,17400,1002692.25
2022/07/06,1052,57.28,57.28,57.10,57.21,25000,1431761.13
2022/07/06,1053,57.15,57.25,57.08,57.25,26500,1512375.25
2022/07/06,1054,57.30,57.50,57.26,57.47,7800,447975.97
2022/07/06,1055,57.51,57.70,57.51,57.70,7800,450333.19
2022/07/06,1056,57.70,57.70,57.39,57.40,20900,1204992.50
2022/07/06,1057,57.64,57.64,57.26,57.40,22000,1262961.88
2022/07/06,1058,57.40,57.50,57.30,57.42,25600,1468283.25
2022/07/06,1059,57.30,57.40,57.20,57.31,28400,1629646.38
2022/07/06,1100,57.10,57.30,57.10,57.25,28900,1646333.25
2022/07/06,1101,57.21,57.26,57.20,57.26,15600,897321.88
2022/07/06,1102,57.30,57.40,57.28,57.40,17800,1019212.94
2022/07/06,1103,57.41,57.59,57.41,57.59,17000,978586.38
2022/07/06,1104,57.59,57.62,57.55,57.57,22600,1300107.63
2022/07/06,1105,57.56,57.58,57.52,57.52,14200,816666.19
2022/07/06,1106,57.55,57.55,57.35,57.37,9400,542419.81
2022/07/06,1107,57.31,57.40,57.31,57.38,11900,679835.25
2022/07/06,1108,57.40,57.40,57.32,57.32,14700,843722.00
2022/07/06,1109,57.25,57.40,57.25,57.34,16000,918682.56
2022/07/06,1110,57.35,57.50,57.35,57.50,27700,1588926.25
2022/07/06,1111,57.50,57.53,57.50,57.50,20300,1167608.00
2022/07/06,1112,57.50,57.50,57.33,57.39,13900,798841.31
2022/07/06,1113,57.39,57.42,57.39,57.40,13000,744463.88
2022/07/06,1114,57.42,57.42,57.38,57.38,9700,557195.00
2022/07/06,1115,57.38,57.49,57.38,57.49,10600,609958.00
2022/07/06,1116,57.45,57.49,57.36,57.36,15200,871012.38
2022/07/06,1117,57.48,57.48,57.30,57.30,38200,2191568.00
2022/07/06,1118,57.28,57.28,57.18,57.20,18700,1072641.00
2022/07/06,1119,57.22,57.26,57.20,57.26,33900,1937340.38
2022/07/06,1120,57.26,57.29,57.25,57.28,29000,1663294.63
2022/07/06,1121,57.29,57.34,57.29,57.34,29000,1664482.00
2022/07/06,1122,57.35,57.38,57.34,57.38,36100,2068382.38
2022/07/06,1123,57.40,57.52,57.40,57.50,29100,1671637.13
2022/07/06,1124,57.53,57.57,57.50,57.50,23800,1369295.00
2022/07/06,1125,57.41,57.55,57.41,57.49,13000,746196.88
2022/07/06,1126,57.54,57.60,57.49,57.60,23100,1328955.88
2022/07/06,1127,57.60,57.74,57.60,57.74,23500,1359239.75
2022/07/06,1128,57.78,57.89,57.74,57.89,14500,838170.81
2022/07/06,1129,57.90,58.03,57.90,58.03,52700,3053835.50
2022/07/06,1130,58.05,58.27,58.05,58.26,24500,1421561.13
2022/07/06,1301,58.30,58.39,58.30,58.36,45300,2643508.00
2022/07/06,1302,58.37,58.50,58.37,58.40,35100,2050997.75
2022/07/06,1303,58.49,58.49,58.30,58.45,27000,1580561.50
2022/07/06,1304,58.42,58.45,58.28,58.39,21800,1267420.00
2022/07/06,1305,58.28,58.39,58.26,58.26,21200,1239911.50
2022/07/06,1306,58.28,58.28,58.20,58.22,20500,1190095.75
2022/07/06,1307,58.22,58.22,58.10,58.10,10600,618390.63
2022/07/06,1308,58.10,58.10,58.00,58.00,11600,674892.81
2022/07/06,1309,57.95,57.95,57.78,57.78,8300,479127.75
2022/07/06,1310,57.88,57.88,57.71,57.79,7700,441021.19
2022/07/06,1311,57.79,57.79,57.52,57.60,18800,1089997.13
2022/07/06,1312,57.50,57.50,57.29,57.30,37200,2131755.50
2022/07/06,1313,57.28,57.28,57.10,57.10,29900,1711460.13
2022/07/06,1314,57.11,57.19,57.10,57.19,18100,1029702.63
2022/07/06,1315,57.22,57.55,57.22,57.43,10900,624328.69
2022/07/06,1316,57.70,58.00,57.55,57.99,9100,526857.88
2022/07/06,1317,57.99,58.09,57.80,58.08,21800,1268008.63
2022/07/06,1318,58.09,58.15,58.08,58.15,9500,551167.88
2022/07/06,1319,58.18,58.20,58.15,58.18,22900,1328338.75
2022/07/06,1320,58.18,58.18,58.00,58.00,10900,636908.44
2022/07/06,1321,58.00,58.00,57.58,57.58,8400,482022.50
2022/07/06,1322,57.60,57.93,57.58,57.60,9000,519435.00
2022/07/06,1323,57.76,57.76,57.30,57.48,12800,736695.25
2022/07/06,1324,57.30,57.34,57.30,57.30,14400,825713.38
2022/07/06,1325,57.30,57.30,57.28,57.30,15700,901887.63
2022/07/06,1326,57.27,57.48,57.25,57.48,22800,1302187.25
2022/07/06,1327,57.48,57.99,57.48,57.99,9900,573348.00
2022/07/06,1328,57.95,57.98,57.40,57.40,10600,612404.00
2022/07/06,1329,57.40,57.78,57.40,57.78,8800,505462.13
2022/07/06,1330,57.96,57.96,57.50,57.70,7800,449596.00
2022/07/06,1331,57.70,58.00,57.70,58.00,27200,1578944.13
2022/07/06,1332,58.01,58.13,58.00,58.13,19500,1133479.25
2022/07/06,1333,58.11,58.20,58.00,58.00,29500,1715164.63
2022/07/06,1334,58.05,58.08,57.98,57.98,5900,340802.97
2022/07/06,1335,57.86,57.86,57.85,57.85,3900,227638.39
2022/07/06,1336,57.86,57.86,57.55,57.58,6100,349832.09
2022/07/06,1337,57.57,57.58,57.56,57.58,10800,620448.19
2022/07/06,1338,57.58,57.58,57.50,57.50,7200,415797.84
2022/07/06,1339,57.48,57.48,57.28,57.30,16200,929385.75
2022/07/06,1340,57.28,57.31,57.28,57.31,14600,839078.00
2022/07/06,1341,57.31,57.31,57.24,57.25,18100,1034516.63
2022/07/06,1342,57.28,57.36,57.20,57.31,31000,1775152.13
2022/07/06,1343,57.53,57.97,57.31,57.97,9300,534058.38
2022/07/06,1344,57.95,58.00,57.50,57.50,12100,701484.69
2022/07/06,1345,57.60,57.95,57.51,57.60,8200,471057.00
2022/07/06,1346,57.60,57.60,57.60,57.60,5900,341647.16
2022/07/06,1347,57.60,57.87,57.51,57.54,5400,309160.19
2022/07/06,1348,57.51,57.54,57.50,57.50,12700,733616.56
2022/07/06,1349,57.50,57.50,57.39,57.39,6300,361790.00
2022/07/06,1350,57.39,57.39,57.20,57.24,47600,2725340.75
2022/07/06,1351,57.21,57.24,57.14,57.14,20600,1176398.13
2022/07/06,1352,57.15,57.23,57.14,57.23,12000,687385.38
2022/07/06,1353,57.28,57.28,57.17,57.18,14000,803414.94
2022/07/06,1354,57.19,57.23,57.18,57.23,7100,405760.81
2022/07/06,1355,57.23,57.23,57.15,57.15,27200,1551488.75
2022/07/06,1356,57.15,57.19,57.14,57.16,18800,1077523.25
2022/07/06,1357,57.14,57.21,57.14,57.16,13700,782721.06
2022/07/06,1358,57.14,57.18,57.12,57.12,30800,1760034.00
2022/07/06,1359,57.12,57.16,57.10,57.14,94200,5380494.00
2022/07/06,1400,57.16,57.20,57.15,57.18,19800,1134019.75
2022/07/06,1401,57.20,57.40,57.19,57.35,24300,1387602.75
2022/07/06,1402,57.50,57.80,57.50,57.67,21800,1258002.63
2022/07/06,1403,57.80,57.81,57.66,57.79,11300,650362.13
2022/07/06,1404,57.79,57.81,57.57,57.57,15100,870101.75
2022/07/06,1405,57.57,57.57,57.30,57.37,18200,1048342.44
2022/07/06,1406,57.30,57.31,57.20,57.21,15900,910832.19
2022/07/06,1407,57.21,57.22,57.19,57.21,12400,707829.50
2022/07/06,1408,57.19,57.30,57.19,57.27,7300,417731.59
2022/07/06,1409,57.22,57.32,57.22,57.23,11100,637417.56
2022/07/06,1410,57.23,57.23,57.20,57.21,12700,723091.75
2022/07/06,1411,57.21,57.21,57.18,57.18,7400,426522.19
2022/07/06,1412,57.18,57.20,57.18,57.19,14000,799044.00
2022/07/06,1413,57.18,57.20,57.18,57.19,9400,540108.38
2022/07/06,1414,57.20,57.29,57.20,57.23,3700,207022.75
2022/07/06,1415,57.23,57.38,57.23,57.38,12800,733640.50
2022/07/06,1416,57.38,57.44,57.22,57.22,9600,551056.81
2022/07/06,1417,57.35,57.35,57.16,57.16,25500,1460894.75
2022/07/06,1418,57.16,57.16,57.12,57.12,12300,699670.63
2022/07/06,1419,57.16,57.20,57.16,57.19,33300,1906109.75
2022/07/06,1420,57.19,57.23,57.19,57.23,5100,289141.19
2022/07/06,1421,57.23,57.30,57.20,57.24,9700,555423.50
2022/07/06,1422,57.23,57.23,57.20,57.21,13400,770021.25
2022/07/06,1423,57.20,57.20,57.18,57.20,16300,931340.38
2022/07/06,1424,57.17,57.17,57.12,57.16,9900,567604.94
2022/07/06,1425,57.16,57.16,57.12,57.12,12600,718462.81
2022/07/06,1426,57.12,57.14,57.12,57.13,17400,990714.63
2022/07/06,1427,57.13,57.14,57.11,57.11,24700,1410330.88
2022/07/06,1428,57.12,57.14,57.11,57.11,24700,1414388.88
2022/07/06,1429,57.13,57.14,57.11,57.11,20300,1158917.25
2022/07/06,1430,57.11,57.13,57.10,57.13,19200,1094400.25
2022/07/06,1431,57.13,57.17,57.12,57.17,13500,770925.38
2022/07/06,1432,57.17,57.30,57.17,57.25,15300,876133.50
2022/07/06,1433,57.25,57.40,57.25,57.40,15100,869433.13
2022/07/06,1434,57.43,57.62,57.43,57.57,24900,1427744.38
2022/07/06,1435,57.60,57.81,57.60,57.81,26400,1528675.88
2022/07/06,1436,57.81,57.90,57.81,57.90,24400,1408572.38
2022/07/06,1437,57.90,57.90,57.53,57.53,17200,993217.50
2022/07/06,1438,57.58,57.60,57.54,57.58,18300,1053463.00
2022/07/06,1439,57.58,57.58,57.53,57.53,13900,799775.38
2022/07/06,1440,57.53,57.53,57.40,57.40,20400,1175328.25
2022/07/06,1441,57.41,57.41,57.21,57.31,13000,745218.25
2022/07/06,1442,57.31,57.38,57.31,57.35,8700,497387.50
2022/07/06,1443,57.33,57.38,57.33,57.35,6500,371875.25
2022/07/06,1444,57.36,57.39,57.35,57.38,13100,751078.94
2022/07/06,1445,57.39,57.39,57.36,57.38,16800,968348.25
2022/07/06,1446,57.37,57.38,57.36,57.37,16400,937003.44
2022/07/06,1447,57.36,57.37,57.30,57.30,31700,1822400.38
2022/07/06,1448,57.34,57.34,57.30,57.31,20500,1170134.75
2022/07/06,1449,57.31,57.33,57.30,57.30,23800,1365415.63
2022/07/06,1450,57.31,57.31,57.29,57.29,22500,1287729.88
2022/07/06,1451,57.29,57.29,57.25,57.25,19700,1129440.88
2022/07/06,1452,57.21,57.25,57.20,57.23,28900,1655562.50
2022/07/06,1453,57.22,57.23,57.19,57.21,37600,2150922.50
2022/07/06,1454,57.20,57.21,57.19,57.19,37100,2119560.00
2022/07/06,1455,57.18,57.19,57.15,57.15,34700,1987051.88
2022/07/06,1456,57.16,57.16,57.14,57.14,52500,2998236.50
2022/07/06,1457,57.15,57.15,57.12,57.12,53300,3047943.50
2022/07/06,1458,57.13,57.13,57.12,57.12,4300,242445.28
2022/07/06,1459,57.12,57.12,57.12,57.12,0,0.00
2022/07/06,1500,57.13,57.13,57.13,57.13,74200,4239046.00
2022/07/07,0931,55.00,55.00,50.55,51.56,248600,13410267.00
2022/07/07,0932,51.57,52.08,50.03,51.79,194100,9914926.00
2022/07/07,0933,51.80,51.99,50.55,51.00,190500,9746150.00
2022/07/07,0934,51.40,51.48,50.72,51.48,94500,4826582.50
2022/07/07,0935,51.48,51.49,51.10,51.49,67500,3471114.75
2022/07/07,0936,51.48,51.48,50.97,50.97,88100,4513313.00
2022/07/07,0937,51.00,51.00,50.50,50.50,107900,5467790.50
2022/07/07,0938,50.50,50.60,50.36,50.60,139700,7050823.50
2022/07/07,0939,50.63,51.00,50.60,51.00,43100,2188884.00
2022/07/07,0940,51.01,51.29,51.01,51.22,69500,3552719.25
2022/07/07,0941,51.31,51.31,50.90,50.90,47800,2444290.00
2022/07/07,0942,50.84,50.84,50.50,50.52,72600,3677104.00
2022/07/07,0943,50.52,50.79,50.50,50.79,60500,3063224.75
2022/07/07,0944,50.80,50.94,50.79,50.85,34100,1734461.25
2022/07/07,0945,50.93,51.02,50.86,51.00,33400,1701221.00
2022/07/07,0946,51.00,51.25,51.00,51.13,27900,1423085.13
2022/07/07,0947,51.19,51.25,51.13,51.24,39700,2033006.50
2022/07/07,0948,51.25,51.25,50.85,50.85,35500,1815503.38
2022/07/07,0949,50.83,50.83,50.46,50.46,71900,3633386.00
2022/07/07,0950,50.44,50.44,50.24,50.35,78700,3960368.25
2022/07/07,0951,50.31,50.60,50.31,50.60,63600,3207202.25
2022/07/07,0952,50.62,50.73,50.57,50.57,46100,2330600.25
2022/07/07,0953,50.58,50.70,50.55,50.70,32500,1646928.00
2022/07/07,0954,50.62,50.75,50.60,50.74,19900,1006790.56
2022/07/07,0955,50.75,50.79,50.71,50.79,27700,1407710.25
2022/07/07,0956,50.74,50.79,50.57,50.57,21100,1067278.88
2022/07/07,0957,50.51,50.70,50.51,50.60,31600,1600735.13
2022/07/07,0958,50.61,50.70,50.59,50.63,33800,1712258.13
2022/07/07,0959,50.73,50.82,50.68,50.82,32700,1658110.13
2022/07/07,1000,50.97,51.16,50.97,51.16,23600,1205688.00
2022/07/07,1001,51.19,51.50,51.16,51.50,45000,2305453.75
2022/07/07,1002,51.50,51.59,51.49,51.59,35200,1812924.38
2022/07/07,1003,51.60,51.60,51.18,51.18,17200,886390.13
2022/07/07,1004,51.15,51.15,51.00,51.00,22500,1148837.63
2022/07/07,1005,50.99,50.99,50.60,50.64,31600,1601541.88
2022/07/07,1006,50.64,50.83,50.63,50.83,19000,965368.50
2022/07/07,1007,50.83,50.99,50.83,50.90,17900,909540.81
2022/07/07,1008,50.88,51.23,50.88,51.23,29300,1495522.88
2022/07/07,1009,51.09,51.24,51.09,51.10,12900,663819.50
2022/07/07,1010,51.10,51.16,50.99,50.99,18800,959269.06
2022/07/07,1011,50.99,50.99,50.81,50.86,18200,927337.94
2022/07/07,1012,50.90,50.90,50.80,50.85,28900,1464617.38
2022/07/07,1013,50.82,50.85,50.82,50.82,19500,991454.31
2022/07/07,1014,50.83,50.84,50.81,50.82,13200,674530.31
2022/07/07,1015,50.81,50.81,50.79,50.80,24700,1252608.38
2022/07/07,1016,50.79,50.93,50.79,50.93,32300,1641835.50
2022/07/07,1017,50.93,51.24,50.93,51.22,25900,1325519.00
2022/07/07,1018,51.24,51.56,51.24,51.56,12900,663011.81
2022/07/07,1019,51.56,51.69,51.55,51.69,22900,1180083.00
2022/07/07,1020,51.69,51.90,51.69,51.90,18900,982747.75
2022/07/07,1021,51.88,52.00,51.88,51.91,41500,2156555.50
2022/07/07,1022,51.87,51.98,51.65,51.65,16100,830995.25
2022/07/07,1023,51.56,51.70,51.56,51.66,9500,490712.00
2022/07/07,1024,51.66,51.66,51.50,51.50,9500,489776.25
2022/07/07,1025,51.43,51.43,51.07,51.07,20500,1050309.00
2022/07/07,1026,51.07,51.07,50.79,50.80,22800,1163674.38
2022/07/07,1027,50.80,50.85,50.79,50.81,15900,804265.69
2022/07/07,1028,50.86,50.86,50.72,50.81,33700,1711969.38
2022/07/07,1029,50.90,50.90,50.81,50.84,10800,549307.25
2022/07/07,1030,50.89,50.98,50.85,50.98,12500,636125.00
2022/07/07,1031,50.91,50.91,50.86,50.86,16500,843754.94
2022/07/07,1032,50.86,50.86,50.78,50.78,17800,902869.81
2022/07/07,1033,50.81,50.81,50.69,50.80,33200,1685229.63
2022/07/07,1034,50.69,50.79,50.69,50.74,9600,488847.69
2022/07/07,1035,50.73,50.79,50.71,50.74,26200,1329115.63
2022/07/07,1036,50.73,50.73,50.61,50.63,16700,842708.06
2022/07/07,1037,50.67,50.74,50.63,50.70,22500,1141796.00
2022/07/07,1038,50.70,50.79,50.70,50.79,10000,505753.56
2022/07/07,1039,50.80,50.88,50.75,50.88,7500,382757.41
2022/07/07,1040,50.88,50.94,50.70,50.71,26500,1346730.00
2022/07/07,1041,50.71,50.78,50.71,50.73,8000,405689.00
2022/07/07,1042,50.76,50.78,50.72,50.73,13500,681683.81
2022/07/07,1043,50.73,50.75,50.72,50.73,10200,521136.97
2022/07/07,1044,50.74,50.75,50.73,50.75,14200,720099.13
2022/07/07,1045,50.80,50.84,50.78,50.80,13000,658107.94
2022/07/07,1046,50.84,51.03,50.84,51.03,11200,573023.00
2022/07/07,1047,51.03,51.24,51.01,51.24,6300,321277.56
2022/07/07,1048,51.25,51.61,51.25,51.51,14200,727681.31
2022/07/07,1049,51.50,51.79,51.50,51.70,14100,728906.38
2022/07/07,1050,51.67,51.70,51.40,51.40,18000,931653.50
2022/07/07,1051,51.10,51.12,51.10,51.11,3600,183973.00
2022/07/07,1052,51.12,51.29,51.11,51.12,6400,325916.66
2022/07/07,1053,51.10,51.37,51.10,51.17,7500,384617.56
2022/07/07,1054,51.10,51.10,50.93,50.93,11300,577129.25
2022/07/07,1055,51.00,51.00,50.80,50.80,8400,427207.00
2022/07/07,1056,50.80,50.80,50.73,50.73,9100,462558.03
2022/07/07,1057,50.73,50.73,50.67,50.67,14500,734875.63
2022/07/07,1058,50.66,50.73,50.66,50.71,16600,840148.94
2022/07/07,1059,50.71,50.71,50.68,50.71,10400,526858.56
2022/07/07,1100,50.69,50.72,50.69,50.71,11800,599722.50
2022/07/07,1101,50.71,51.00,50.71,51.00,8400,425958.19
2022/07/07,1102,50.95,51.07,50.95,51.00,5300,274096.44
2022/07/07,1103,51.07,51.10,51.07,51.07,5600,286105.56
2022/07/07,1104,51.05,51.10,51.05,51.05,11000,560369.44
2022/07/07,1105,51.00,51.05,50.71,50.71,13200,673799.00
2022/07/07,1106,50.72,50.73,50.70,50.73,18100,918521.00
2022/07/07,1107,50.74,50.85,50.72,50.85,4200,213301.94
2022/07/07,1108,50.85,50.85,50.73,50.73,4900,248820.14
2022/07/07,1109,50.73,50.74,50.70,50.74,9500,481823.00
2022/07/07,1110,50.74,50.84,50.71,50.84,3600,181178.28
2022/07/07,1111,50.74,50.75,50.74,50.74,2300,116709.28
2022/07/07,1112,50.75,50.84,50.75,50.84,7200,365923.81
2022/07/07,1113,50.90,50.95,50.85,50.87,5000,254522.30
2022/07/07,1114,50.85,50.85,50.83,50.83,7600,386343.59
2022/07/07,1115,50.77,50.77,50.75,50.76,10400,527444.25
2022/07/07,1116,50.76,50.80,50.76,50.77,7100,360608.00
2022/07/07,1117,50.80,50.80,50.67,50.70,12600,641267.81
2022/07/07,1118,50.66,50.70,50.62,50.65,15600,785854.88
2022/07/07,1119,50.66,50.72,50.66,50.66,11700,596673.44
2022/07/07,1120,50.66,50.94,50.66,50.77,5200,263073.94
2022/07/07,1121,50.77,50.93,50.77,50.93,5500,277910.91
2022/07/07,1122,50.93,50.95,50.93,50.94,8900,453322.00
2022/07/07,1123,50.94,50.98,50.90,50.98,9700,496409.06
2022/07/07,1124,50.98,51.00,50.93,50.93,12500,635112.56
2022/07/07,1125,50.93,50.93,50.80,50.80,8000,406591.00
2022/07/07,1126,50.77,50.77,50.68,50.68,9900,503550.50
2022/07/07,1127,50.68,50.68,50.60,50.61,23500,1186517.00
2022/07/07,1128,50.61,50.66,50.61,50.66,9400,475979.28
2022/07/07,1129,50.62,50.71,50.62,50.71,9100,462207.88
2022/07/07,1130,50.83,50.94,50.70,50.94,7600,386163.88
2022/07/07,1301,50.99,51.01,50.99,51.01,19800,1009463.56
2022/07/07,1302,51.05,51.10,51.05,51.10,4300,217945.59
2022/07/07,1303,51.15,51.30,51.11,51.27,7600,389173.00
2022/07/07,1304,51.22,51.22,50.99,50.99,9100,466728.41
2022/07/07,1305,50.89,50.89,50.88,50.88,9900,503741.00
2022/07/07,1306,50.85,50.85,50.67,50.68,6800,343568.25
2022/07/07,1307,50.83,50.83,50.68,50.70,5400,273855.00
2022/07/07,1308,50.72,50.72,50.70,50.72,12000,610043.69
2022/07/07,1309,50.73,50.73,50.71,50.72,10500,531142.13
2022/07/07,1310,50.72,50.80,50.71,50.80,7700,394214.69
2022/07/07,1311,50.70,50.80,50.70,50.70,11200,568776.00
2022/07/07,1312,50.74,50.81,50.72,50.78,9600,487112.28
2022/07/07,1313,50.72,50.72,50.70,50.71,4500,224218.91
2022/07/07,1314,50.78,50.78,50.67,50.67,11600,588115.31
2022/07/07,1315,50.67,50.69,50.61,50.61,9400,476416.38
2022/07/07,1316,50.62,50.67,50.50,50.51,25000,1263933.88
2022/07/07,1317,50.51,50.51,50.39,50.39,22500,1139004.00
2022/07/07,1318,50.39,50.39,50.21,50.21,21000,1054699.38
2022/07/07,1319,50.20,50.21,50.16,50.21,41300,2069580.25
2022/07/07,1320,50.20,50.50,50.20,50.50,11200,563784.00
2022/07/07,1321,50.50,50.50,50.30,50.47,10600,536001.19
2022/07/07,1322,50.37,50.47,50.36,50.44,4700,235507.92
2022/07/07,1323,50.44,50.44,50.36,50.37,7800,393930.47
2022/07/07,1324,50.37,50.37,50.28,50.28,9200,462012.53
2022/07/07,1325,50.25,50.28,50.18,50.18,24900,1250853.00
2022/07/07,1326,50.18,50.18,50.01,50.07,58700,2942662.50
2022/07/07,1327,50.07,50.07,50.00,50.02,28400,1418063.13
2022/07/07,1328,50.05,50.09,50.05,50.09,15300,770330.13
2022/07/07,1329,50.09,50.36,50.09,50.28,17500,875543.06
2022/07/07,1330,50.36,50.50,50.36,50.50,6600,334063.72
2022/07/07,1331,50.60,50.70,50.60,50.70,18000,912155.50
2022/07/07,1332,50.60,50.60,50.40,50.40,14400,727538.00
2022/07/07,1333,50.30,50.30,50.17,50.18,16900,844908.13
2022/07/07,1334,50.30,50.45,50.18,50.31,8000,402300.81
2022/07/07,1335,50.39,50.40,50.30,50.40,5300,269813.00
2022/07/07,1336,50.40,50.40,50.35,50.39,6000,302340.00
2022/07/07,1337,50.39,50.43,50.39,50.40,7400,373411.19
2022/07/07,1338,50.42,50.44,50.40,50.42,7800,393235.00
2022/07/07,1339,50.40,50.42,50.40,50.41,9600,483961.00
2022/07/07,1340,50.41,50.41,50.31,50.31,14800,745000.06
2022/07/07,1341,50.31,50.31,50.19,50.20,22300,1117667.00
2022/07/07,1342,50.20,50.21,50.20,50.21,16200,816378.88
2022/07/07,1343,50.21,50.26,50.21,50.25,7900,396789.00
2022/07/07,1344,50.26,50.28,50.26,50.28,13800,690584.88
2022/07/07,1345,50.28,50.32,50.27,50.32,12200,617940.38
2022/07/07,1346,50.29,50.32,50.26,50.29,18600,934828.63
2022/07/07,1347,50.29,50.30,50.29,50.30,12400,620842.44
2022/07/07,1348,50.30,50.36,50.30,50.33,4400,221430.00
2022/07/07,1349,50.33,50.37,50.33,50.37,7500,377651.00
2022/07/07,1350,50.38,50.46,50.38,50.46,7800,392938.06
2022/07/07,1351,50.42,50.50,50.42,50.49,8000,403819.28
2022/07/07,1352,50.49,50.50,50.48,50.50,5000,256134.28
2022/07/07,1353,50.54,50.55,50.40,50.49,20600,1035400.88
2022/07/07,1354,50.49,50.51,50.35,50.35,10100,510136.88
2022/07/07,1355,50.40,50.40,50.35,50.35,9900,500882.13
2022/07/07,1356,50.35,50.39,50.33,50.39,9700,488304.66
2022/07/07,1357,50.36,50.39,50.31,50.36,10400,523524.19
2022/07/07,1358,50.32,50.36,50.30,50.30,18200,915895.19
2022/07/07,1359,50.31,50.31,50.26,50.30,10100,507981.00
2022/07/07,1400,50.30,50.30,50.28,50.28,7800,393064.81
2022/07/07,1401,50.27,50.28,50.25,50.25,10000,499820.75
2022/07/07,1402,50.26,50.26,50.22,50.24,5900,297791.53
2022/07/07,1403,50.24,50.26,50.24,50.26,6400,323018.66
2022/07/07,1404,50.20,50.25,50.16,50.16,20000,1001466.31
2022/07/07,1405,50.16,50.16,50.08,50.08,18700,937108.00
2022/07/07,1406,50.08,50.08,49.90,49.96,69600,3483905.50
2022/07/07,1407,49.87,49.87,49.77,49.81,32600,1619981.88
2022/07/07,1408,49.80,49.99,49.80,49.99,23200,1156514.88
2022/07/07,1409,50.00,50.00,49.99,50.00,17100,858535.88
2022/07/07,1410,50.00,50.04,49.85,49.86,29400,1468524.50
2022/07/07,1411,49.85,49.85,49.60,49.60,40600,2019494.63
2022/07/07,1412,49.57,49.57,49.30,49.34,50100,2475750.00
2022/07/07,1413,49.40,49.51,49.38,49.51,33800,1672154.75
2022/07/07,1414,49.51,49.55,49.51,49.51,28300,1400214.63
2022/07/07,1415,49.52,49.55,49.51,49.53,27900,1379165.50
2022/07/07,1416,49.52,49.55,49.51,49.53,32100,1591773.25
2022/07/07,1417,49.54,49.54,49.36,49.36,22200,1098600.00
2022/07/07,1418,49.36,49.36,49.21,49.28,31600,1558098.00
2022/07/07,1419,49.28,49.28,49.03,49.04,46700,2295406.00
2022/07/07,1420,49.04,49.10,49.00,49.10,53500,2619703.25
2022/07/07,1421,49.04,49.11,49.02,49.05,30600,1501786.00
2022/07/07,1422,49.10,49.20,49.06,49.19,28900,1419842.00
2022/07/07,1423,49.19,49.33,49.19,49.31,11200,553162.63
2022/07/07,1424,49.35,49.50,49.33,49.50,12100,598121.00
2022/07/07,1425,49.52,49.60,49.51,49.59,11400,566494.69
2022/07/07,1426,49.55,49.60,49.45,49.45,21000,1038609.25
2022/07/07,1427,49.46,49.46,49.18,49.19,16000,789510.00
2022/07/07,1428,49.18,49.20,49.13,49.15,10400,511346.00
2022/07/07,1429,49.18,49.24,49.18,49.22,20400,1003321.00
2022/07/07,1430,49.24,49.36,49.24,49.36,4500,221792.00
2022/07/07,1431,49.31,49.36,49.31,49.35,10800,531912.50
2022/07/07,1432,49.32,49.38,49.30,49.38,11100,551348.31
2022/07/07,1433,49.33,49.37,49.32,49.35,9500,467291.03
2022/07/07,1434,49.35,49.40,49.35,49.40,20300,1002427.00
2022/07/07,1435,49.41,49.50,49.41,49.41,17700,875483.25
2022/07/07,1436,49.49,49.50,49.40,49.40,15000,741435.00
2022/07/07,1437,49.40,49.40,49.20,49.20,14800,729652.00
2022/07/07,1438,49.20,49.21,49.15,49.18,19300,951515.56
2022/07/07,1439,49.18,49.20,49.18,49.19,23500,1155815.50
2022/07/07,1440,49.18,49.20,49.18,49.19,29000,1426404.00
2022/07/07,1441,49.20,49.22,49.19,49.21,21700,1067175.00
2022/07/07,1442,49.21,49.24,49.20,49.24,18500,910456.00
2022/07/07,1443,49.23,49.24,49.20,49.21,15900,782942.13
2022/07/07,1444,49.21,49.21,49.16,49.16,21800,1072294.00
2022/07/07,1445,49.16,49.16,49.10,49.10,33200,1630199.00
2022/07/07,1446,49.08,49.08,49.02,49.04,40800,1997988.00
2022/07/07,1447,49.04,49.07,49.03,49.06,34200,1679811.00
2022/07/07,1448,49.07,49.16,49.07,49.15,29300,1437872.25
2022/07/07,1449,49.16,49.21,49.15,49.20,39500,1941498.50
2022/07/07,1450,49.20,49.20,49.16,49.17,35400,1741029.00
2022/07/07,1451,49.20,49.20,49.11,49.11,41200,2026877.75
2022/07/07,1452,49.11,49.11,49.05,49.05,39800,1954221.00
2022/07/07,1453,49.05,49.06,49.01,49.01,33900,1661501.00
2022/07/07,1454,49.03,49.03,49.00,49.00,65400,3203216.50
2022/07/07,1455,49.00,49.00,48.90,48.92,44000,2155667.25
2022/07/07,1456,48.93,49.00,48.91,49.00,78100,3824667.00
2022/07/07,1457,49.01,49.10,49.00,49.10,42100,2061706.63
2022/07/07,1458,49.10,49.10,49.10,49.10,3500,171850.00
2022/07/07,1459,49.10,49.10,49.10,49.10,0,0.00
2022/07/07,1500,49.10,49.10,49.10,49.10,67700,3328390.75
2022/07/08,0931,47.15,47.68,47.00,47.45,287300,13565267.00
2022/07/08,0932,47.44,47.45,47.23,47.23,124800,5914065.00
2022/07/08,0933,47.24,47.24,46.95,47.00,180200,8486363.00
2022/07/08,0934,47.00,47.30,46.93,47.23,109500,5151479.00
2022/07/08,0935,47.30,47.97,47.30,47.90,57700,2746833.00
2022/07/08,0936,47.77,47.99,47.77,47.95,54000,2586694.50
2022/07/08,0937,47.96,48.30,47.95,48.18,56300,2706948.50
2022/07/08,0938,48.11,48.11,47.71,47.71,28100,1344657.63
2022/07/08,0939,47.71,47.90,47.59,47.80,47900,2282039.50
2022/07/08,0940,47.91,49.00,47.91,49.00,57800,2805748.75
2022/07/08,0941,49.10,49.25,49.00,49.13,81400,3999708.50
2022/07/08,0942,49.15,49.19,49.00,49.10,72800,3577558.00
2022/07/08,0943,49.00,49.09,48.65,48.65,24600,1200951.00
2022/07/08,0944,48.65,48.99,48.65,48.99,13200,646491.31
2022/07/08,0945,49.00,49.19,48.99,49.19,24800,1219008.13
2022/07/08,0946,49.16,49.62,49.16,49.50,52000,2566332.00
2022/07/08,0947,49.61,49.72,49.43,49.43,89100,4417384.50
2022/07/08,0948,49.43,49.45,49.33,49.40,36500,1805711.63
2022/07/08,0949,49.40,49.49,49.30,49.35,26100,1286881.50
2022/07/08,0950,49.38,49.38,49.04,49.04,11900,587852.25
2022/07/08,0951,49.00,49.00,48.65,48.99,25200,1230271.63
2022/07/08,0952,48.92,49.00,48.70,48.71,15300,749340.44
2022/07/08,0953,48.98,48.99,48.80,48.94,8600,421219.50
2022/07/08,0954,48.94,48.95,48.76,48.76,11200,546810.00
2022/07/08,0955,48.75,48.75,48.70,48.72,15500,755315.88
2022/07/08,0956,48.68,48.68,48.50,48.50,24900,1209799.00
2022/07/08,0957,48.50,48.50,48.25,48.29,15400,740974.94
2022/07/08,0958,48.30,48.57,48.30,48.50,29300,1420594.38
2022/07/08,0959,48.57,48.62,48.54,48.57,22400,1088298.00
2022/07/08,1000,48.51,48.51,48.25,48.25,17700,856266.00
2022/07/08,1001,48.25,48.33,48.21,48.33,31500,1518113.50
2022/07/08,1002,48.26,48.30,48.25,48.29,20800,1006384.06
2022/07/08,1003,48.28,48.28,48.19,48.19,18300,880554.00
2022/07/08,1004,48.18,48.18,47.91,47.91,31000,1489029.50
2022/07/08,1005,47.91,48.01,47.91,48.01,21600,1037304.06
2022/07/08,1006,48.01,48.25,48.00,48.25,21200,1019924.50
2022/07/08,1007,48.26,48.60,48.26,48.59,32100,1549445.13
2022/07/08,1008,48.58,48.58,48.30,48.30,13700,662478.00
2022/07/08,1009,48.30,48.30,48.25,48.26,13900,668288.63
2022/07/08,1010,48.25,48.31,48.12,48.12,14300,689676.38
2022/07/08,1011,48.12,48.12,47.95,47.95,27900,1344979.88
2022/07/08,1012,48.11,48.12,48.01,48.03,14500,694313.38
2022/07/08,1013,48.12,48.32,48.01,48.03,20600,991660.50
2022/07/08,1014,48.32,48.59,48.31,48.57,10400,502828.06
2022/07/08,1015,48.56,49.30,48.56,49.30,27200,1337872.13
2022/07/08,1016,49.35,49.50,49.02,49.24,37200,1833973.00
2022/07/08,1017,49.24,49.30,49.24,49.24,31400,1546201.63
2022/07/08,1018,49.25,49.30,49.07,49.24,23700,1168027.38
2022/07/08,1019,49.12,49.13,49.05,49.05,3900,191467.72
2022/07/08,1020,49.05,49.05,49.00,49.00,15200,745221.00
2022/07/08,1021,48.89,48.89,48.73,48.73,1800,84373.92
2022/07/08,1022,48.70,48.70,48.62,48.62,7500,364665.06
2022/07/08,1023,48.62,48.73,48.61,48.72,3900,193800.02
2022/07/08,1024,48.65,48.80,48.65,48.68,7200,346852.09
2022/07/08,1025,48.68,49.00,48.68,49.00,3700,181027.84
2022/07/08,1026,49.06,49.06,48.66,48.68,8600,421840.00
2022/07/08,1027,48.68,48.80,48.65,48.65,8100,393165.63
2022/07/08,1028,48.69,48.70,48.65,48.70,3000,146264.69
2022/07/08,1029,48.70,48.88,48.70,48.81,3900,190273.00
2022/07/08,1030,48.81,49.07,48.81,49.07,4400,214170.08
2022/07/08,1031,49.05,49.05,48.91,49.00,4400,217649.00
2022/07/08,1032,49.05,49.05,49.00,49.00,3000,144978.91
2022/07/08,1033,49.04,49.04,48.92,48.93,9000,440927.00
2022/07/08,1034,48.92,48.92,48.70,48.87,12700,620068.00
2022/07/08,1035,48.70,48.73,48.68,48.68,3700,180170.00
2022/07/08,1036,48.68,48.68,48.63,48.63,2500,122102.50
2022/07/08,1037,48.64,48.66,48.61,48.62,5500,267484.00
2022/07/08,1038,48.62,48.62,48.61,48.61,9800,477289.97
2022/07/08,1039,48.61,48.67,48.61,48.67,4400,212613.53
2022/07/08,1040,48.67,48.67,48.58,48.58,14800,719226.00
2022/07/08,1041,48.58,48.58,48.35,48.36,4600,222639.00
2022/07/08,1042,48.28,48.28,48.20,48.20,14800,714455.00
2022/07/08,1043,48.20,48.40,48.20,48.40,6900,336495.09
2022/07/08,1044,48.56,48.56,48.40,48.40,2900,138347.80
2022/07/08,1045,48.40,48.41,48.25,48.28,5100,248497.20
2022/07/08,1046,48.25,48.25,48.21,48.22,16300,785156.69
2022/07/08,1047,48.22,48.25,48.21,48.23,4500,217794.53
2022/07/08,1048,48.24,48.30,48.22,48.29,4500,217918.44
2022/07/08,1049,48.28,48.55,48.28,48.55,1800,85015.96
2022/07/08,1050,48.55,48.58,48.40,48.55,2400,116470.00
2022/07/08,1051,48.53,48.53,48.31,48.31,4800,232063.00
2022/07/08,1052,48.35,48.51,48.35,48.36,700,32508.92
2022/07/08,1053,48.52,48.52,48.50,48.50,5000,242544.00
2022/07/08,1054,48.50,48.51,48.40,48.50,5200,252138.00
2022/07/08,1055,48.50,48.50,48.35,48.35,7600,367912.84
2022/07/08,1056,48.35,48.35,48.30,48.30,4100,199403.80
2022/07/08,1057,48.30,48.32,48.30,48.32,12900,621806.06
2022/07/08,1058,48.32,48.36,48.32,48.36,3000,145030.00
2022/07/08,1059,48.36,48.39,48.32,48.39,6400,309418.00
2022/07/08,1100,48.38,48.38,48.31,48.31,2400,115985.44
2022/07/08,1101,48.32,48.32,48.21,48.21,11900,573640.75
2022/07/08,1102,48.21,48.21,48.08,48.14,7900,380201.44
2022/07/08,1103,48.08,48.11,48.08,48.10,15500,745518.38
2022/07/08,1104,48.19,48.20,48.11,48.20,10300,495725.56
2022/07/08,1105,48.12,48.25,48.12,48.25,9000,433663.44
2022/07/08,1106,48.15,48.17,48.14,48.17,6200,298540.00
2022/07/08,1107,48.16,48.20,48.16,48.20,6600,317965.00
2022/07/08,1108,48.20,48.22,48.18,48.18,5800,279547.00
2022/07/08,1109,48.18,48.18,48.12,48.12,5000,240776.00
2022/07/08,1110,48.12,48.12,48.01,48.01,14100,678974.06
2022/07/08,1111,48.01,48.01,47.94,47.98,26500,1274466.25
2022/07/08,1112,47.98,48.00,47.95,48.00,8400,402982.38
2022/07/08,1113,48.00,48.03,48.00,48.01,10000,476205.53
2022/07/08,1114,47.98,48.03,47.98,48.00,4700,229045.88
2022/07/08,1115,48.03,48.11,48.03,48.11,5100,243786.92
2022/07/08,1116,48.12,48.12,48.05,48.05,4600,222584.92
2022/07/08,1117,48.05,48.05,48.00,48.01,9400,450002.00
2022/07/08,1118,48.04,48.12,48.01,48.05,1900,91343.00
2022/07/08,1119,48.03,48.10,48.03,48.10,3200,153775.00
2022/07/08,1120,48.09,48.09,48.02,48.05,4600,221018.00
2022/07/08,1121,48.05,48.05,48.02,48.05,7500,360359.00
2022/07/08,1122,48.05,48.06,48.02,48.06,2600,125658.18
2022/07/08,1123,48.06,48.07,48.06,48.07,1300,62484.00
2022/07/08,1124,48.06,48.08,48.06,48.08,3500,166896.31
2022/07/08,1125,48.07,48.10,48.07,48.10,1100,52890.00
2022/07/08,1126,48.08,48.10,48.08,48.10,2500,120220.00
2022/07/08,1127,48.20,48.22,48.11,48.11,1100,53012.00
2022/07/08,1128,48.19,48.22,48.12,48.20,3200,154171.00
2022/07/08,1129,48.22,48.29,48.22,48.29,8200,395517.25
2022/07/08,1130,48.29,48.30,48.28,48.28,1800,86920.00
2022/07/08,1301,48.26,48.29,48.20,48.20,3600,173716.00
2022/07/08,1302,48.19,48.19,48.10,48.10,600,28880.00
2022/07/08,1303,48.08,48.08,48.05,48.05,7900,381085.41
2022/07/08,1304,48.03,48.03,47.96,47.96,9400,451211.56
2022/07/08,1305,47.96,47.96,47.90,47.90,6800,325895.00
2022/07/08,1306,47.90,47.90,47.85,47.85,9800,469231.00
2022/07/08,1307,47.81,47.81,47.67,47.67,17800,850155.25
2022/07/08,1308,47.67,47.67,47.56,47.60,24800,1181064.88
2022/07/08,1309,47.60,47.80,47.60,47.67,3700,176281.95
2022/07/08,1310,47.68,47.79,47.66,47.67,12300,586561.69
2022/07/08,1311,47.67,48.00,47.67,47.99,13400,639899.00
2022/07/08,1312,47.99,47.99,47.74,47.74,2200,105126.00
2022/07/08,1313,47.74,47.75,47.73,47.73,4300,205302.00
2022/07/08,1314,47.72,47.73,47.71,47.71,7500,357889.00
2022/07/08,1315,47.71,47.73,47.66,47.68,14900,712412.38
2022/07/08,1316,47.70,47.80,47.70,47.80,12300,587555.88
2022/07/08,1317,47.80,48.00,47.80,47.99,2200,105433.00
2022/07/08,1318,47.99,47.99,47.82,47.89,4400,207421.94
2022/07/08,1319,47.83,48.00,47.83,47.89,8600,412626.22
2022/07/08,1320,48.05,48.07,48.05,48.07,4300,206439.11
2022/07/08,1321,48.05,48.05,47.90,47.90,1500,71985.00
2022/07/08,1322,47.90,48.08,47.90,48.05,11900,571690.75
2022/07/08,1323,48.05,48.06,48.05,48.05,4700,225837.00
2022/07/08,1324,48.05,48.05,47.96,47.96,2900,139265.00
2022/07/08,1325,47.93,48.00,47.92,48.00,2400,115106.00
2022/07/08,1326,47.96,47.96,47.91,47.91,2000,95855.00
2022/07/08,1327,47.92,47.92,47.81,47.81,7900,380376.81
2022/07/08,1328,47.72,47.72,47.63,47.65,9700,461661.13
2022/07/08,1329,47.65,47.80,47.65,47.70,9700,462929.00
2022/07/08,1330,47.68,47.92,47.68,47.89,4500,213838.59
2022/07/08,1331,47.92,47.92,47.80,47.80,4000,191452.00
2022/07/08,1332,47.70,47.80,47.69,47.79,4300,205317.00
2022/07/08,1333,47.80,47.91,47.79,47.91,3400,162532.00
2022/07/08,1334,47.91,47.92,47.79,47.79,7600,365258.44
2022/07/08,1335,47.79,47.91,47.79,47.90,3200,153090.00
2022/07/08,1336,47.89,47.89,47.80,47.80,3800,181693.00
2022/07/08,1337,47.88,47.88,47.79,47.79,12000,572055.56
2022/07/08,1338,47.73,47.73,47.70,47.70,2600,124079.00
2022/07/08,1339,47.70,47.72,47.69,47.69,3900,186032.00
2022/07/08,1340,47.69,47.69,47.67,47.69,3100,147817.00
2022/07/08,1341,47.69,47.72,47.64,47.64,6200,296086.25
2022/07/08,1342,47.64,47.66,47.60,47.60,13100,623802.00
2022/07/08,1343,47.60,47.60,47.48,47.48,21000,998133.00
2022/07/08,1344,47.47,47.47,47.41,47.41,9700,460186.00
2022/07/08,1345,47.41,47.43,47.38,47.41,10200,483518.00
2022/07/08,1346,47.40,47.45,47.39,47.43,20700,980724.13
2022/07/08,1347,47.43,47.43,47.30,47.30,25200,1194399.38
2022/07/08,1348,47.28,47.39,47.28,47.39,7400,349791.06
2022/07/08,1349,47.39,47.41,47.36,47.40,11900,563704.00
2022/07/08,1350,47.40,47.53,47.40,47.53,7400,348964.88
2022/07/08,1351,47.55,47.89,47.55,47.89,3700,176532.41
2022/07/08,1352,47.66,47.87,47.66,47.85,1400,66871.00
2022/07/08,1353,47.74,47.74,47.74,47.74,1400,66836.00
2022/07/08,1354,47.83,48.00,47.76,48.00,12800,616713.50
2022/07/08,1355,48.00,48.17,48.00,48.17,7400,355284.75
2022/07/08,1356,48.16,48.16,47.90,47.90,8100,386291.00
2022/07/08,1357,47.98,47.98,47.75,47.75,6500,312737.38
2022/07/08,1358,47.90,47.90,47.81,47.81,1400,67820.58
2022/07/08,1359,47.89,47.89,47.81,47.82,1600,76553.00
2022/07/08,1400,47.82,47.89,47.81,47.81,3300,157859.00
2022/07/08,1401,47.81,47.87,47.75,47.75,8100,386403.44
2022/07/08,1402,47.75,47.75,47.68,47.68,11900,567624.50
2022/07/08,1403,47.71,47.71,47.60,47.60,7100,338263.00
2022/07/08,1404,47.58,47.60,47.44,47.44,7800,370805.00
2022/07/08,1405,47.44,47.63,47.40,47.63,11600,552919.00
2022/07/08,1406,47.63,47.66,47.61,47.63,6900,329362.53
2022/07/08,1407,47.60,47.62,47.60,47.62,6200,294030.19
2022/07/08,1408,47.63,47.63,47.50,47.60,11400,542744.81
2022/07/08,1409,47.58,47.58,47.50,47.50,7800,370632.00
2022/07/08,1410,47.50,47.50,47.47,47.47,7800,368991.72
2022/07/08,1411,47.47,47.49,47.45,47.46,8700,415106.88
2022/07/08,1412,47.51,47.55,47.51,47.55,1800,85582.00
2022/07/08,1413,47.57,47.58,47.56,47.58,2100,99900.00
2022/07/08,1414,47.58,47.58,47.51,47.56,9000,428053.00
2022/07/08,1415,47.50,47.50,47.47,47.47,5600,265899.00
2022/07/08,1416,47.47,47.48,47.40,47.48,14300,676130.44
2022/07/08,1417,47.48,47.48,47.43,47.45,7500,355706.00
2022/07/08,1418,47.45,47.48,47.44,47.46,8200,387811.69
2022/07/08,1419,47.48,47.55,47.48,47.54,1900,90299.00
2022/07/08,1420,47.54,47.54,47.53,47.54,3500,169166.89
2022/07/08,1421,47.50,47.50,47.36,47.36,25200,1193530.75
2022/07/08,1422,47.38,47.38,47.22,47.22,23200,1097731.00
2022/07/08,1423,47.23,47.25,47.21,47.25,22300,1052980.00
2022/07/08,1424,47.27,47.34,47.26,47.33,3400,158729.81
2022/07/08,1425,47.34,47.38,47.33,47.38,6700,320609.75
2022/07/08,1426,47.40,47.40,47.26,47.27,11300,534446.00
2022/07/08,1427,47.27,47.30,47.20,47.28,21900,1034651.00
2022/07/08,1428,47.23,47.28,47.21,47.26,9300,439266.00
2022/07/08,1429,47.28,47.30,47.26,47.28,9000,425514.00
2022/07/08,1430,47.28,47.28,47.25,47.26,9700,457431.53
2022/07/08,1431,47.26,47.28,47.23,47.23,8100,383724.47
2022/07/08,1432,47.23,47.23,47.21,47.23,16500,775767.38
2022/07/08,1433,47.22,47.25,47.22,47.25,16600,785871.63
2022/07/08,1434,47.24,47.33,47.24,47.33,14000,659810.44
2022/07/08,1435,47.33,47.54,47.33,47.38,8800,417561.00
2022/07/08,1436,47.54,47.59,47.53,47.54,11100,527927.38
2022/07/08,1437,47.56,47.56,47.53,47.56,12800,608781.56
2022/07/08,1438,47.55,47.60,47.55,47.58,12500,597923.31
2022/07/08,1439,47.56,47.56,47.39,47.39,8600,408765.00
2022/07/08,1440,47.39,47.39,47.34,47.34,5600,265134.00
2022/07/08,1441,47.32,47.32,47.25,47.25,12700,600274.13
2022/07/08,1442,47.25,47.27,47.25,47.25,19800,935690.00
2022/07/08,1443,47.25,47.26,47.24,47.25,11000,516766.25
2022/07/08,1444,47.26,47.26,47.23,47.24,14400,683250.00
2022/07/08,1445,47.23,47.25,47.22,47.24,28800,1356821.13
2022/07/08,1446,47.23,47.24,47.22,47.23,11400,538426.00
2022/07/08,1447,47.23,47.24,47.23,47.23,11900,562050.00
2022/07/08,1448,47.24,47.24,47.17,47.17,65500,3094707.75
2022/07/08,1449,47.16,47.16,47.02,47.03,32100,1512718.13
2022/07/08,1450,47.03,47.03,47.00,47.00,46200,2170938.00
2022/07/08,1451,46.99,46.99,46.91,46.93,44500,2089448.00
2022/07/08,1452,46.93,46.98,46.91,46.98,40100,1881232.13
2022/07/08,1453,46.99,47.12,46.99,47.12,16700,787619.00
2022/07/08,1454,47.14,47.20,47.14,47.18,24700,1165074.00
2022/07/08,1455,47.20,47.20,47.04,47.18,59300,2798442.50
2022/07/08,1456,47.03,47.17,47.03,47.10,16900,794157.63
2022/07/08,1457,47.15,47.16,47.10,47.14,52000,2449031.00
2022/07/08,1458,47.14,47.14,47.14,47.14,1200,56568.00
2022/07/08,1459,47.14,47.14,47.14,47.14,0,0.00
2022/07/08,1500,47.15,47.15,47.15,47.15,56800,2678120.00
数据来源:通达信
